0 0 0 0 0 0 0 0 0 0 0 0 0 0 0 11 0 0 0 0 0 0 0 0 0 0 0 0 20 25 33 10 5 28 33 26 28 37 51 45 33 12 0 0 0 0 0 3 11 11 11 9 0 0 6 9 0 0 0 0 0 0 0 0 0 0 0 0 0 0 0 0 0 3 1 0 0 0 0 0 0 2 0 0 0 0 0 6 0 0 0 5 0 0 4 13 9 5 0 31 33 27 42 34 11 0 0 5 31 32 21 35 41 70 57 51 63 66 61 66 66 55 35 28 30 28 17 0 0 0 4 9 0 0 13 46 33 35 25 0 0 0 2 0 0 0 0 0 0 8 11 7 10 0 0 0 8 51 28 1
0 24 84 91 75 73 76 81 77 75 75 77 79 77 84 101 83 79 71 75 80 86 89 73 85 34 0 28 127 129 118 95 102 119 117 119 128 136 147 141 131 108 100 87 80 79 75 79 104 97 99 105 0 0 93 102 79 84 89 72 79 79 77 79 82 79 84 75 72 77 75 82 85 90 95 97 88 90 49 0 0 76 75 84 84 76 70 95 82 92 90 100 87 78 102 108 100 93 76 114 111 111 130 125 105 12 0 0 112 141 127 123 131 154 142 148 158 148 145 158 159 143 122 125 128 117 109 92 68 80 95 84 0 0 34 119 129 128 125 90 80 83 87 68 71 73 78 82 87 100 102 90 84 71 71 84 110 144 64 6
2 82 183 210 190 194 205 194 200 193 183 186 200 196 189 196 202 189 173 174 181 193 211 197 210 97 0 59 221 210 183 184 196 186 168 173 190 187 184 180 205 187 196 204 204 203 191 184 200 193 185 213 12 0 182 206 196 193 207 186 196 200 200 203 204 200 207 197 197 204 197 193 180 176 185 194 174 197 139 0 8 152 205 210 200 194 180 187 179 200 200 203 186 176 200 200 189 181 164 174 164 177 194 191 200 32 0 12 155 197 186 199 180 177 177 194 197 170 177 194 194 177 170 193 200 180 187 197 185 180 184 169 0 0 55 198 187 184 200 196 204 193 203 196 171 186 200 193 186 198 197 177 179 167 175 195 207 213 91 10
52 141 189 199 187 197 200 170 180 176 160 164 190 188 171 174 193 176 157 157 163 175 197 194 197 122 0 35 183 182 161 176 190 174 151 161 189 187 179 183 186 166 176 187 187 190 179 166 183 196 168 196 9 0 158 189 190 176 193 173 183 190 190 193 197 183 183 194 197 194 190 187 185 187 187 191 160 195 176 17 9 157 196 195 190 200 187 186 177 190 190 190 177 164 180 183 194 183 174 162 155 178 183 173 190 32 0 75 168 194 154 191 181 165 178 198 191 162 174 188 190 177 167 194 197 174 176 196 197 167 167 176 1 0 51 205 194 183 187 194 197 170 180 186 160 179 198 178 165 181 183 160 165 161 171 184 192 207 106 26
60 170 195 204 186 188 200 177 179 186 166 163 196 197 177 177 199 179 158 158 161 174 196 195 198 135 0 18 167 204 171 174 195 186 166 167 196 200 182 190 208 177 182 193 193 192 180 161 186 201 172 191 13 0 147 186 192 169 192 172 179 192 189 186 196 189 193 199 193 189 196 189 174 196 188 194 159 176 185 50 35 182 192 198 199 195 182 191 196 196 196 199 189 173 179 196 200 189 186 163 169 192 186 171 187 27 0 68 167 201 154 201 182 162 192 199 192 166 185 192 196 189 176 192 199 176 179 193 201 171 178 191 33 0 55 218 196 193 188 195 203 176 196 203 151 170 203 182 166 196 194 164 157 158 174 194 200 218 130 41
28 164 184 201 193 189 198 188 186 200 173 164 200 203 179 183 204 180 154 157 160 176 197 198 217 128 0 15 165 210 163 179 201 202 187 178 197 199 176 184 208 172 184 197 200 204 190 166 189 191 184 183 4 0 137 187 197 173 204 180 180 200 197 180 160 190 204 186 167 180 204 186 180 206 190 193 164 180 187 76 45 190 194 203 203 174 160 173 197 197 194 197 194 177 180 197 201 194 197 180 194 204 201 184 190 29 0 4 149 187 161 205 181 158 198 198 191 164 184 194 195 191 175 191 205 188 188 202 196 181 194 173 12 0 51 222 197 204 198 194 199 166 180 183 151 166 210 190 169 200 190 160 155 158 168 195 201 204 100 9
27 200 200 210 207 204 204 189 193 207 173 157 199 203 176 179 205 179 151 155 164 176 204 200 233 118 0 27 175 222 158 198 197 198 194 189 211 204 181 197 211 172 183 202 202 208 186 157 203 205 189 193 17 0 142 201 200 173 210 183 183 210 203 176 154 189 203 186 163 183 207 183 176 200 191 181 159 191 188 75 50 212 211 211 201 166 150 165 195 205 205 202 202 195 191 205 203 203 203 192 210 204 209 196 191 30 0 0 163 196 148 192 195 169 209 209 209 172 189 209 214 207 186 200 210 186 182 203 207 186 203 177 0 0 73 224 202 211 204 207 211 170 181 184 152 167 214 193 170 197 193 170 166 160 163 190 200 221 118 18
17 214 218 214 214 212 219 205 204 215 174 157 204 214 183 186 217 187 157 160 170 190 217 217 213 84 0 26 184 236 162 204 218 213 207 208 224 210 180 204 218 179 189 209 211 218 197 167 211 219 177 199 42 0 142 205 201 177 218 187 187 222 211 180 201 211 215 218 201 201 218 190 167 201 209 189 172 219 211 75 57 231 219 206 187 164 153 159 189 209 213 202 206 209 202 206 215 218 214 211 226 203 225 214 223 27 0 11 161 222 158 218 201 168 212 212 216 168 181 212 210 203 186 206 217 186 187 222 200 171 198 200 0 0 105 202 202 211 203 213 222 175 189 196 155 170 222 201 176 210 222 211 194 174 158 174 192 241 170 61
19 219 219 217 221 211 217 217 218 218 173 164 200 225 180 186 226 177 154 160 180 207 218 211 229 119 0 23 197 238 167 209 222 214 225 225 214 218 183 207 225 176 197 215 215 225 197 170 208 221 192 187 61 0 142 211 207 167 225 176 173 229 225 167 190 218 207 214 225 193 214 190 176 204 214 211 214 229 211 77 63 243 212 220 183 158 164 178 207 214 218 207 207 229 197 207 214 225 222 214 222 218 218 226 218 31 0 35 189 208 160 203 207 173 217 214 225 170 189 217 214 211 180 218 225 197 190 222 197 157 160 150 0 2 142 212 207 215 218 215 214 197 214 183 160 173 225 207 173 204 225 222 214 207 202 185 225 230 173 77
8 223 237 217 221 229 232 200 211 229 170 164 207 225 183 183 226 177 151 148 160 197 222 222 255 137 0 25 193 234 160 207 225 214 218 229 218 218 183 207 229 180 200 218 218 229 200 173 230 232 189 191 77 0 130 241 204 167 233 180 186 240 229 170 173 229 237 222 204 186 225 186 160 204 221 218 207 207 204 87 63 239 220 238 189 146 167 217 222 222 225 225 218 229 197 222 237 222 222 222 218 222 222 204 201 26 0 28 166 208 160 206 210 176 221 221 229 170 193 221 229 218 186 225 222 197 200 233 222 186 160 129 0 0 73 255 226 222 215 218 237 222 229 190 148 176 237 211 180 218 236 218 215 207 223 220 225 233 189 64
0 194 236 224 225 235 232 191 189 232 166 160 214 232 193 189 242 181 157 151 154 193 231 223 255 141 0 26 200 249 167 211 233 211 211 233 229 218 183 214 240 183 207 226 226 237 207 176 237 241 199 204 100 0 98 239 200 170 233 176 190 240 211 164 173 222 237 222 190 173 237 193 170 222 241 237 217 204 200 87 65 246 227 242 196 158 180 244 233 233 222 200 176 193 190 225 237 197 207 237 222 233 226 183 190 29 0 43 176 224 163 210 214 179 225 229 236 173 196 229 233 218 186 229 214 186 200 237 237 221 189 153 0 0 75 255 237 229 218 226 248 229 233 193 148 183 244 207 177 222 229 193 191 210 230 230 225 233 188 53
0 168 230 239 238 229 234 198 163 232 163 160 225 236 200 196 250 185 157 157 163 207 242 227 244 138 0 22 203 255 170 223 240 211 204 240 237 218 186 222 248 186 204 233 233 237 211 176 243 241 206 208 92 0 67 220 197 170 233 176 193 244 207 164 214 225 225 233 193 170 240 197 183 233 238 233 234 225 211 82 69 255 242 235 207 201 213 236 233 244 222 183 157 183 190 222 244 173 186 244 218 229 233 187 167 24 0 53 186 232 151 199 221 179 229 232 244 173 196 236 237 218 190 237 218 183 204 240 230 244 221 208 0 0 173 236 233 241 233 233 240 211 218 193 154 183 248 211 180 225 211 170 174 236 238 234 248 249 181 57
0 165 246 251 246 240 249 204 151 229 166 163 229 236 200 196 254 185 151 148 160 203 246 246 251 145 0 14 191 255 167 223 248 210 203 248 248 221 193 232 255 186 209 240 240 246 214 176 255 244 204 196 64 0 55 221 200 170 236 179 203 255 221 179 240 248 240 251 200 170 244 189 193 245 241 241 253 251 240 95 66 255 246 243 229 243 243 242 244 244 218 210 218 221 200 221 251 160 173 251 216 231 238 209 184 25 0 35 181 239 151 198 225 183 232 240 248 176 196 240 246 231 195 250 235 188 212 250 233 244 240 223 0 6 197 236 231 246 246 242 236 200 207 193 157 176 248 231 198 229 193 151 158 222 231 237 252 255 171 47
0 167 255 247 238 250 255 197 163 229 170 163 229 244 193 189 255 205 163 151 148 173 216 250 255 148 0 5 178 255 166 234 255 218 207 255 255 225 203 240 255 185 212 248 244 250 216 179 255 248 207 203 57 0 53 225 214 173 244 183 200 255 221 176 209 250 255 250 191 171 254 185 200 255 249 250 249 229 225 100 53 212 223 255 243 245 245 255 255 225 179 218 255 255 200 229 225 154 170 255 235 250 254 231 255 47 0 11 177 247 160 201 227 185 235 250 254 178 198 246 250 238 188 250 250 195 212 254 249 251 251 212 0 0 95 229 235 250 246 246 251 210 210 193 154 170 255 242 205 221 176 142 151 177 216 249 240 255 168 35
0 151 255 247 246 254 255 201 189 224 169 163 232 255 196 186 255 246 217 194 164 151 188 249 255 150 0 0 178 255 173 246 255 225 210 255 255 229 210 251 255 188 216 255 252 255 223 179 255 255 207 220 68 0 47 225 214 166 248 186 196 255 225 173 198 250 255 250 191 171 255 202 215 255 245 250 226 173 183 92 47 174 201 255 251 249 249 255 255 232 163 189 255 255 200 232 225 166 163 232 220 255 255 246 255 64 0 0 174 242 159 184 235 188 242 255 255 181 205 255 254 242 181 246 255 202 209 255 255 255 255 223 0 0 62 221 242 255 250 254 255 214 207 186 154 176 255 246 202 229 200 179 200 194 230 255 255 255 161 37
0 133 246 255 255 255 255 222 206 221 163 160 236 255 199 189 255 255 255 255 201 157 184 255 255 153 0 3 189 255 170 238 255 229 214 255 255 232 218 255 255 191 218 255 255 255 227 183 255 255 200 217 72 0 43 240 207 157 248 193 207 255 251 193 238 255 255 255 209 168 255 223 241 255 253 255 237 163 176 105 53 171 198 255 255 255 255 250 244 255 186 179 255 255 207 232 255 200 154 179 171 242 255 255 219 64 0 0 184 249 162 181 242 191 246 255 255 185 209 255 255 254 181 246 255 209 216 255 251 255 255 238 0 0 108 232 242 255 255 255 255 203 196 183 154 186 255 246 205 255 255 255 255 251 249 253 255 255 125 31
0 158 251 255 255 248 255 219 219 228 168 164 242 255 184 198 255 242 255 255 255 219 217 255 255 159 0 2 181 255 173 240 255 233 214 255 255 235 185 250 255 195 223 255 255 255 236 179 255 255 215 207 60 0 49 255 217 166 240 209 185 255 255 229 232 255 255 255 221 157 242 254 248 255 255 255 255 161 241 104 50 165 212 255 255 255 255 255 186 255 217 147 243 255 203 210 255 246 160 154 166 210 255 255 255 63 0 0 176 255 152 176 248 176 255 255 255 173 211 255 255 255 170 200 255 218 220 255 255 255 255 254 0 0 85 228 229 255 255 255 255 168 203 176 151 189 255 251 212 232 255 254 255 255 255 255 255 255 140 21
0 212 255 255 255 255 255 255 255 243 168 164 250 255 194 201 255 255 255 255 255 255 255 255 255 165 0 28 246 255 170 255 255 237 214 255 255 223 168 238 255 202 231 255 255 255 236 179 255 255 218 214 58 0 48 254 221 166 248 216 188 255 255 248 225 255 255 255 225 160 254 255 255 255 255 255 255 190 230 107 74 244 249 255 255 255 255 254 232 255 228 147 236 255 210 228 255 227 157 165 162 200 255 255 255 52 0 11 187 255 158 173 252 200 255 255 255 183 222 255 255 255 170 189 255 218 223 255 255 255 255 255 0 0 62 226 240 255 255 255 231 159 232 207 148 183 255 255 223 251 255 255 255 255 255 255 255 255 198 43
2 255 255 255 255 255 255 255 255 255 164 164 255 255 198 201 255 255 255 242 255 255 255 255 255 189 0 28 239 255 176 255 255 240 222 255 255 227 171 250 255 220 248 255 255 255 244 183 255 255 238 229 56 0 55 255 225 166 248 223 195 255 255 255 217 255 255 255 221 170 255 255 255 245 255 255 210 183 190 99 77 255 255 255 255 255 255 255 236 255 232 147 228 255 214 228 255 212 154 171 165 221 255 255 255 52 0 16 207 255 171 186 255 237 255 255 255 197 222 255 255 255 183 210 255 248 246 255 255 255 255 255 0 0 102 187 240 255 255 255 198 152 246 227 154 189 255 255 223 251 255 255 255 255 255 255 255 255 246 64
0 253 255 255 255 255 255 255 255 255 161 168 255 255 201 194 255 255 255 250 255 255 255 255 255 155 0 16 205 255 173 255 255 246 242 255 255 238 178 255 255 249 255 255 255 255 251 187 255 255 242 233 54 0 49 255 232 160 244 227 205 255 255 255 208 255 255 255 214 191 255 255 221 245 255 255 179 167 187 107 76 255 255 255 255 255 255 255 182 247 221 144 224 255 214 206 255 230 157 152 149 217 255 255 255 67 0 2 200 255 146 169 255 255 255 255 255 205 227 255 255 255 189 228 243 251 246 255 255 255 255 255 0 12 240 201 250 255 255 255 155 149 249 238 148 199 255 255 219 255 255 255 255 255 234 255 255 255 238 73
0 237 255 255 255 255 255 255 255 255 161 168 255 255 212 208 255 255 249 255 255 255 255 255 255 95 0 39 252 255 170 255 255 254 255 255 255 246 181 255 255 255 255 255 255 255 255 186 255 255 242 240 65 0 41 255 236 154 236 223 212 255 255 255 198 255 255 255 214 212 255 255 203 255 255 255 170 161 215 120 83 255 255 255 255 255 255 255 154 224 206 142 217 255 224 199 255 255 191 169 151 178 246 255 255 77 0 8 218 255 152 179 255 255 255 255 255 209 242 255 255 255 182 232 224 255 255 255 255 255 255 255 0 0 210 187 238 255 255 255 201 212 255 238 154 214 255 255 223 255 255 255 255 255 177 255 255 255 172 57
0 255 255 255 255 255 255 255 255 255 164 164 255 255 230 226 255 234 178 255 255 255 255 255 255 118 0 80 255 255 186 255 255 238 255 255 255 249 188 255 255 255 255 255 255 255 255 186 255 255 229 223 55 0 43 255 241 151 236 223 216 255 255 255 187 255 255 255 221 222 255 250 193 255 255 255 166 161 249 115 86 255 236 255 255 255 255 255 189 251 196 136 210 255 251 210 255 255 255 255 216 171 201 255 255 52 0 14 218 255 158 182 255 254 255 255 255 209 238 255 255 255 192 247 224 255 249 255 255 255 255 255 0 0 124 194 223 255 255 255 255 255 255 242 154 206 255 255 219 255 255 255 255 255 158 255 255 255 131 45
0 237 255 255 255 255 255 255 255 255 164 164 255 255 246 230 255 212 140 246 255 255 255 255 255 172 0 95 255 255 189 255 255 223 255 255 255 249 191 255 255 255 255 255 255 255 255 186 255 255 222 189 20 0 43 255 237 154 243 223 212 255 255 255 181 255 255 255 228 226 255 254 203 255 255 255 166 170 255 112 92 255 255 255 255 255 255 255 255 255 179 139 214 255 255 217 255 255 255 255 255 255 255 255 255 63 0 12 222 255 158 182 255 198 255 255 255 205 234 227 255 255 199 251 217 255 198 195 255 255 255 255 0 0 87 208 231 255 255 255 255 255 255 255 148 173 242 255 227 255 255 255 255 255 181 255 255 255 149 49
0 204 255 255 255 255 255 227 255 255 161 161 255 255 246 219 255 203 134 246 255 255 255 255 255 165 0 85 255 255 166 255 255 227 255 255 255 242 188 246 255 255 255 255 255 255 255 182 255 255 249 196 5 0 47 255 237 154 251 227 212 255 255 255 177 255 255 255 232 222 255 255 203 255 255 255 157 167 255 109 82 255 255 255 255 255 255 255 255 255 166 142 221 255 251 206 255 255 246 238 255 255 255 255 255 77 0 0 215 255 155 186 255 184 255 255 255 205 246 234 255 255 199 239 210 255 194 171 255 212 205 255 0 0 71 193 235 255 255 255 255 238 255 255 166 166 220 255 238 255 255 255 255 255 234 255 255 255 162 41
0 202 255 255 255 255 255 246 246 255 161 164 255 255 254 226 255 169 154 232 255 255 255 255 255 162 0 87 255 255 189 255 255 234 255 255 255 253 205 246 255 255 255 255 255 255 249 186 255 255 240 254 33 0 72 255 239 151 232 234 219 255 255 255 171 255 255 255 232 224 255 255 191 255 255 177 154 164 255 111 84 255 255 255 255 255 255 255 255 255 177 146 216 255 250 212 255 247 168 227 255 255 255 255 255 68 0 16 212 255 147 189 255 195 255 255 255 208 234 234 255 255 194 232 189 255 255 231 255 204 176 255 0 0 66 196 234 255 255 255 255 255 255 255 154 173 230 242 239 255 255 255 255 255 255 255 255 255 177 49
0 140 255 255 255 255 255 242 219 255 168 168 255 255 254 230 255 158 146 192 255 255 255 255 255 162 0 88 255 255 196 255 255 231 255 255 255 255 208 238 255 255 255 255 255 255 249 189 255 255 244 255 55 0 77 255 239 147 236 234 216 255 255 255 177 255 255 255 221 217 255 255 212 253 255 190 157 170 255 85 43 255 255 255 255 255 255 255 212 255 184 152 216 255 254 219 255 192 152 191 255 255 255 255 255 90 0 23 222 255 154 182 255 178 255 255 255 219 230 208 255 255 198 232 189 255 255 255 255 186 197 239 0 0 61 199 234 255 255 255 255 255 255 255 148 186 255 255 239 255 255 255 255 255 255 255 255 255 177 45
0 96 255 255 255 255 255 238 198 255 171 164 255 255 250 237 237 161 158 161 203 255 255 255 255 143 0 71 255 255 213 255 255 234 255 255 255 255 216 234 255 255 255 255 255 255 249 189 255 255 253 255 90 0 85 255 243 151 239 234 212 255 255 255 177 255 255 255 221 217 255 255 202 255 255 255 166 174 255 92 37 255 243 255 255 255 255 255 195 255 194 161 227 255 254 215 246 152 149 158 198 255 255 255 255 95 0 18 222 255 158 192 255 174 255 253 255 219 238 201 255 255 194 232 192 255 255 255 255 211 255 185 0 0 68 192 238 255 255 246 255 255 255 255 139 192 255 255 235 255 255 255 255 255 255 255 255 255 177 40
0 86 255 255 255 255 255 238 201 255 171 158 250 255 250 241 237 146 158 158 171 255 255 255 255 133 0 49 255 255 213 255 255 231 255 255 255 255 223 234 255 255 255 255 255 255 249 189 255 255 255 255 122 0 87 255 251 151 243 234 205 255 255 255 168 255 255 255 224 206 255 255 188 255 255 255 166 174 255 90 38 255 216 255 255 255 255 255 201 255 181 155 234 255 250 212 255 205 223 208 212 255 255 255 255 87 0 16 234 253 155 210 255 198 255 223 255 212 249 198 255 242 194 224 196 255 255 255 251 222 255 224 0 0 68 168 238 255 255 216 242 255 255 255 145 196 255 255 242 255 255 255 255 255 255 255 255 255 184 43
0 96 255 255 255 255 255 246 212 249 168 158 254 255 242 226 247 136 164 198 189 255 255 255 255 117 0 36 255 255 228 255 255 234 255 255 253 255 234 234 255 255 255 255 255 255 249 192 255 255 253 253 140 0 85 255 247 151 243 230 205 255 255 255 164 255 255 255 217 192 255 246 198 255 255 255 176 215 255 90 11 191 210 255 255 255 255 255 184 237 161 149 238 255 246 215 255 255 255 255 255 255 255 255 255 97 0 31 251 255 158 212 255 250 255 227 255 212 249 191 255 250 212 217 192 255 255 255 255 244 255 255 0 0 70 161 234 255 255 216 250 255 255 255 160 206 255 255 255 255 255 255 255 255 255 255 255 255 184 49
0 131 255 255 255 255 255 246 216 230 164 171 255 255 238 205 255 198 238 255 214 255 255 255 255 86 0 23 242 255 236 255 255 255 255 246 246 255 253 246 255 255 255 255 255 255 253 199 255 255 249 253 140 0 85 255 236 147 236 230 209 255 255 255 164 255 255 255 221 196 255 255 202 255 255 241 176 229 255 103 0 149 222 255 255 255 255 239 168 241 174 161 242 255 242 219 255 255 255 255 255 255 255 255 255 124 0 51 235 255 158 212 255 255 255 227 255 212 238 198 255 255 253 224 196 255 231 216 255 255 255 255 0 0 110 174 242 255 255 212 250 255 255 255 157 214 255 255 255 255 255 255 255 255 255 255 255 255 171 51
0 159 255 255 255 255 255 246 216 212 158 174 255 255 238 194 255 255 255 255 238 255 255 255 255 79 0 14 216 255 224 255 255 255 255 246 249 255 255 253 255 255 255 255 255 255 255 206 255 255 245 255 133 0 85 255 236 151 236 227 216 255 255 255 164 255 255 255 221 203 255 255 198 255 255 204 154 177 199 80 0 146 227 255 255 255 255 189 168 255 197 164 238 255 246 219 255 255 255 255 255 255 255 255 255 132 0 70 231 255 158 214 255 246 255 223 255 212 223 198 255 255 255 228 196 255 212 181 255 255 255 255 0 3 126 184 238 255 255 231 255 255 255 255 151 232 255 255 255 255 255 255 255 255 255 255 255 255 164 60
0 152 255 255 255 255 255 246 219 198 149 174 255 255 242 198 255 255 255 255 255 255 255 255 255 75 0 11 201 255 232 255 255 255 255 238 246 255 255 242 255 255 255 255 255 255 255 214 255 255 245 255 131 0 87 255 243 160 239 230 216 255 255 255 164 255 255 255 214 186 255 255 202 255 255 187 157 158 147 62 2 143 208 255 255 255 255 148 165 255 201 152 227 255 250 212 255 255 255 255 255 255 255 255 255 118 0 98 255 255 155 217 254 188 255 230 255 223 201 184 255 255 255 217 186 255 231 198 255 255 255 255 0 0 82 194 223 255 255 255 255 255 255 255 157 255 255 255 255 255 255 255 255 255 255 255 255 255 174 80
7 95 255 255 255 255 255 205 201 201 155 164 255 255 231 205 255 255 255 255 255 255 255 255 255 78 0 16 211 255 237 255 255 255 255 242 246 255 255 255 255 255 255 255 181 255 255 219 255 255 252 239 139 0 87 255 243 151 243 238 209 255 255 255 169 255 255 255 205 192 255 255 204 255 255 183 170 197 255 80 0 137 177 255 255 255 226 182 216 255 203 152 255 255 247 217 255 255 255 255 255 227 255 255 255 73 0 100 253 255 156 221 255 191 255 219 255 234 227 191 255 255 255 212 205 255 216 231 255 255 255 255 0 0 77 187 212 255 255 255 255 255 255 255 165 246 255 249 230 247 187 197 236 255 255 255 255 255 255 98
0 92 238 255 255 255 255 201 201 219 155 164 255 255 231 201 255 255 255 255 255 255 255 255 255 73 0 32 248 255 233 255 255 255 255 242 246 255 249 253 255 255 255 255 178 255 255 234 255 255 252 246 139 0 90 255 236 147 239 238 212 255 255 255 163 255 255 255 212 192 255 255 194 255 255 255 164 218 255 109 0 134 187 255 255 255 255 255 255 255 206 171 255 255 255 216 255 255 255 255 234 205 255 255 223 82 0 97 255 255 169 214 255 201 255 223 255 249 234 198 255 255 255 212 191 255 254 255 255 255 255 255 0 0 102 177 210 255 255 255 246 210 255 255 161 242 255 255 234 243 174 146 151 198 255 255 255 255 177 39
0 139 246 255 255 255 255 174 198 245 158 164 255 255 234 198 255 255 255 255 255 255 255 255 255 69 0 45 255 255 226 255 255 255 255 238 249 255 255 253 255 255 255 255 171 255 255 255 255 255 255 255 136 0 92 255 236 147 239 238 212 255 255 255 166 255 255 255 239 192 255 255 201 240 255 255 182 255 255 62 0 128 194 255 255 255 255 255 255 255 221 151 191 255 255 184 255 255 255 255 234 216 255 255 247 105 0 50 226 255 190 221 255 208 255 227 255 255 253 223 255 255 255 223 184 255 255 255 255 255 255 255 0 0 124 168 214 255 255 255 208 157 255 255 179 249 255 255 238 255 219 161 138 168 255 255 240 210 90 2
0 192 249 255 255 255 255 171 195 255 161 164 255 255 238 198 255 255 255 255 255 255 255 255 255 71 0 45 255 255 226 255 255 255 255 238 253 255 255 253 255 255 255 255 168 255 255 255 255 255 255 255 133 0 92 255 243 151 243 238 209 255 255 255 169 255 255 255 255 187 255 255 205 251 255 255 185 255 255 35 0 125 194 255 255 255 255 255 254 255 230 151 166 251 255 216 255 255 255 255 255 255 255 255 255 109 0 50 248 255 200 210 255 205 255 230 255 255 255 255 255 255 255 227 188 255 255 255 255 255 255 255 0 0 136 168 224 255 255 255 191 144 255 255 189 255 255 255 238 255 255 226 172 157 255 255 160 160 90 24
0 201 239 255 255 255 253 166 195 255 161 164 255 255 242 201 255 255 255 255 255 255 255 255 255 73 0 41 255 255 245 255 255 255 255 238 249 255 255 249 255 255 255 255 165 255 255 255 255 255 255 255 130 0 85 255 243 151 243 238 209 255 255 255 168 255 255 255 255 164 249 255 198 255 255 255 224 255 255 33 2 134 194 255 255 255 255 255 255 255 223 160 189 224 219 219 255 255 255 255 255 255 255 255 255 108 9 95 255 255 222 223 255 205 255 234 255 255 255 255 255 255 227 216 194 255 255 255 255 255 255 255 0 0 138 174 221 255 255 255 179 149 255 255 182 255 255 255 234 255 255 255 160 146 255 255 203 191 95 24
0 198 239 255 255 255 237 155 195 255 161 164 255 255 242 205 255 255 255 255 255 255 255 255 255 76 0 51 255 255 255 255 255 255 255 242 242 255 255 242 255 255 255 255 165 255 255 255 255 255 255 255 130 0 71 255 239 147 236 234 212 255 255 255 161 255 255 255 255 149 214 255 198 255 255 230 221 255 255 39 0 139 194 255 255 255 255 255 255 255 219 160 239 255 242 246 255 255 255 255 255 255 255 255 255 122 17 108 255 255 255 238 255 205 255 234 255 255 255 255 255 246 216 212 201 255 255 255 255 255 255 255 0 0 133 181 212 255 255 255 166 152 255 255 191 247 255 255 219 255 255 255 255 255 255 255 255 255 127 51
0 187 243 255 255 255 234 152 201 255 164 164 255 255 238 205 255 254 255 255 255 255 255 255 255 76 0 66 255 255 255 255 255 242 255 246 238 255 255 249 255 255 255 255 168 255 255 255 255 255 255 255 130 0 57 255 243 147 236 230 212 255 255 255 161 255 255 255 237 155 217 255 206 255 255 223 160 174 195 55 0 134 180 255 255 255 201 255 255 255 223 140 239 255 246 242 255 255 255 255 255 255 255 255 255 133 17 111 255 255 255 225 255 201 255 227 255 255 255 255 255 255 255 223 194 255 255 255 255 255 255 255 0 0 110 191 208 255 255 254 166 161 255 255 208 243 255 254 216 255 255 255 255 255 255 255 255 248 128 46
8 187 250 255 255 255 219 140 209 249 164 168 255 255 234 201 255 255 255 255 250 255 255 255 255 78 0 75 255 255 255 255 255 205 255 246 238 255 255 255 255 255 255 255 171 255 255 255 255 255 255 255 130 0 49 255 251 151 236 230 209 255 255 255 171 255 255 255 222 177 228 246 210 248 255 255 184 158 143 28 0 131 158 253 255 255 177 255 255 255 234 155 243 255 246 255 255 255 255 255 246 255 255 255 255 143 17 119 255 255 255 244 255 198 255 223 255 255 255 255 255 255 255 223 181 255 255 255 255 255 255 255 0 0 85 201 215 255 255 238 176 181 255 255 222 239 255 255 231 255 255 255 255 255 232 255 255 207 134 41
0 197 246 255 255 255 190 155 220 247 171 151 255 255 238 191 255 255 255 255 212 242 255 255 255 66 0 66 252 255 255 255 255 168 255 242 234 255 255 255 255 255 255 255 168 255 255 255 255 255 255 255 142 0 49 255 243 160 255 230 216 255 255 254 163 255 227 255 223 171 210 241 208 171 255 255 255 177 149 26 0 132 170 255 255 255 194 255 255 255 223 161 253 255 255 255 255 255 255 255 255 255 255 255 255 122 18 85 246 255 255 237 255 196 255 234 255 255 255 255 255 255 255 216 194 255 255 255 255 255 232 255 0 0 73 214 206 255 255 234 161 212 255 255 227 238 255 253 234 255 255 255 255 208 236 255 243 156 148 41
0 194 242 255 255 255 225 219 255 255 164 179 255 255 238 198 255 255 255 255 205 242 255 255 232 45 0 78 255 255 255 255 255 168 255 242 238 255 255 255 255 255 255 255 168 255 255 255 255 255 255 255 136 0 51 255 228 166 255 219 208 255 255 255 166 255 227 255 219 171 206 222 215 143 205 255 204 240 255 35 0 129 170 255 255 255 229 255 255 255 212 161 255 255 255 255 255 255 255 255 255 255 255 255 238 70 5 27 209 255 255 251 255 208 255 230 255 255 255 255 255 255 255 219 198 255 255 255 255 255 233 255 3 0 78 203 206 255 255 227 161 219 255 255 238 223 255 255 234 255 255 227 182 177 255 255 235 156 128 41
0 161 224 255 255 255 255 255 255 255 158 203 255 255 238 201 255 255 255 255 198 238 255 255 197 58 4 86 255 255 247 255 255 168 255 246 238 255 255 255 255 255 255 255 171 255 255 255 255 255 255 255 130 0 49 255 232 169 255 223 205 255 255 255 173 255 230 255 223 174 210 215 219 219 255 255 157 224 255 32 4 132 180 255 255 255 255 255 255 255 212 168 255 255 255 255 255 255 255 255 255 255 255 255 255 61 9 3 213 255 255 255 255 246 255 227 255 255 255 246 255 255 255 219 194 255 255 255 255 255 229 255 57 0 78 211 214 255 255 212 161 226 255 255 246 205 255 255 227 255 255 246 186 194 255 255 216 159 116 33
0 137 207 255 255 255 255 255 255 255 155 192 255 255 230 198 255 255 255 255 201 231 255 255 235 114 38 75 252 255 255 255 255 171 255 246 242 255 255 255 255 255 255 255 171 255 255 255 255 255 255 255 136 0 47 255 243 157 255 238 216 255 230 255 176 255 234 255 219 174 217 230 204 255 255 249 197 243 182 2 5 129 180 255 255 255 255 255 255 255 227 178 255 255 227 255 232 189 196 234 255 255 255 255 255 59 2 3 227 255 255 255 255 255 255 223 255 255 255 231 255 255 255 212 188 255 255 255 255 255 226 255 81 0 75 226 228 255 255 198 152 230 255 255 234 205 255 255 219 255 255 255 255 219 255 255 223 165 116 18
0 134 215 255 255 255 255 255 255 255 164 163 219 255 227 194 255 255 255 255 212 219 255 255 255 142 44 53 248 255 255 253 255 171 255 242 242 255 255 255 255 255 255 255 171 255 255 255 255 255 255 255 136 0 43 255 243 144 239 242 219 249 208 255 176 255 234 255 216 161 206 237 208 229 255 212 255 255 184 0 1 121 173 249 255 255 255 205 220 255 242 184 255 255 216 255 214 163 142 154 216 255 255 255 255 41 0 3 218 255 229 255 255 255 255 219 255 255 255 234 255 255 255 216 191 255 255 255 255 255 229 255 40 0 73 230 236 255 255 188 146 226 255 255 205 194 255 255 231 255 255 255 255 222 173 255 250 169 98 11
0 137 226 255 255 255 255 255 255 255 184 142 191 255 234 198 255 255 255 255 227 223 255 255 255 139 46 57 253 255 247 255 255 174 255 242 242 255 255 255 255 255 255 255 171 255 255 255 255 255 255 255 122 0 43 255 243 154 239 230 216 253 212 255 176 246 234 255 216 149 182 234 248 180 255 245 255 255 240 0 0 129 177 253 255 255 255 168 188 255 255 191 255 255 212 254 255 236 176 143 198 255 255 181 201 30 0 2 211 255 238 255 255 255 255 227 255 255 255 238 255 255 255 242 219 255 238 246 255 255 229 255 0 0 75 219 232 255 255 191 152 219 255 255 201 201 255 253 242 255 255 255 255 255 157 239 255 169 81 16
0 134 218 255 255 255 255 255 255 255 194 151 195 255 242 201 255 255 255 255 255 246 255 255 255 139 47 65 255 255 247 255 255 174 255 238 242 255 255 255 255 255 255 255 168 255 255 255 255 255 255 255 92 0 47 255 243 160 243 230 223 255 212 255 176 234 230 255 238 155 169 230 255 163 233 255 255 255 255 0 2 147 187 255 255 255 255 158 191 255 255 198 255 255 209 250 255 255 188 155 212 255 246 131 180 31 0 0 213 255 230 255 255 255 255 238 255 246 255 236 255 255 255 255 255 255 205 239 255 255 215 253 0 0 80 221 232 255 255 212 171 201 255 255 216 219 255 253 234 255 255 223 255 255 221 255 238 169 78 13
0 134 215 255 255 255 255 240 255 255 191 169 216 255 246 198 255 255 255 255 255 255 255 255 255 123 26 46 255 255 248 226 255 174 255 238 242 255 255 255 255 255 255 255 168 255 255 255 255 255 255 255 73 0 51 255 232 147 236 238 238 255 205 255 173 230 234 255 255 168 169 234 240 193 221 255 255 255 249 0 4 156 190 255 255 255 244 155 202 255 255 201 255 255 209 255 255 255 250 219 234 255 255 254 204 37 0 1 224 255 215 255 255 255 255 246 255 238 255 228 255 255 255 255 255 255 198 255 255 255 199 255 0 0 83 240 236 255 255 230 184 187 255 255 184 205 255 255 234 255 255 165 223 255 255 255 198 169 85 3
0 113 230 255 255 255 255 240 255 255 194 174 255 246 250 192 255 255 255 255 255 255 255 255 255 126 0 34 255 255 240 218 255 165 255 242 238 255 255 255 255 255 223 255 171 255 255 255 255 255 255 255 64 0 47 255 239 151 239 232 223 255 208 255 169 251 223 255 242 194 192 232 255 204 255 255 255 255 239 0 3 153 193 255 255 255 230 160 188 255 253 191 255 255 227 246 255 255 255 255 255 255 255 255 238 52 0 9 245 255 187 255 255 255 255 255 255 246 219 242 255 255 255 255 255 255 201 251 255 255 201 255 9 0 95 253 219 255 255 255 237 174 255 255 174 232 255 255 216 255 255 165 242 227 255 255 212 169 76 9
0 110 222 255 255 255 255 255 255 255 191 168 242 231 242 203 255 255 255 255 255 255 255 255 255 120 0 36 255 255 240 218 255 171 255 242 238 255 255 255 255 255 188 238 171 255 255 255 255 255 255 255 68 0 45 255 239 151 239 232 223 255 208 255 179 255 238 255 238 198 196 228 255 255 255 255 255 255 247 0 3 153 197 253 255 255 215 157 212 255 255 201 255 255 219 253 255 255 255 255 255 254 255 255 191 54 0 6 255 255 201 255 255 254 255 255 255 242 212 246 255 255 255 255 255 255 198 255 255 255 184 255 11 0 136 255 246 255 255 255 187 158 255 255 177 214 255 255 234 255 255 230 221 255 255 255 234 156 65 15
0 116 226 255 255 255 255 255 255 255 197 171 230 213 234 228 255 255 255 255 255 255 255 255 255 79 0 34 255 255 207 210 255 171 255 242 242 255 255 255 255 255 168 227 171 255 255 255 255 255 255 255 73 0 45 255 239 151 239 232 223 255 208 255 179 255 249 255 227 201 203 228 255 255 255 255 255 255 240 0 3 153 200 249 255 255 194 154 246 255 255 208 255 255 216 255 255 255 255 254 216 249 255 216 170 56 0 3 254 255 205 255 255 238 255 255 255 246 212 255 255 255 255 255 255 255 188 247 255 255 184 224 0 0 116 255 255 255 255 246 161 155 255 255 189 217 255 255 234 255 255 255 163 255 255 255 255 228 74 9
0 131 219 255 255 255 255 255 255 255 184 171 246 246 246 228 255 255 255 255 255 255 255 255 255 61 0 36 255 255 210 221 255 168 255 242 246 255 255 255 255 255 208 246 174 255 255 255 255 255 255 255 76 0 49 255 239 151 239 232 223 255 208 255 173 255 242 255 219 198 203 236 255 194 225 255 255 255 234 6 1 150 200 245 255 255 177 154 255 255 255 208 255 255 212 255 255 255 184 155 174 255 255 182 170 53 0 32 255 255 208 250 255 231 254 255 255 242 216 255 255 255 255 255 255 255 181 236 255 255 201 228 0 0 87 255 255 255 255 255 189 174 255 255 186 234 255 254 223 255 255 212 166 226 255 255 255 255 99 2
10 158 211 255 255 255 255 255 255 255 164 158 255 255 255 210 255 255 255 255 255 255 255 255 255 115 4 44 252 255 207 203 255 171 255 242 250 255 255 255 255 255 255 255 171 255 255 255 255 255 255 255 76 0 57 255 239 151 239 232 223 255 208 255 173 255 234 255 227 194 199 247 255 161 202 255 193 255 255 40 0 147 200 245 255 255 174 157 255 255 255 198 246 255 216 253 255 255 230 191 199 255 255 179 177 45 0 73 255 255 203 255 255 238 250 255 255 234 208 255 255 216 255 255 255 255 188 239 255 255 201 247 5 0 80 255 255 255 255 255 243 201 255 255 179 246 255 250 227 255 255 174 142 168 255 255 255 255 150 11
21 170 209 255 255 249 220 255 255 255 171 161 255 255 255 224 255 255 255 255 255 255 255 255 255 115 2 38 248 255 210 218 255 174 255 242 250 255 255 255 255 255 255 253 161 255 255 255 255 255 255 255 74 0 73 255 239 151 239 232 223 255 208 255 182 255 234 255 238 198 196 251 255 246 255 255 154 186 255 44 0 147 197 249 255 255 177 157 255 255 255 188 238 255 219 249 255 255 255 255 194 251 255 199 174 49 0 111 255 255 189 255 255 234 242 255 255 238 212 255 255 184 255 255 255 255 188 232 255 255 197 235 14 0 80 255 255 255 255 255 255 210 255 255 199 249 255 254 231 255 255 231 212 223 255 255 255 255 152 0
0 162 205 255 255 249 217 255 255 255 181 168 253 255 255 251 255 255 255 255 255 255 255 255 255 96 0 27 252 255 183 214 255 174 255 242 246 255 246 255 255 255 255 246 161 255 255 255 255 255 255 255 69 0 87 255 239 151 239 232 223 255 208 255 179 255 234 255 242 201 196 247 255 255 255 255 186 193 247 42 0 150 193 255 255 255 180 157 255 255 255 184 242 255 223 253 255 255 255 255 178 161 255 219 161 64 0 117 255 255 186 255 255 227 231 255 255 246 212 255 255 188 255 255 255 255 181 228 255 255 204 235 14 0 105 255 255 255 255 255 255 203 255 255 216 242 255 255 250 255 255 255 255 255 255 255 255 255 149 6
0 175 223 255 255 255 241 255 255 255 158 164 255 255 255 251 255 255 255 255 255 255 255 255 255 106 0 24 240 255 179 214 255 171 255 242 250 255 242 254 255 255 255 255 171 255 255 255 255 255 255 255 67 0 97 255 239 151 239 232 223 255 208 255 169 255 230 255 238 201 196 239 255 255 255 242 236 225 185 29 0 153 193 255 255 255 184 154 255 255 255 188 249 255 223 255 255 255 250 255 255 174 255 208 164 68 0 52 255 255 192 255 255 227 227 255 255 249 201 255 255 195 255 255 255 255 181 236 255 255 211 243 20 0 125 255 255 255 255 255 255 199 255 255 212 234 255 255 255 255 255 255 219 194 255 255 255 255 125 11
0 165 224 255 255 234 224 255 255 255 168 171 255 255 255 242 255 255 255 255 255 255 255 255 255 121 3 35 255 255 176 210 255 169 255 242 234 255 242 234 255 255 255 254 168 255 255 255 255 255 255 255 71 0 75 255 236 151 239 223 216 255 205 255 179 243 238 255 209 198 206 243 255 255 255 179 255 220 227 21 2 153 201 255 255 255 226 173 208 255 255 181 255 255 223 255 255 231 174 255 255 255 255 181 176 42 0 40 255 255 202 255 255 255 255 255 255 254 223 255 255 198 255 255 255 255 184 234 255 255 215 243 0 2 97 255 255 255 255 255 238 231 255 255 212 230 255 255 255 255 255 255 221 216 255 255 255 255 98 3
0 156 220 255 255 230 228 255 255 255 161 168 255 255 255 255 255 255 255 255 255 255 255 255 255 88 0 34 255 255 183 210 255 169 255 246 242 255 234 230 255 255 255 255 165 255 255 255 255 255 255 255 71 0 55 255 236 151 239 255 255 255 208 255 166 243 227 255 234 223 199 236 255 221 255 254 255 244 255 29 1 172 222 255 255 255 249 203 198 255 255 171 255 255 219 253 255 254 168 234 255 255 255 184 176 27 0 130 255 255 188 255 255 255 255 255 255 255 231 255 255 191 255 255 255 255 178 234 255 255 187 199 0 0 82 255 255 255 255 255 234 223 255 255 216 249 255 255 255 255 255 255 196 234 255 255 255 255 95 2
8 159 220 255 255 227 228 255 255 255 158 171 255 255 255 255 255 255 255 255 255 255 255 255 255 81 0 47 255 255 179 207 255 168 255 249 246 255 219 216 255 255 255 255 168 255 255 234 255 255 255 255 69 0 51 255 239 154 236 255 255 255 212 255 176 255 234 255 255 255 196 239 255 164 224 255 255 211 219 0 1 196 255 255 255 255 223 166 191 255 253 161 255 255 219 253 255 255 219 245 255 255 255 194 174 33 0 113 255 255 188 255 255 255 246 255 255 255 219 255 255 184 255 255 255 255 178 238 255 255 184 255 44 0 71 255 255 238 255 255 234 216 255 255 201 255 255 255 250 255 255 255 207 230 234 244 255 255 132 3
26 162 212 255 255 234 240 255 255 255 164 177 255 255 255 255 255 255 255 255 255 255 255 255 255 95 0 54 255 255 170 200 255 174 255 249 249 255 198 199 255 255 255 255 168 255 255 223 255 255 255 255 65 0 61 255 236 160 247 249 234 255 216 255 173 243 223 255 255 255 196 247 255 164 224 255 255 208 209 0 2 200 255 255 255 255 208 142 194 255 253 158 255 255 219 255 255 255 222 222 255 255 255 255 212 37 0 30 255 255 195 255 255 250 162 212 255 255 231 255 255 201 255 255 255 255 174 230 255 255 161 235 20 0 68 255 255 234 255 255 238 216 255 255 188 255 255 249 250 255 255 255 178 191 178 164 177 255 132 3
37 165 220 255 255 234 240 255 255 255 168 187 255 255 255 255 255 255 255 255 255 255 255 255 255 103 0 34 240 255 170 207 255 178 255 249 249 251 192 192 255 255 255 255 171 255 255 216 255 255 255 255 66 0 57 255 239 160 255 234 205 255 212 255 186 224 219 255 255 255 189 243 255 164 243 255 255 181 226 0 6 181 255 255 255 255 255 186 212 255 255 165 255 255 216 253 255 255 168 152 231 255 255 255 255 41 0 17 255 255 205 255 255 219 137 191 255 255 246 246 255 216 255 255 255 255 181 234 255 255 177 206 0 0 51 233 255 234 255 255 254 223 255 255 198 255 255 246 250 255 255 255 168 177 174 157 152 255 160 16
35 155 227 255 255 245 252 255 255 255 177 194 255 255 255 255 255 255 255 255 255 255 255 255 255 99 0 16 229 255 174 212 255 181 255 242 253 255 196 198 255 255 255 255 168 255 255 208 255 255 255 255 68 0 49 255 255 157 255 230 194 255 201 255 203 221 227 255 255 255 189 247 255 169 255 255 255 163 230 0 8 174 255 255 255 255 255 225 227 255 255 174 255 255 212 249 255 254 177 161 238 255 255 255 255 59 0 16 255 255 201 255 255 198 149 227 255 255 246 216 246 246 255 255 255 255 188 234 255 255 191 202 0 0 53 184 209 219 255 255 255 227 255 255 201 255 255 238 242 255 255 255 183 158 146 151 174 255 172 12
41 152 216 255 255 255 255 255 255 255 184 201 255 255 255 255 255 255 255 255 255 255 255 255 255 78 0 25 252 255 174 204 255 195 255 242 255 255 201 201 255 255 255 255 168 255 255 199 240 255 255 255 43 0 47 255 255 166 255 227 194 249 208 255 206 228 227 255 255 255 192 255 255 200 255 255 255 204 219 0 5 185 255 255 255 255 255 229 234 255 255 184 255 255 227 255 255 255 255 230 255 255 255 255 255 62 0 16 242 255 184 255 255 201 181 255 255 255 254 255 255 255 255 255 255 255 178 230 255 255 197 213 4 0 80 177 205 212 255 255 255 227 255 255 194 255 255 230 234 255 255 255 232 215 212 207 226 255 146 11
78 181 223 255 255 255 255 255 255 255 191 201 255 255 255 255 255 255 255 255 255 255 255 255 255 52 0 43 255 255 171 197 255 209 255 242 255 255 201 198 255 255 255 255 168 255 255 196 218 255 255 246 10 0 51 255 255 182 255 238 208 255 227 255 255 255 255 255 255 255 186 243 255 255 255 255 255 255 222 0 2 198 255 255 255 255 255 248 234 255 255 198 255 255 253 255 255 255 255 215 227 255 255 255 255 49 0 59 205 255 191 255 255 212 195 255 255 255 255 255 255 255 255 255 255 255 191 255 255 255 211 199 22 0 133 184 231 216 255 255 255 223 255 255 194 255 255 230 231 255 255 234 255 255 255 255 255 255 128 9
100 196 218 255 255 255 255 255 255 255 198 196 255 255 238 255 244 227 255 255 255 255 255 255 255 82 0 37 255 255 175 182 255 255 255 242 242 255 196 192 255 255 255 255 168 255 255 198 236 255 255 251 8 0 105 255 255 191 255 227 228 255 206 255 255 255 255 255 242 227 188 234 255 255 255 255 255 255 218 0 5 165 255 255 255 255 255 210 227 255 255 201 255 255 255 255 255 255 255 191 223 255 255 255 255 34 0 70 205 255 181 255 255 219 201 255 255 255 191 255 255 255 254 255 255 255 216 255 255 255 204 208 21 0 100 232 255 212 255 255 255 205 255 255 191 255 255 238 238 255 255 255 255 255 255 255 255 255 164 23
109 180 193 255 255 255 255 255 255 255 198 196 255 255 238 249 218 170 209 255 255 255 255 255 255 90 0 24 250 255 188 169 255 255 255 238 255 255 214 199 255 255 253 255 165 255 255 212 255 255 255 255 2 0 147 255 255 194 255 223 223 255 203 255 255 255 255 255 219 219 194 246 255 255 255 255 255 255 218 0 6 168 255 255 255 255 255 200 227 255 255 198 255 255 255 255 255 255 255 191 255 255 255 255 255 35 0 29 156 255 188 236 255 234 238 255 255 255 168 255 255 255 255 255 255 255 227 255 255 255 204 200 17 0 75 255 255 208 255 255 255 198 255 255 178 249 255 223 208 255 255 255 255 255 219 255 255 255 255 97
111 180 188 255 255 255 255 250 255 255 198 192 255 255 234 241 207 139 148 178 255 255 255 255 255 65 0 1 200 255 189 171 255 255 255 234 255 255 224 206 255 255 219 249 168 255 255 238 255 255 255 255 6 0 150 255 255 216 255 227 227 255 210 255 255 255 255 255 255 255 201 227 255 255 255 255 255 255 222 0 3 161 255 255 255 255 255 193 227 255 255 195 255 255 255 255 255 255 255 169 255 199 255 255 255 55 0 16 145 255 198 244 255 231 255 255 255 249 149 255 255 255 255 255 255 255 250 255 255 255 191 204 22 0 109 255 255 201 255 255 255 188 255 255 178 227 255 242 208 255 255 255 255 255 191 255 255 255 255 142
78 179 202 255 255 255 255 180 254 255 201 196 255 255 238 245 218 151 151 149 247 255 255 255 255 50 0 7 207 255 179 181 255 253 255 234 255 251 224 206 255 255 188 242 171 255 255 249 255 238 255 255 49 0 127 255 255 246 255 223 223 255 212 255 255 255 255 255 255 255 219 238 255 255 255 255 255 255 218 0 0 144 255 255 249 255 255 202 227 255 255 195 255 255 246 255 255 255 255 154 215 152 168 181 255 53 0 22 174 255 195 239 255 234 255 255 255 255 149 255 255 255 255 255 255 255 254 255 255 255 191 197 8 0 146 255 255 201 255 255 246 181 255 255 188 208 255 255 216 255 255 255 255 201 216 255 255 255 255 142
43 166 199 255 255 255 255 151 231 255 212 199 255 255 238 253 218 148 157 152 241 255 255 255 255 50 0 21 237 255 172 177 255 188 255 242 249 255 221 210 255 255 171 242 174 255 255 238 255 216 255 255 68 0 133 255 255 255 255 216 212 255 212 255 255 255 255 255 255 255 219 242 255 255 255 255 255 255 215 0 0 118 247 237 237 255 255 216 231 255 255 195 255 255 242 255 255 255 255 157 171 152 143 181 255 62 0 18 184 255 201 236 255 255 255 255 255 255 168 255 255 255 255 255 255 255 255 255 255 255 219 197 3 0 159 255 255 201 255 255 238 178 255 255 181 205 255 242 201 255 255 255 197 164 255 255 255 255 255 139
30 158 187 255 255 255 253 152 216 255 222 199 255 255 238 255 254 166 154 152 249 255 255 255 255 60 0 14 222 255 176 174 255 152 255 249 249 255 221 214 255 255 161 246 174 255 255 249 255 219 255 255 50 0 152 255 255 255 255 227 227 253 212 255 255 255 255 255 255 255 208 227 255 255 255 255 255 255 215 0 2 103 204 201 229 255 255 220 234 255 255 191 255 255 234 255 255 255 255 179 142 157 151 206 255 60 0 2 163 238 178 237 255 255 255 255 255 255 184 255 255 246 255 255 255 255 255 255 255 255 233 212 39 0 156 255 255 205 255 255 246 181 255 255 168 219 255 223 188 255 255 223 145 168 255 255 255 230 255 131
35 171 183 255 255 255 237 152 216 255 226 199 255 255 238 253 255 237 173 149 249 255 255 255 255 80 0 8 212 255 178 175 255 155 255 246 253 247 228 214 255 255 161 246 171 255 255 255 255 208 255 255 53 0 154 255 255 255 255 255 255 255 208 255 255 255 255 255 255 255 212 242 255 255 255 255 255 249 229 0 1 106 211 197 233 255 255 223 231 255 250 184 255 255 216 255 255 255 249 255 255 255 255 255 255 62 0 9 197 255 188 245 255 255 255 255 255 255 181 255 253 181 255 255 216 223 255 255 255 255 229 198 75 0 137 255 255 208 255 255 255 191 255 255 184 246 255 223 188 255 255 219 164 191 255 255 255 203 254 130
37 184 190 255 255 255 241 150 223 255 230 199 255 255 238 249 255 255 193 140 251 255 255 255 255 73 0 10 227 255 178 182 255 168 255 234 255 239 232 206 255 255 171 246 161 255 255 255 255 234 245 255 49 0 142 255 255 254 255 255 255 255 194 255 255 255 255 255 255 255 212 246 255 255 255 255 255 245 253 0 0 119 244 219 241 255 255 229 227 255 246 181 255 255 201 242 255 255 255 255 255 255 255 255 255 85 0 2 190 255 205 215 254 255 255 255 255 255 174 246 255 161 255 255 168 188 255 255 255 255 229 174 71 0 149 255 255 212 255 255 255 198 255 255 223 255 255 223 191 255 255 255 255 234 255 255 255 201 217 136
28 187 187 255 255 255 215 136 227 255 223 194 255 255 242 249 255 255 178 140 238 255 255 255 255 47 0 28 254 255 174 184 255 165 255 254 255 246 214 217 255 255 178 246 171 255 255 255 255 231 253 255 47 0 140 255 255 227 255 255 255 249 214 255 255 255 254 255 255 255 227 234 255 248 255 255 255 226 254 0 0 155 255 229 219 255 255 227 223 255 253 171 255 255 184 246 255 255 255 255 255 255 255 255 255 111 0 0 237 255 201 234 255 255 255 255 255 255 165 246 255 160 255 246 152 209 255 255 255 255 241 151 71 0 156 255 255 210 255 255 255 191 255 255 255 231 255 216 191 255 255 255 255 255 255 255 255 210 226 106
7 174 184 255 255 255 215 144 227 255 227 194 255 255 238 249 255 255 198 155 227 255 255 255 255 49 0 3 198 255 180 179 255 165 255 255 255 253 210 210 255 255 171 246 171 255 255 255 255 205 191 255 71 0 146 255 255 242 255 255 255 249 205 255 224 255 255 255 255 255 255 255 255 229 255 255 255 215 231 0 2 184 255 233 223 255 255 216 227 255 253 161 255 255 194 249 255 255 255 255 227 234 255 255 255 111 0 0 255 255 187 238 255 255 255 255 255 255 188 234 255 151 255 255 249 255 255 255 255 255 238 160 65 0 146 255 255 203 255 255 255 216 255 255 255 219 255 231 188 255 255 255 255 255 255 255 255 191 240 119
0 174 191 255 255 255 201 142 230 255 230 198 255 255 238 246 255 255 255 223 255 255 255 255 255 51 0 0 191 255 179 173 255 168 255 255 255 255 210 214 255 255 168 246 174 255 255 255 255 223 152 255 83 0 174 255 255 227 255 255 255 255 216 255 203 255 255 255 255 255 255 255 253 207 255 255 255 211 223 0 8 209 255 222 227 255 255 223 212 255 255 161 249 255 198 234 255 255 255 234 188 255 255 255 255 116 0 0 255 255 184 238 255 255 234 246 255 255 219 234 255 174 255 255 255 255 255 255 255 255 230 166 74 0 168 255 247 203 255 255 255 234 255 255 251 186 255 227 194 255 255 255 255 255 255 255 255 172 247 145
0 187 191 255 255 255 187 142 230 255 227 194 255 255 234 246 255 255 255 255 255 255 255 255 255 49 0 8 207 255 176 176 255 171 255 255 255 255 214 228 255 255 168 243 176 255 255 255 255 254 146 255 78 0 240 255 255 209 255 255 255 255 255 255 199 253 255 255 255 255 255 255 246 200 255 255 255 201 216 0 22 250 255 214 222 255 255 223 198 255 249 168 255 255 194 234 255 255 255 168 188 255 255 254 255 100 0 0 249 255 194 234 255 255 205 238 255 255 238 255 255 178 255 255 255 255 255 255 255 255 237 160 64 13 212 255 243 203 255 255 255 255 255 255 228 179 255 221 203 255 208 171 255 255 255 255 255 190 200 118
0 187 184 255 255 255 187 144 230 255 227 191 255 255 234 249 255 255 255 255 255 255 255 255 255 47 0 2 193 255 176 179 255 171 255 255 255 246 214 239 255 255 171 239 176 255 255 209 234 255 158 255 78 0 255 255 255 198 255 255 234 255 255 255 203 242 255 255 255 255 255 255 253 197 255 255 255 184 212 0 26 255 255 218 230 255 255 223 201 255 242 171 255 255 184 253 255 255 195 149 212 255 255 255 252 60 0 2 245 255 198 238 255 255 191 242 255 238 230 255 255 162 255 255 255 255 253 255 255 255 249 154 36 2 221 255 255 192 242 255 255 255 255 255 228 163 255 217 199 255 234 146 232 255 255 255 255 201 113 42
0 184 181 255 255 255 184 142 242 255 230 191 255 255 234 249 255 255 255 255 255 255 255 255 255 51 0 1 191 255 182 173 255 171 255 255 255 242 214 239 255 255 171 236 176 255 255 158 238 255 168 255 73 0 255 255 255 181 255 255 212 255 255 255 206 227 255 255 255 255 255 255 253 190 255 255 255 184 235 0 9 227 255 218 230 255 255 219 198 255 253 198 255 255 178 253 255 255 231 191 249 255 255 255 222 26 0 6 255 255 191 238 255 255 188 246 255 206 210 255 255 158 255 255 255 174 168 255 255 255 237 173 34 0 186 237 228 182 242 255 255 255 255 255 255 166 255 230 181 255 255 165 249 255 255 255 255 204 121 43
0 187 184 255 255 255 181 139 255 255 238 191 255 255 234 253 255 255 255 255 255 255 255 255 255 53 0 18 234 255 184 169 255 178 255 255 255 242 214 236 255 255 171 239 177 255 243 142 238 255 187 255 69 0 255 255 255 181 255 255 227 255 255 255 206 216 255 255 255 255 255 255 249 186 255 255 255 187 254 0 5 205 255 221 222 255 255 215 194 255 255 230 255 255 178 238 255 255 255 255 255 255 255 255 208 28 0 8 255 255 187 238 255 255 191 246 255 196 189 255 255 158 255 255 255 174 142 255 255 255 253 228 59 0 177 212 199 189 255 255 255 255 255 255 255 165 255 255 223 255 255 250 255 255 255 255 255 212 240 114
0 184 181 255 255 255 181 147 255 255 246 194 255 255 230 253 255 255 255 255 255 255 255 255 255 49 0 39 255 255 180 180 255 188 255 255 255 242 214 239 255 255 168 243 177 255 236 142 234 255 230 255 71 0 248 255 255 182 255 255 234 255 254 255 206 208 255 254 213 255 255 255 253 186 255 255 255 174 242 1 5 196 255 225 222 255 255 245 205 255 255 242 227 255 188 242 255 255 255 255 255 255 255 255 197 51 0 9 255 255 187 238 255 255 191 242 255 196 176 255 255 174 255 255 255 255 154 221 255 255 255 255 72 1 205 245 217 203 255 255 255 255 255 255 246 188 255 255 255 255 255 255 255 255 255 255 255 171 255 122
0 207 184 255 255 255 173 164 255 255 255 191 255 255 238 246 255 255 255 255 223 255 255 255 255 46 0 18 227 255 174 179 255 188 255 255 255 250 223 227 255 255 178 243 169 255 255 168 255 255 255 255 73 0 196 255 255 165 255 255 234 255 255 255 208 238 255 255 174 255 255 255 255 176 255 255 255 178 255 0 1 194 255 214 230 255 255 255 255 255 255 228 203 255 171 250 255 255 255 255 255 255 255 255 190 116 0 7 255 255 188 237 255 255 201 242 255 188 174 255 255 178 255 255 255 255 246 188 255 255 255 255 61 3 212 230 255 191 255 255 253 255 255 255 238 178 255 255 255 255 255 255 255 255 255 255 255 191 255 99
0 203 181 255 255 255 173 170 255 255 255 191 255 255 238 246 255 255 255 255 184 253 255 255 255 48 0 5 202 255 177 176 255 209 255 255 255 234 208 238 255 255 171 243 186 255 255 246 255 255 255 255 71 0 159 255 255 178 255 255 219 254 255 255 194 249 255 255 171 255 255 255 251 176 255 255 255 175 249 0 1 194 255 225 227 255 255 255 255 255 255 196 203 255 168 250 255 195 171 255 255 255 255 255 229 92 0 14 252 255 191 249 255 255 208 246 255 198 191 255 255 184 255 255 255 255 255 205 255 255 255 255 77 6 164 222 255 191 255 253 238 255 255 255 230 181 255 255 255 255 255 255 255 255 255 255 255 188 255 109
0 194 180 255 255 255 167 180 255 255 255 191 255 255 238 249 255 255 249 234 171 255 255 255 255 51 0 0 188 255 184 176 255 255 255 255 255 246 212 255 255 255 168 247 203 255 255 255 255 255 255 255 64 0 118 255 255 184 255 255 234 255 255 255 212 255 255 255 184 255 255 255 255 180 255 255 255 182 255 19 10 199 255 229 223 252 255 255 255 255 255 192 214 255 171 246 255 184 146 255 255 255 255 254 211 42 0 8 207 255 223 255 255 255 219 253 255 208 219 255 255 194 255 255 255 255 255 250 255 255 255 255 83 0 91 237 249 188 255 255 212 255 255 255 227 194 255 255 255 255 255 255 255 237 255 255 255 185 248 85
0 183 184 255 255 249 157 191 255 255 255 188 255 255 238 249 255 255 198 165 194 255 255 255 255 53 0 8 205 255 184 173 255 255 255 255 255 238 198 255 255 255 165 247 210 255 242 255 255 255 255 255 49 0 84 255 255 178 255 255 255 255 255 255 242 253 255 255 201 255 255 255 255 186 255 255 255 182 255 40 1 162 255 200 215 255 255 255 255 255 255 205 212 255 184 250 255 246 209 255 255 255 255 234 222 33 0 2 151 255 229 255 255 255 230 255 255 219 242 255 255 198 255 255 255 255 255 255 255 255 255 255 73 0 74 230 249 181 255 255 191 238 255 255 227 208 255 255 255 255 255 255 255 215 255 255 255 205 255 123
5 197 185 255 255 245 152 197 255 255 255 181 255 255 238 249 255 255 191 128 227 255 255 255 255 51 0 18 227 255 181 176 255 255 255 255 255 227 184 255 255 255 165 243 203 255 238 255 255 255 255 255 32 0 68 255 255 171 255 255 255 255 255 255 249 249 255 255 209 255 255 255 247 186 255 255 255 169 245 40 0 150 244 190 223 255 255 255 255 255 255 219 219 255 242 255 255 255 255 255 255 255 255 246 252 46 0 5 125 222 218 255 255 255 234 255 255 219 254 255 255 198 255 255 255 254 255 255 255 255 255 255 69 5 149 230 249 184 255 255 184 238 255 255 249 238 255 255 255 255 255 255 255 201 255 255 255 185 255 134
30 222 188 255 255 253 155 201 255 255 255 174 255 255 238 249 255 255 201 134 255 255 255 255 255 46 0 19 235 255 177 179 255 255 255 255 255 231 188 255 255 255 174 239 203 255 234 255 255 255 255 255 23 0 81 255 255 174 255 255 223 174 250 255 255 255 255 255 209 255 255 255 251 186 255 255 255 169 245 42 5 159 255 204 219 255 255 255 255 255 255 212 227 255 255 255 255 255 255 255 255 255 255 238 225 46 0 5 124 212 216 255 255 255 227 255 255 216 250 255 255 198 255 255 255 223 186 181 183 173 234 255 58 7 216 255 249 194 255 255 178 250 255 255 246 238 255 255 255 255 255 255 255 180 255 255 255 206 254 101
33 227 195 255 255 253 155 204 255 255 255 171 255 255 242 249 255 255 246 198 255 255 255 255 255 46 0 19 231 255 177 179 255 255 255 255 255 227 188 255 255 255 191 239 217 255 212 255 255 255 255 255 21 0 114 255 255 171 255 255 184 131 231 255 255 255 255 255 231 255 255 255 255 183 255 255 255 175 245 36 1 139 255 197 211 255 226 255 255 255 255 191 219 255 255 255 255 255 255 255 255 255 255 234 207 61 0 5 147 238 219 255 255 255 216 255 255 208 246 255 255 198 255 255 255 216 139 143 150 146 206 255 73 5 255 255 242 191 255 255 174 212 255 255 242 216 242 255 255 255 255 255 255 167 255 255 255 188 199 46
21 219 205 255 255 245 152 208 255 255 255 168 255 255 242 246 255 255 255 255 255 255 255 255 255 51 0 19 231 255 181 179 255 255 255 255 255 227 191 255 255 255 198 239 232 255 198 255 255 255 255 255 23 0 134 255 255 168 255 255 198 146 255 255 255 249 205 255 255 255 255 255 255 176 255 255 255 175 222 15 5 133 255 204 222 255 215 247 255 255 255 184 227 255 255 255 255 255 255 255 255 255 255 223 210 97 0 11 183 255 249 255 255 255 205 255 255 205 238 255 255 198 255 255 255 234 158 187 152 160 187 255 70 6 255 255 238 184 255 255 168 158 254 255 255 227 216 242 255 255 255 255 255 167 255 255 255 178 209 67
26 227 201 255 255 237 155 189 255 255 255 169 255 255 234 251 255 255 255 255 173 255 255 255 255 49 0 13 227 255 164 183 255 231 255 255 255 227 188 255 255 255 198 208 253 255 201 255 255 255 255 255 21 0 119 255 255 161 255 255 184 216 255 255 238 255 238 255 255 255 255 255 255 183 255 255 255 177 212 0 3 149 255 204 220 255 223 211 254 255 255 178 219 255 255 255 255 255 255 255 242 255 255 242 225 105 0 16 250 255 255 255 255 255 198 255 255 212 238 255 255 209 255 255 255 223 191 201 184 224 255 255 78 11 255 255 243 186 255 255 174 137 234 255 255 242 255 255 242 255 255 255 255 164 255 255 254 184 211 77
27 229 216 255 255 237 155 196 255 255 255 169 255 255 238 255 255 255 255 255 160 205 255 255 255 58 0 5 194 255 170 187 255 219 255 255 255 227 188 255 255 255 198 194 255 255 201 255 255 255 255 255 19 0 103 255 255 168 255 255 174 234 255 255 227 255 255 255 255 255 255 255 248 197 255 255 255 177 219 0 3 145 255 211 209 255 255 200 255 255 255 209 255 255 255 255 255 255 255 250 223 255 255 242 255 67 0 39 220 255 255 255 255 249 191 255 255 216 234 255 255 246 255 255 255 234 205 255 255 255 255 236 78 0 255 255 249 188 255 255 223 174 254 255 255 238 255 255 238 255 255 255 255 161 255 255 250 174 180 46
2 183 216 255 255 233 146 192 255 255 255 166 255 255 242 255 255 255 255 255 176 171 255 255 255 58 0 1 177 255 177 180 255 209 255 255 255 227 188 255 255 255 198 181 255 255 201 255 255 255 255 255 19 0 88 217 255 158 255 255 184 234 255 255 223 230 255 255 255 255 255 255 244 222 255 255 255 170 219 0 7 173 255 207 202 255 255 183 255 255 255 234 255 255 255 255 255 255 255 242 201 255 255 234 237 84 0 27 212 255 255 255 255 255 194 253 255 205 212 255 255 255 255 255 255 246 194 255 255 255 255 221 72 7 255 255 246 191 255 255 255 250 255 255 255 238 255 255 234 255 255 255 255 164 255 255 255 194 187 48
0 139 207 255 255 230 140 188 255 255 255 166 255 255 238 251 255 255 255 255 201 165 255 255 255 64 0 1 174 255 180 174 255 198 255 255 255 227 188 255 255 255 198 171 255 255 201 255 255 255 255 255 21 0 84 218 255 158 255 255 216 255 255 255 230 201 255 255 255 255 255 255 244 252 255 255 255 170 219 0 6 208 255 191 209 255 253 160 234 255 255 227 227 246 255 255 255 255 255 242 184 255 255 223 233 126 0 11 243 255 255 255 255 255 219 255 255 212 208 255 255 255 255 255 255 255 184 249 255 255 255 255 87 46 255 255 238 198 255 255 255 255 255 255 249 238 255 255 234 255 255 255 255 170 255 255 255 197 187 52
0 140 207 255 255 219 146 201 255 255 255 166 255 255 238 247 255 255 255 255 216 171 255 255 255 78 0 0 171 255 183 180 255 191 255 255 255 223 184 255 255 255 201 178 255 255 195 255 255 255 255 255 16 0 70 218 255 168 255 249 223 255 255 255 223 201 255 255 255 255 255 255 240 255 255 255 255 180 219 0 2 198 255 197 222 255 255 160 162 255 255 246 219 250 238 255 255 255 255 242 174 255 255 212 241 79 0 6 255 255 255 255 255 255 227 255 255 216 208 255 255 255 255 255 255 255 227 255 255 255 255 255 118 44 255 255 238 209 255 255 231 255 255 255 238 242 255 253 231 255 255 255 255 170 255 255 255 211 180 45
0 149 211 255 255 222 161 198 255 255 251 163 255 255 238 247 255 249 255 255 242 198 255 255 255 80 0 0 174 255 180 180 255 191 255 255 255 219 184 255 255 255 201 201 255 255 184 255 255 255 255 255 17 0 59 228 255 171 255 255 242 255 255 255 219 184 255 255 255 255 255 255 240 255 255 255 255 194 212 3 0 128 255 192 204 255 255 166 162 255 255 255 246 255 234 255 255 255 255 246 171 255 255 208 233 54 0 9 255 255 255 255 255 255 219 253 255 212 201 255 255 234 255 255 255 227 219 255 255 255 255 255 172 15 255 255 242 219 255 255 184 255 255 255 227 242 255 249 227 255 255 255 255 167 255 255 255 226 164 28
0 158 215 255 255 237 180 181 255 255 247 160 255 255 238 247 255 212 216 255 255 254 255 255 255 92 0 0 177 255 177 177 255 188 255 255 255 219 188 255 255 255 205 230 255 255 178 255 255 255 255 255 22 0 55 243 255 178 255 255 255 255 255 255 249 181 255 255 255 255 255 255 255 255 255 255 255 200 198 2 0 112 255 208 218 255 255 249 227 255 255 242 250 255 216 254 255 255 255 246 174 255 255 212 241 101 0 45 255 255 255 255 255 255 198 255 255 219 205 255 255 227 255 255 216 143 163 243 255 255 255 255 195 1 224 255 238 216 255 255 191 255 255 255 217 239 255 242 219 255 255 255 255 170 255 255 255 222 148 18
0 178 226 255 255 241 197 171 255 255 239 160 255 255 242 251 255 191 169 255 255 255 255 255 255 125 0 0 171 255 180 183 255 188 255 255 255 219 188 255 255 255 205 249 255 255 171 255 255 255 255 255 21 0 36 217 188 165 255 255 255 255 255 255 255 191 255 255 227 255 255 246 255 255 255 255 255 204 181 0 0 114 255 188 215 255 255 255 255 255 255 238 254 255 205 255 255 255 255 246 178 255 255 219 229 113 0 103 255 255 255 255 255 205 155 238 255 212 198 255 255 227 255 255 253 155 186 255 255 255 255 242 128 0 115 255 236 214 255 255 216 255 255 255 214 236 255 234 216 255 255 255 255 174 255 255 255 237 173 39
0 255 196 255 255 239 230 164 255 255 223 165 255 255 238 246 255 246 140 249 255 255 255 255 255 145 9 0 162 255 169 180 255 184 255 255 255 231 188 255 255 255 205 255 255 255 174 255 255 255 255 255 26 0 53 250 255 171 253 238 255 255 255 255 255 158 255 227 174 255 255 158 231 255 255 255 255 198 114 0 0 137 255 199 209 255 255 255 255 255 255 230 255 255 219 254 255 255 255 242 174 255 255 219 222 143 0 15 255 255 255 255 255 184 143 231 255 191 212 255 255 223 255 255 255 195 212 255 255 255 222 159 97 0 83 255 238 208 255 255 201 255 255 250 210 214 255 242 216 255 255 255 255 169 255 255 255 223 227 78
0 193 234 255 255 255 255 173 255 255 223 168 255 255 242 249 255 223 168 246 255 255 255 255 255 53 0 1 159 255 186 194 255 178 255 255 255 227 188 255 255 255 201 254 255 255 174 255 255 255 255 255 18 0 59 255 255 171 255 255 255 255 255 255 219 161 255 234 194 255 216 131 243 255 255 255 255 187 95 0 0 177 255 206 209 255 255 226 255 255 255 223 255 255 212 250 255 255 255 242 178 255 255 219 229 93 0 41 255 223 255 255 255 219 168 231 255 201 198 255 255 223 255 255 255 209 250 255 255 252 179 146 83 0 87 255 242 216 255 255 212 255 255 255 206 214 255 255 255 255 255 255 255 166 255 255 255 220 180 39
0 94 230 255 255 255 255 167 255 255 223 178 255 255 238 253 255 216 219 253 255 255 255 255 255 66 0 5 175 255 179 204 255 171 255 255 255 223 188 255 255 255 198 246 255 255 171 255 255 255 255 255 3 0 51 255 255 171 255 255 255 255 255 255 255 174 255 223 181 255 242 212 255 255 255 255 255 187 85 0 17 223 255 199 209 255 255 223 255 255 255 216 255 255 212 254 255 255 255 246 188 255 255 219 227 79 0 59 223 194 255 255 255 233 184 231 255 219 198 255 255 227 255 255 216 184 255 255 255 222 157 149 78 0 85 255 242 212 255 255 212 255 255 255 214 217 255 255 255 255 255 255 255 167 255 255 255 216 139 16
0 102 234 255 255 255 201 145 255 255 223 188 255 255 230 249 255 246 255 255 255 255 255 255 255 82 0 0 174 255 173 212 255 168 255 255 255 223 188 255 255 255 198 246 255 255 171 255 255 255 255 242 3 0 43 255 255 171 255 255 255 227 255 255 255 181 255 249 188 255 255 255 255 255 255 255 255 179 83 0 22 250 255 206 227 255 255 224 255 255 255 184 255 255 219 254 255 255 255 250 195 255 255 219 229 138 0 59 212 201 255 255 254 194 181 235 255 222 191 255 255 227 255 255 201 184 255 255 255 253 166 164 92 0 85 255 255 227 255 255 234 255 255 255 228 236 255 255 255 255 255 255 255 167 255 255 253 227 130 18
0 168 234 255 255 254 174 142 255 255 216 191 255 255 227 249 255 255 249 242 255 255 255 255 255 73 0 0 168 255 179 212 255 168 255 255 255 223 188 255 255 255 201 254 255 255 171 255 255 255 255 235 9 0 47 255 255 174 255 255 250 205 255 255 255 205 255 242 171 255 255 255 255 255 255 255 255 189 90 0 19 255 255 225 255 255 255 217 255 255 253 168 242 255 250 255 255 255 255 254 198 255 255 219 244 207 0 74 217 207 255 255 255 164 191 255 255 230 191 255 255 219 255 255 250 255 255 227 212 255 173 164 97 0 85 255 255 234 255 255 255 255 255 255 221 243 255 255 255 255 255 255 255 171 255 255 255 241 131 21
0 255 255 255 255 255 174 142 253 255 212 194 255 255 234 253 255 255 212 212 255 255 255 255 255 161 10 11 184 255 173 215 255 168 255 255 255 223 191 255 255 255 205 254 255 255 174 255 255 255 255 231 11 0 85 255 255 188 255 255 246 201 255 255 208 238 255 219 184 255 255 255 234 255 255 255 255 221 114 0 22 255 255 222 255 255 255 243 255 255 255 181 246 255 255 255 255 255 255 254 201 255 255 223 238 192 0 108 223 202 255 255 255 146 201 255 255 245 198 255 255 227 255 255 255 255 255 158 194 255 166 149 75 0 76 255 255 234 255 255 255 255 242 255 217 243 246 255 255 255 255 255 255 183 255 255 255 255 128 14
0 199 255 255 255 255 184 144 253 255 219 201 255 255 234 249 255 255 181 191 255 255 255 255 255 207 27 8 184 255 166 214 255 168 255 255 255 219 194 255 255 255 201 254 255 250 174 255 255 255 255 246 12 0 181 255 255 198 255 255 242 198 255 255 165 246 255 219 181 255 255 227 152 190 255 255 255 232 145 0 24 255 255 211 249 255 255 255 255 255 255 194 246 255 255 255 255 255 255 254 201 255 255 227 235 165 0 148 226 195 255 255 250 129 194 255 255 249 191 255 255 231 255 255 255 255 234 165 246 255 166 146 49 0 64 255 255 253 255 255 255 255 205 255 247 255 246 255 255 255 255 255 255 197 255 255 255 255 134 19
0 120 255 255 255 255 184 138 255 255 227 205 255 255 230 242 255 255 171 191 255 255 255 255 255 124 0 0 168 255 181 201 255 168 255 255 255 219 198 255 255 255 201 250 255 242 178 255 255 255 255 242 5 0 255 255 255 201 255 255 234 188 255 255 171 234 255 242 184 255 255 255 161 170 255 255 255 243 197 0 23 255 255 225 255 255 237 255 255 255 255 216 255 255 255 255 255 255 255 254 201 255 255 231 255 185 0 180 239 198 255 255 255 143 212 255 255 255 191 255 255 216 255 255 255 255 216 254 255 238 166 155 39 0 64 255 255 255 255 255 255 255 195 255 255 251 238 255 255 255 242 255 255 208 255 255 255 255 146 33
0 244 255 255 255 255 251 171 255 255 227 205 255 255 250 246 255 246 173 169 217 255 255 255 255 103 0 10 201 255 160 221 255 174 255 255 249 230 194 255 255 255 198 250 255 255 181 255 255 255 249 151 0 0 255 255 255 191 255 255 219 191 255 255 168 205 255 255 171 255 255 255 237 161 247 255 255 255 234 1 17 243 255 212 255 255 226 255 255 255 255 231 254 255 255 255 255 255 255 246 209 255 255 231 255 123 0 193 226 189 255 255 255 155 181 255 255 255 222 255 255 219 255 255 255 158 155 255 255 239 156 154 37 0 62 255 255 246 255 255 255 255 198 255 255 255 246 255 255 255 181 255 255 236 255 255 255 255 171 31
0 240 255 255 255 255 255 198 255 255 227 201 255 255 242 246 255 234 163 163 217 255 255 255 255 166 6 24 215 255 167 239 255 171 255 255 255 230 188 255 255 255 198 255 255 255 178 255 255 255 245 131 0 0 255 255 255 188 255 255 231 198 255 255 171 219 255 255 181 255 255 255 255 218 225 255 255 255 250 0 7 210 255 218 249 255 255 255 253 249 255 234 242 255 255 255 255 255 255 250 212 255 255 227 255 104 0 207 208 185 255 255 255 164 177 255 255 255 215 255 255 227 255 255 255 234 208 198 255 255 182 145 39 0 55 255 255 255 255 255 255 255 195 255 255 255 255 255 255 255 184 255 255 255 255 255 255 255 174 27
0 252 255 255 255 255 255 196 255 255 231 198 255 255 238 254 255 230 142 147 228 255 255 255 255 163 0 16 204 255 170 251 255 165 255 255 255 230 188 255 255 255 201 255 255 255 178 255 255 255 208 125 0 0 233 255 255 195 255 255 246 209 255 255 171 246 255 255 195 255 255 255 255 255 229 255 255 255 239 0 4 195 255 245 253 255 255 255 242 238 255 242 242 254 255 255 255 238 255 255 231 255 255 234 251 175 0 183 212 204 255 255 255 174 168 255 255 241 208 255 255 223 255 255 255 255 255 212 255 255 213 136 46 0 53 255 255 255 255 255 255 255 194 255 255 255 255 255 255 255 188 255 255 255 255 255 255 255 155 6
0 205 255 255 255 255 255 196 255 255 231 195 255 255 238 254 255 242 161 166 249 255 255 255 255 154 0 21 219 255 170 232 255 165 255 255 255 230 188 255 255 255 205 255 255 255 178 255 255 225 182 134 0 0 164 215 255 205 255 255 254 223 255 255 171 255 255 255 205 255 255 255 255 255 255 255 255 255 203 0 7 192 255 255 255 255 255 255 253 238 255 254 254 255 255 255 255 201 255 255 255 255 255 238 255 182 11 193 230 193 255 255 255 184 152 242 255 230 205 255 255 209 255 255 255 255 255 255 255 255 255 155 46 0 57 255 255 255 255 227 254 255 198 255 255 255 255 255 255 255 181 255 255 255 255 255 255 255 152 1
0 146 255 255 255 255 255 200 255 255 227 191 255 255 234 242 255 255 255 253 255 255 255 255 255 89 0 28 233 255 178 237 255 165 255 255 255 230 194 255 255 255 216 255 255 255 178 255 255 196 160 122 0 0 157 171 246 205 255 255 254 234 255 255 171 255 255 255 212 255 255 255 255 255 255 255 255 255 158 0 7 195 255 255 255 255 255 255 255 238 255 255 255 255 255 255 255 191 255 255 255 255 255 242 255 170 0 94 197 186 255 255 255 197 137 227 255 226 205 255 255 231 255 255 255 255 255 255 255 255 255 166 24 0 62 255 255 255 255 205 234 255 194 255 255 255 255 255 255 255 178 255 255 255 255 255 255 255 152 6
0 143 255 255 255 255 255 203 255 255 227 191 255 255 238 238 255 255 255 253 255 255 255 255 255 72 0 45 249 255 174 245 255 168 255 255 255 223 198 255 255 255 227 255 255 255 178 255 255 183 149 141 0 0 167 171 223 195 255 255 250 238 255 255 171 255 255 255 209 255 255 255 237 204 208 208 229 255 131 0 18 220 255 255 255 255 226 255 253 238 255 255 255 250 255 255 255 191 255 255 255 255 255 255 255 190 0 66 184 197 255 255 255 215 134 220 255 222 205 255 255 219 255 255 255 219 191 255 255 251 219 139 5 0 64 255 255 254 255 212 234 255 194 255 255 255 255 255 255 255 178 255 255 255 255 255 255 255 161 24
0 175 255 255 255 255 255 216 255 255 234 195 255 255 255 255 255 255 255 205 255 255 255 255 255 72 0 39 230 255 168 255 255 168 255 255 255 219 198 255 255 255 242 255 255 255 178 255 255 193 187 215 10 0 154 167 250 195 255 255 246 231 255 255 171 255 255 255 205 255 255 255 184 145 146 143 161 235 126 0 26 243 255 255 255 255 194 255 249 230 255 255 255 250 255 255 255 191 255 255 255 255 255 255 255 157 16 207 211 193 255 255 255 241 143 220 255 219 205 255 255 216 255 255 255 169 154 255 255 203 158 130 2 0 62 255 255 227 255 219 238 255 196 255 255 255 255 255 255 255 178 255 255 255 255 255 255 255 188 38
0 213 255 255 255 255 255 205 255 255 242 205 255 255 255 255 255 255 255 181 246 255 255 255 255 81 0 23 211 255 171 255 255 165 255 255 255 212 198 255 255 255 250 255 255 255 178 255 255 244 255 253 4 0 207 230 255 209 255 255 242 219 255 255 174 255 255 255 201 255 255 255 180 176 177 152 144 225 137 0 21 239 255 255 235 255 183 255 255 227 255 255 255 255 255 255 255 198 255 255 255 255 255 255 255 177 18 225 184 196 255 255 255 255 152 227 255 215 208 255 255 227 255 255 196 144 161 255 255 217 181 167 6 0 55 255 255 205 255 219 234 255 199 255 255 255 255 255 250 255 181 255 255 255 255 255 255 255 168 15
0 139 255 255 255 255 255 191 255 255 238 191 255 255 255 255 255 255 255 178 223 255 255 255 255 88 0 18 203 255 173 255 255 168 255 255 255 227 188 255 255 255 255 255 255 255 174 255 255 241 255 250 14 0 193 255 255 250 255 255 230 212 255 255 168 255 255 255 231 255 255 255 190 231 184 188 230 255 109 0 18 245 255 255 226 255 177 255 255 234 255 255 255 255 255 255 255 168 255 255 255 255 255 255 255 190 38 208 211 193 255 255 255 255 174 242 255 194 194 255 255 228 255 189 147 139 166 255 255 255 255 228 14 0 61 255 255 206 255 212 230 255 198 255 255 255 255 255 205 224 182 255 255 255 255 255 255 255 149 11
0 109 255 255 255 255 255 198 255 255 234 191 255 255 255 255 255 255 255 184 242 255 255 255 254 90 0 4 182 255 170 255 255 168 255 255 255 227 188 255 255 255 255 255 255 255 178 255 255 241 255 246 6 0 225 255 255 255 255 255 227 216 255 255 181 255 255 255 250 255 255 255 190 241 255 255 255 255 91 0 23 249 255 255 222 255 170 255 255 238 255 255 255 255 255 242 255 168 255 255 255 255 255 255 255 230 44 208 190 188 255 255 255 255 254 255 255 188 198 255 255 238 238 184 181 205 246 255 255 255 255 255 28 0 57 255 255 192 255 219 238 255 198 255 255 255 255 255 234 242 173 255 255 255 255 255 255 255 149 14
0 117 255 255 255 255 255 195 255 255 230 194 255 255 255 255 255 255 255 205 253 255 255 255 255 100 0 0 182 255 175 255 255 168 255 255 255 227 188 255 255 255 242 255 255 255 178 255 255 234 251 253 3 0 255 255 255 255 255 255 238 219 255 255 196 253 255 255 255 255 255 255 208 211 255 255 255 255 90 0 24 249 255 255 215 255 167 255 255 234 255 255 255 255 255 209 249 168 255 255 255 255 255 255 255 230 37 230 177 187 255 255 255 255 255 255 255 184 201 255 255 255 255 246 255 255 255 255 255 255 255 217 10 0 68 255 255 182 255 219 242 255 194 255 255 255 255 255 255 255 171 255 255 255 255 255 255 255 146 17
0 179 255 255 255 255 250 183 255 255 227 198 255 255 255 255 255 255 255 219 255 255 255 255 253 87 0 2 192 255 199 255 255 168 255 255 255 227 188 255 255 255 223 255 255 255 178 255 255 238 239 253 5 0 244 255 255 255 255 255 255 227 255 255 203 255 255 255 255 255 255 255 245 200 255 255 255 255 155 0 23 245 255 240 208 255 170 255 255 230 255 255 255 255 255 246 253 168 255 255 255 255 255 255 255 215 26 239 180 191 255 255 255 238 255 255 255 181 201 255 255 255 255 255 255 255 255 255 255 255 255 185 5 0 87 255 255 173 255 216 238 255 198 255 255 255 242 255 255 255 168 255 255 255 255 255 255 255 146 17
0 244 255 255 255 255 250 180 255 255 223 205 255 255 255 255 255 255 255 205 255 255 255 255 255 93 0 13 202 255 213 255 255 168 255 255 255 227 188 255 255 255 205 255 255 255 178 255 255 255 228 223 5 0 203 255 255 255 255 255 253 219 255 255 192 255 255 255 235 255 255 255 255 226 255 255 255 255 216 0 19 245 255 229 194 255 174 255 255 230 255 255 255 255 255 255 255 165 255 255 255 255 255 255 255 241 19 168 174 197 255 255 255 205 255 255 255 178 184 255 255 255 255 255 255 255 255 255 255 255 255 206 9 0 100 255 251 166 255 212 238 255 201 255 242 249 223 255 255 255 162 255 255 255 255 255 255 255 146 16
0 254 255 255 241 255 255 185 255 255 223 212 255 255 255 255 255 255 249 182 251 255 255 255 255 112 0 19 203 255 213 255 255 168 255 255 255 227 188 255 255 255 188 255 255 255 178 255 255 255 206 212 9 0 214 255 255 255 255 255 249 212 255 255 176 255 255 255 212 255 255 227 184 204 255 255 255 255 225 0 21 249 255 214 177 255 167 255 253 238 255 250 255 254 255 255 255 165 255 255 255 255 255 255 255 255 11 58 156 197 255 255 250 195 255 255 255 174 161 255 255 255 255 255 255 255 255 255 255 255 255 206 17 0 116 255 243 157 255 212 246 255 201 255 217 238 216 255 255 255 165 255 255 240 255 255 255 255 146 12
0 185 255 255 245 255 255 184 255 255 227 223 255 255 250 255 255 255 253 169 214 205 242 255 255 141 1 21 206 255 209 255 255 168 255 255 255 227 188 255 255 255 174 255 255 255 181 255 255 255 179 250 19 0 255 255 255 255 255 255 227 205 255 255 171 251 255 255 209 255 255 194 140 190 255 255 255 255 196 0 23 253 255 200 168 255 164 255 249 246 255 216 246 250 255 255 255 161 255 255 231 255 255 255 255 255 10 10 143 189 255 255 254 212 255 255 255 181 149 255 255 255 255 255 255 255 255 255 255 255 255 222 37 0 142 255 239 142 255 223 255 255 198 255 199 232 212 255 255 255 174 255 255 225 229 255 255 255 152 9
0 110 255 249 252 255 255 184 255 255 227 230 255 255 250 255 255 255 246 169 206 158 158 219 255 212 35 37 237 255 206 255 255 168 255 255 255 227 188 255 255 255 165 255 255 255 181 255 255 245 157 255 24 0 255 255 255 255 255 255 165 168 255 255 181 243 255 255 201 255 255 223 168 241 255 255 255 255 129 0 23 245 255 190 158 255 164 255 249 249 255 191 242 255 255 255 255 161 255 255 198 255 255 255 255 239 17 7 149 186 255 255 255 242 255 255 255 194 146 255 255 255 255 255 255 255 255 255 255 255 255 218 29 0 152 255 236 127 255 234 255 255 194 255 203 239 221 255 255 255 174 254 255 217 207 255 255 255 152 8
0 127 255 238 245 255 255 193 255 255 227 227 255 255 246 255 255 255 244 173 207 166 160 154 255 255 88 58 222 255 232 255 255 165 255 255 255 219 198 255 255 255 177 255 255 255 181 255 255 226 134 255 26 0 255 255 243 255 255 242 174 164 255 255 173 236 255 255 219 255 255 255 212 255 255 255 233 184 100 0 19 253 255 190 168 255 225 255 250 242 255 182 214 255 255 255 255 161 255 255 184 231 255 255 255 255 10 9 148 188 255 255 255 255 255 255 255 165 189 236 250 250 250 255 255 255 255 255 255 255 255 221 29 0 142 255 228 139 255 255 255 255 216 255 201 242 216 255 255 255 191 253 255 206 250 255 255 255 141 9
0 102 255 247 249 255 255 200 255 255 227 227 255 255 246 255 255 255 238 154 179 155 154 164 255 255 57 62 240 255 217 255 255 165 255 255 255 219 205 255 255 255 174 255 255 255 181 255 255 204 134 255 21 0 250 255 236 255 255 255 212 174 255 255 163 221 255 255 201 255 255 191 223 255 255 255 214 174 113 0 19 253 255 190 164 255 255 255 254 238 255 189 221 255 255 255 255 161 255 255 205 255 255 255 255 236 10 2 138 201 255 255 255 255 255 255 255 194 179 199 255 242 227 255 255 255 255 255 255 255 255 214 35 0 152 255 236 127 251 255 255 255 205 255 198 242 216 255 216 238 178 255 255 212 255 255 255 255 169 18
0 86 249 247 248 255 255 203 255 255 227 227 255 255 242 255 255 255 230 151 178 158 162 174 255 244 40 56 229 255 239 255 255 168 255 255 255 219 209 255 255 255 168 255 255 255 181 255 255 183 140 255 18 0 242 215 239 255 255 255 208 187 255 255 173 217 255 255 198 255 255 165 219 255 255 255 225 161 119 0 18 253 255 190 158 255 248 255 255 238 255 199 228 255 255 216 255 161 255 255 231 255 234 255 255 183 3 3 141 219 255 255 255 255 255 255 255 189 151 176 255 254 238 255 255 255 255 219 253 255 255 217 42 0 149 255 239 121 255 219 238 255 194 255 194 246 230 255 201 216 171 255 255 240 255 237 224 255 170 24
0 92 226 232 248 255 255 199 255 255 227 227 255 255 234 255 255 255 228 149 168 155 155 176 255 233 19 46 229 255 255 255 255 165 255 255 255 219 212 255 255 255 168 255 255 255 177 255 255 177 152 255 19 0 255 194 239 255 255 227 168 198 255 255 192 221 255 255 201 255 255 216 255 255 212 255 233 152 119 0 13 253 255 186 161 255 204 255 254 238 255 206 236 255 255 198 247 174 255 255 255 255 205 255 255 125 0 10 150 230 255 255 255 255 255 255 255 179 163 236 255 255 238 255 255 255 255 171 242 255 255 183 33 0 134 255 239 127 255 212 230 255 201 255 198 242 242 255 212 227 171 255 255 255 255 249 224 255 145 31
0 107 215 215 250 255 255 198 255 255 227 227 255 255 231 255 255 255 232 155 152 145 160 200 255 175 0 34 243 255 255 255 255 165 255 255 255 216 212 255 255 255 168 255 255 255 177 255 255 180 158 255 21 11 255 191 232 255 255 212 146 212 255 255 203 217 255 255 205 255 255 255 255 255 155 240 255 180 136 0 13 255 255 186 174 255 176 255 255 250 255 210 239 255 255 198 251 194 255 255 255 255 223 255 254 127 0 9 159 231 255 255 255 255 255 255 255 176 189 255 255 238 223 255 255 255 255 188 255 255 255 183 29 0 92 255 232 136 255 216 238 255 242 255 198 234 238 255 201 223 171 255 255 255 255 255 203 255 164 38
0 120 208 211 254 255 255 198 255 255 227 227 255 255 227 255 255 255 255 199 171 157 166 205 255 172 0 35 243 255 255 255 254 165 255 255 255 216 209 255 255 255 171 255 255 255 177 255 255 190 158 255 21 16 255 194 243 255 255 216 143 219 255 255 217 221 255 255 212 255 255 255 255 193 164 255 225 167 119 0 18 255 255 186 174 255 167 255 255 255 255 206 232 249 255 195 243 205 255 255 255 255 238 163 255 187 0 6 169 231 255 255 255 209 165 227 251 169 181 255 255 223 227 255 255 255 255 209 255 255 255 243 18 0 62 255 232 139 251 219 238 255 255 255 188 223 249 255 198 219 174 255 255 255 255 255 163 243 212 41
0 114 200 222 250 255 255 194 255 255 227 227 255 255 223 255 255 255 255 255 255 255 255 255 255 225 2 45 247 255 255 255 254 171 255 255 255 216 212 255 255 255 168 255 255 255 177 255 255 207 158 255 19 13 255 190 239 255 255 219 140 222 255 255 228 224 255 255 209 255 255 255 255 204 253 255 193 158 116 0 23 253 255 186 161 255 173 255 255 255 255 199 232 242 255 195 243 198 255 255 227 255 242 139 255 176 0 8 172 227 255 255 255 223 134 198 255 168 164 255 255 231 234 255 255 255 255 255 255 255 255 255 0 0 92 255 239 130 255 223 230 255 255 255 181 219 253 255 201 223 174 255 255 219 238 255 169 255 210 33
0 108 200 237 250 255 255 187 255 255 227 227 255 255 219 255 255 252 255 255 255 255 255 255 255 199 0 36 255 255 255 255 255 174 255 255 255 216 216 255 255 255 164 255 255 255 177 255 255 225 161 255 19 11 255 190 214 255 255 227 140 237 255 255 232 221 255 255 195 255 255 234 152 167 255 255 190 180 113 0 23 241 255 200 158 255 193 255 255 255 249 186 236 253 255 216 255 188 255 250 152 234 255 203 255 108 0 9 169 223 255 255 255 255 152 210 255 161 161 255 255 209 234 255 255 255 255 255 255 255 255 255 0 1 144 255 247 121 255 223 227 255 255 255 191 212 242 255 194 227 174 255 255 169 201 255 210 255 169 20
0 119 245 211 255 255 255 189 255 255 223 238 255 255 223 255 255 246 255 255 255 255 255 255 255 209 1 15 229 255 255 255 253 168 255 255 255 227 205 255 255 255 158 255 255 255 174 255 255 230 154 255 15 12 255 191 199 255 255 227 134 222 255 255 208 249 255 255 205 255 255 255 251 165 211 255 222 161 128 0 17 245 255 186 171 255 214 255 255 255 255 171 250 255 255 216 249 188 255 234 209 255 255 255 255 55 0 16 165 255 255 255 255 255 194 217 214 160 176 255 255 234 219 255 255 255 255 255 255 255 255 255 0 0 160 255 232 144 243 255 255 255 255 255 191 227 255 255 192 226 178 255 255 194 250 255 255 255 163 15
0 100 255 219 254 255 255 193 255 255 223 234 255 255 216 255 255 255 255 255 255 255 255 255 255 194 0 41 255 255 255 255 253 171 255 255 255 227 205 255 255 255 168 255 255 255 178 255 255 226 207 255 18 9 255 184 224 255 255 246 155 205 255 255 194 253 255 255 212 255 255 255 255 255 232 255 255 192 131 0 16 255 255 190 155 255 255 255 255 255 254 178 255 255 255 195 238 205 255 255 255 255 255 255 255 80 0 21 181 255 255 255 255 255 227 221 203 148 160 255 255 208 242 255 255 255 255 255 255 255 255 255 7 0 150 255 232 139 251 255 255 255 255 255 187 242 255 255 196 226 191 255 244 255 255 255 255 255 196 44
0 87 255 226 242 255 255 200 255 255 223 227 255 255 209 255 255 255 255 255 255 255 255 255 255 163 0 45 255 255 255 255 253 171 255 255 255 223 205 255 255 255 165 255 255 246 178 255 255 233 194 255 15 30 255 166 214 255 255 255 161 171 255 255 181 255 255 255 212 255 255 255 255 255 255 255 255 255 117 0 17 253 255 197 146 255 255 255 255 255 250 178 255 255 255 198 227 230 255 253 255 255 255 255 255 116 0 39 191 253 255 255 255 255 246 217 210 151 151 255 255 208 246 255 227 247 221 247 255 255 255 255 0 0 141 255 236 130 251 255 255 255 255 255 181 246 255 255 203 222 201 255 221 255 255 255 255 255 186 35
0 97 255 222 246 255 255 203 255 255 223 212 255 255 205 253 255 255 255 255 255 255 255 255 255 173 0 35 241 255 255 255 253 171 255 255 255 219 205 255 255 255 165 255 255 238 178 255 255 241 152 255 36 55 255 154 199 255 255 255 168 161 255 255 171 255 255 255 205 255 255 255 255 244 255 255 255 255 121 0 21 232 255 197 146 250 255 255 255 255 250 178 255 255 255 234 201 255 255 227 255 255 255 255 255 116 0 51 198 255 255 255 255 255 234 214 228 170 151 255 255 209 223 205 147 152 149 212 255 255 255 255 0 0 141 255 239 127 247 255 255 255 255 255 184 246 255 255 217 212 212 255 221 255 255 255 255 255 163 14
0 121 255 215 255 255 255 200 255 255 223 194 255 255 205 253 255 255 255 255 219 246 255 255 255 142 0 19 211 255 255 255 249 171 255 255 255 216 209 255 255 255 171 255 255 255 181 255 255 255 155 242 100 43 255 157 210 255 255 255 191 168 255 255 169 249 255 255 205 255 255 254 164 172 255 255 201 171 140 0 21 217 255 190 149 254 233 255 255 255 254 174 255 255 255 250 168 255 255 227 255 255 255 255 255 84 0 59 232 255 255 255 255 255 227 224 251 183 148 255 255 231 246 249 154 143 201 255 255 255 255 255 0 0 144 255 243 130 247 255 255 255 255 255 187 246 255 255 232 198 227 255 203 255 255 255 255 255 153 9
0 139 255 208 255 255 255 193 255 255 219 178 255 255 201 253 255 255 255 255 198 246 255 255 255 112 0 16 217 255 255 255 249 174 255 255 255 219 212 255 255 255 165 255 255 255 184 255 255 255 161 237 127 28 243 164 206 255 255 255 208 152 255 255 173 247 255 255 201 255 255 198 149 170 255 255 190 171 121 0 16 210 255 183 149 255 204 255 255 255 250 174 255 255 255 227 171 255 255 212 255 255 255 255 255 92 0 87 255 255 255 255 255 255 249 255 255 173 145 255 255 216 238 255 171 160 255 255 255 255 255 255 0 0 141 255 239 139 255 255 238 255 255 255 181 246 255 255 239 177 242 255 196 255 255 255 255 255 150 3
0 130 255 204 254 255 255 186 255 255 212 165 255 255 201 253 255 255 255 255 198 255 255 255 255 134 0 23 238 255 255 255 253 181 255 255 255 223 219 255 255 255 161 255 255 255 178 255 255 255 162 227 142 32 216 164 206 255 255 255 230 171 255 255 169 247 255 255 201 255 198 155 146 175 255 255 230 249 133 0 11 186 255 187 155 255 201 248 255 255 250 174 255 255 255 205 216 255 249 194 255 255 255 255 255 146 0 115 255 255 255 255 255 255 255 255 255 166 145 255 255 219 230 255 234 209 255 255 255 255 255 255 0 0 133 255 239 136 255 242 219 255 255 255 184 246 255 255 243 177 255 255 203 255 255 255 255 255 147 6
0 116 255 208 238 255 255 183 253 255 208 158 255 255 198 249 255 255 255 255 181 255 255 255 255 129 0 7 212 255 255 255 253 184 255 255 255 227 227 255 255 255 171 255 255 255 168 255 255 241 182 185 188 38 242 160 232 255 255 255 255 249 255 255 166 247 255 255 216 255 158 146 177 237 255 255 255 255 207 0 8 157 252 197 158 254 201 252 255 255 250 171 255 255 255 201 255 255 246 201 255 255 255 255 255 184 0 109 255 255 255 255 255 255 255 255 255 170 151 255 255 223 216 255 255 250 224 255 255 255 255 255 2 1 127 255 236 133 251 230 205 255 255 255 198 255 255 255 255 201 255 255 173 255 255 255 255 255 132 19
0 116 255 203 237 255 255 170 248 255 189 160 255 255 207 240 255 255 255 225 176 255 255 255 255 78 0 4 198 255 255 255 240 225 255 255 255 233 218 255 255 255 171 255 255 254 165 255 255 246 166 204 192 35 246 166 223 255 255 255 255 255 255 255 162 238 255 254 255 255 225 255 255 255 255 255 255 255 139 0 0 106 255 191 159 255 199 245 255 255 250 159 255 255 255 205 244 255 237 186 255 255 255 255 255 190 0 121 232 255 255 255 255 255 254 227 251 163 151 255 255 213 224 255 255 255 255 255 215 255 255 241 15 0 139 255 218 139 248 209 227 255 255 255 185 255 255 255 231 227 255 255 173 255 255 255 255 255 135 19
0 116 255 203 237 255 255 170 244 255 193 160 255 255 207 236 255 255 251 179 179 255 255 255 255 88 0 26 223 255 255 255 244 248 255 255 255 229 218 255 255 255 171 250 255 254 178 255 255 254 166 186 192 35 220 169 227 255 255 238 246 255 255 255 165 235 255 255 255 255 255 255 255 255 255 255 255 255 136 0 0 98 255 187 169 255 192 241 255 255 246 162 255 255 255 198 255 255 250 198 255 255 255 255 255 146 0 102 240 253 255 255 255 255 235 198 240 173 154 255 255 204 229 255 255 244 200 173 158 231 255 226 11 0 139 255 229 148 255 209 223 255 255 255 195 255 255 255 220 216 255 255 170 255 255 255 255 255 152 24
0 113 255 203 237 255 255 170 240 255 196 163 255 255 203 232 255 255 210 148 189 255 255 255 215 114 0 16 194 255 255 255 229 255 255 255 255 218 218 255 255 255 175 235 255 255 191 255 255 254 166 167 189 35 195 169 223 255 255 220 227 255 255 254 165 216 255 255 255 255 255 255 255 255 255 255 255 255 136 0 5 137 255 198 182 255 177 241 255 255 235 165 255 255 255 195 246 250 238 195 255 255 255 255 255 132 0 41 244 255 255 255 255 255 220 171 221 173 151 255 255 212 246 255 200 154 154 163 201 255 255 233 11 0 133 255 225 151 251 205 223 255 255 255 185 255 255 255 216 209 255 255 160 255 255 255 255 255 183 42
0 111 255 199 233 255 255 170 232 255 200 170 255 255 196 229 255 255 189 148 207 255 255 255 208 95 0 10 194 255 255 255 198 255 255 255 255 216 223 255 255 255 175 227 255 255 202 255 255 242 176 167 182 35 188 169 216 255 255 212 220 255 255 246 163 200 255 255 242 255 255 255 255 241 253 255 255 255 142 0 12 154 255 187 185 255 168 244 255 250 231 168 255 255 255 191 238 246 235 198 255 255 255 223 178 50 0 18 239 255 255 255 255 255 231 195 244 176 145 255 255 203 225 251 186 149 155 162 252 255 255 237 11 0 151 234 218 151 251 205 223 255 255 248 168 246 255 255 216 205 255 255 167 255 255 255 255 255 188 57
0 108 255 199 229 255 253 170 229 255 203 179 255 251 186 229 255 250 173 154 218 255 255 248 191 80 0 10 201 255 254 255 178 246 255 255 255 220 227 255 255 255 175 223 255 250 209 255 255 227 186 183 175 35 198 166 216 255 255 205 209 255 255 242 170 189 255 254 212 255 255 255 255 244 255 255 255 255 148 0 6 148 255 187 195 255 165 240 255 250 227 171 254 255 255 195 246 255 235 195 255 255 209 171 187 21 0 87 255 255 255 253 255 255 246 238 255 193 145 251 255 196 229 255 200 158 162 165 248 255 249 253 19 2 186 238 218 160 251 202 220 255 250 229 168 250 255 255 212 198 242 254 173 255 255 255 255 220 161 68
0 103 255 196 226 255 249 170 229 255 203 189 255 244 179 229 255 227 163 151 221 255 255 244 181 83 0 8 187 255 255 250 181 242 255 255 255 223 231 255 255 255 171 212 255 246 220 255 255 223 196 200 172 33 212 163 212 255 255 231 227 255 255 238 163 183 248 240 195 255 255 255 255 255 255 252 255 255 142 0 12 159 255 187 202 255 168 252 255 255 223 171 246 255 255 202 240 255 229 186 255 251 179 154 230 41 0 102 209 234 255 255 255 255 223 227 255 183 160 248 255 210 248 255 189 145 155 174 237 255 255 255 25 2 180 242 210 160 248 198 216 250 250 225 168 246 255 255 209 202 246 255 166 249 255 253 199 164 109 47
0 100 253 192 226 255 242 167 229 255 203 200 251 236 170 229 255 238 186 154 225 255 254 240 198 66 0 11 181 255 247 255 188 231 255 250 255 220 227 254 254 255 171 191 254 246 235 254 253 231 200 207 172 29 216 166 209 254 255 255 250 246 255 235 160 179 203 236 196 238 255 254 255 255 255 248 255 253 130 0 9 149 252 181 195 255 171 255 254 255 223 171 246 254 255 209 240 255 229 193 255 255 200 189 255 80 0 64 154 226 242 255 255 255 209 205 236 170 179 251 255 205 227 251 203 163 151 151 229 254 246 226 15 0 128 242 207 160 244 195 212 254 255 237 162 238 250 254 212 209 250 255 163 253 240 211 151 155 81 19
0 100 249 189 222 254 242 167 229 251 203 203 251 229 166 232 252 255 225 163 232 255 242 240 171 62 0 2 158 255 251 242 188 216 250 242 246 216 220 250 246 254 171 178 242 246 250 250 249 242 200 207 175 28 212 169 216 246 242 254 238 220 250 238 160 189 173 248 210 220 255 246 242 244 241 240 253 237 119 0 7 146 255 191 206 255 162 233 242 255 220 171 246 254 250 216 236 248 221 189 244 255 214 218 255 49 0 62 151 247 246 238 231 255 227 227 236 166 193 248 240 207 231 235 183 148 157 183 248 254 230 173 3 0 86 238 218 170 248 191 209 246 254 233 162 238 254 255 220 209 246 254 164 255 237 205 164 224 122 37
0 95 242 196 213 250 238 166 218 242 212 212 212 229 176 210 249 245 233 230 237 241 237 237 190 49 0 36 218 255 237 240 178 220 235 250 227 191 216 250 242 246 173 179 240 248 242 242 252 238 216 201 176 30 215 164 211 248 242 235 235 251 243 217 160 160 214 223 209 227 238 248 249 228 189 229 255 228 88 0 18 175 245 186 201 255 161 241 246 242 216 171 254 246 238 185 218 248 222 183 237 252 218 186 255 40 0 80 155 231 240 238 241 241 237 248 207 154 229 237 244 203 236 196 145 183 210 221 246 239 245 183 8 0 70 242 207 189 240 189 203 248 248 229 160 244 248 242 227 216 231 252 169 237 240 227 187 255 154 27
0 95 238 196 209 246 234 167 212 242 220 212 205 221 173 218 241 237 233 233 237 237 233 233 167 51 0 21 190 253 240 244 178 209 220 242 227 195 216 246 238 242 170 176 236 240 238 238 244 238 212 194 173 28 211 167 194 241 248 255 246 240 244 210 160 179 239 231 198 220 231 235 245 213 179 218 238 228 108 0 28 192 255 197 205 253 155 234 238 238 212 171 246 238 235 181 218 245 215 186 244 248 207 176 255 48 0 73 161 242 248 234 241 241 241 245 211 157 215 229 236 193 225 193 151 200 232 232 235 239 238 215 16 0 111 219 207 193 244 189 203 240 240 225 163 236 244 242 216 212 227 246 160 229 252 223 201 255 119 18
0 95 235 189 206 238 230 170 205 238 227 212 203 210 173 221 233 233 233 237 237 237 233 229 160 63 0 8 167 246 237 236 178 205 212 235 223 191 216 242 231 235 166 176 232 229 235 231 236 242 208 187 170 29 207 177 211 237 218 216 186 173 221 207 151 186 248 225 191 223 233 222 240 213 186 220 226 236 142 0 14 171 236 197 208 248 165 237 235 235 209 171 242 235 227 178 215 241 207 180 244 237 186 164 240 50 0 108 222 238 229 223 233 226 229 229 222 197 222 248 232 196 240 207 154 193 229 221 233 242 176 170 1 0 146 219 207 196 244 189 203 232 236 218 166 225 236 240 198 202 231 238 160 229 244 225 191 248 124 26
0 95 231 186 206 235 227 173 200 229 229 207 200 211 170 218 229 226 233 233 226 226 226 222 176 82 0 4 161 246 230 225 170 214 225 237 218 193 218 237 226 233 167 180 229 222 229 226 229 234 198 177 163 31 197 174 215 237 218 218 176 145 210 196 154 176 232 214 189 222 229 211 229 224 203 227 229 240 167 0 10 167 228 204 212 236 159 221 226 229 204 170 233 229 218 177 207 237 204 176 237 218 167 154 244 58 0 145 255 227 214 196 240 240 244 222 225 211 180 180 190 180 240 222 160 193 233 225 215 239 154 145 3 0 142 217 204 197 240 186 200 229 229 218 173 218 233 237 186 194 229 226 164 229 227 232 164 207 190 55
0 95 227 183 206 229 227 183 204 222 225 193 200 211 170 207 222 218 222 222 215 215 218 211 187 86 0 3 160 242 226 226 164 218 225 225 218 211 229 225 222 229 164 183 225 211 226 222 222 227 186 168 154 31 190 166 204 226 229 237 200 151 210 186 163 176 225 214 190 218 218 211 214 236 217 220 221 233 170 0 19 187 236 218 219 225 162 217 225 229 204 176 233 229 218 180 211 233 204 176 229 211 170 160 244 74 0 142 237 220 223 163 170 197 233 218 222 222 167 157 176 173 229 225 176 204 237 233 217 220 168 151 11 0 130 214 200 200 237 183 197 222 229 214 176 214 229 233 180 193 229 222 164 226 216 218 158 196 204 66
0 93 220 180 203 226 223 189 211 222 222 180 197 211 167 204 225 218 222 225 218 222 225 214 177 79 0 4 158 233 223 226 164 211 214 214 218 218 233 214 215 226 164 186 222 200 222 218 226 227 189 168 145 33 194 172 209 220 220 218 204 154 197 173 160 170 225 222 190 207 222 229 220 232 222 210 218 226 176 0 22 191 228 218 216 218 171 225 222 229 197 180 225 225 211 180 211 229 207 180 225 214 183 170 245 77 0 145 237 218 223 160 154 193 237 225 214 225 186 190 214 193 222 222 197 211 225 218 235 195 185 152 9 0 133 214 204 200 229 176 193 218 225 214 176 211 225 229 176 190 233 222 158 214 219 183 161 200 130 35
0 90 211 173 199 218 220 192 211 214 218 170 193 207 167 200 214 204 214 225 218 222 225 211 170 77 0 5 148 222 219 222 164 204 207 211 204 197 218 218 211 222 160 186 214 190 218 211 226 222 193 171 127 26 197 182 209 217 224 218 225 173 186 157 154 163 218 214 186 207 217 217 220 206 218 212 214 222 183 3 20 191 218 218 209 200 165 210 214 222 193 176 222 222 204 176 207 214 197 176 222 222 193 164 241 77 0 136 241 214 209 173 160 183 211 225 211 225 211 233 222 200 211 218 214 218 218 218 221 201 213 170 33 0 139 207 207 207 222 170 190 211 222 211 170 207 218 222 176 186 225 222 158 214 216 166 158 200 110 23
0 88 207 170 196 215 216 192 211 214 218 164 186 204 164 200 193 183 197 211 207 211 214 197 173 85 0 7 135 211 215 211 164 207 214 218 190 164 197 225 207 218 157 183 211 186 215 207 211 207 186 158 106 16 187 179 213 209 213 195 222 186 190 167 157 166 211 200 183 204 199 182 205 173 204 208 207 219 180 3 11 177 211 222 212 196 162 203 211 218 190 176 214 218 200 173 200 197 183 167 211 225 193 151 223 90 0 95 208 214 212 173 151 154 173 214 207 211 193 211 207 197 207 222 222 211 207 218 199 222 220 164 55 0 133 203 214 211 222 167 190 207 218 204 167 207 214 218 176 186 222 218 161 218 208 176 158 203 166 45
0 77 215 184 186 214 214 201 214 206 201 170 180 197 170 197 194 161 161 208 215 201 212 205 158 59 0 4 133 231 211 196 153 205 215 208 181 161 191 216 203 221 166 181 196 179 214 200 197 224 178 158 75 17 177 176 201 208 206 213 215 167 188 187 155 160 204 204 170 198 174 149 160 164 201 208 197 225 173 13 4 154 215 204 214 198 160 199 213 210 189 174 211 215 204 167 202 202 196 176 213 215 193 151 216 70 0 31 197 219 210 162 164 152 173 204 206 206 213 206 200 200 207 210 210 214 214 207 203 209 207 152 66 0 132 202 211 208 218 170 183 208 204 201 173 200 211 207 170 183 207 214 164 203 216 194 163 211 146 65
0 82 187 174 190 196 193 202 192 197 196 166 182 196 166 189 199 166 159 199 209 195 202 199 154 50 0 3 125 203 200 197 173 204 195 186 171 164 194 206 204 204 149 175 199 172 202 213 211 193 173 174 83 24 181 186 207 197 187 197 214 186 196 164 151 184 201 187 184 201 161 161 166 177 197 202 207 220 174 21 6 139 214 208 199 191 173 210 193 200 186 176 207 207 196 163 202 202 193 170 200 207 191 155 197 46 0 49 179 204 200 192 158 152 170 193 199 207 200 178 199 196 196 203 202 195 192 202 213 204 189 164 52 0 73 214 214 200 200 160 179 210 207 200 166 193 206 210 176 186 203 196 161 193 201 186 164 214 110 13
0 105 184 152 183 198 197 200 203 206 200 160 179 193 167 197 199 163 153 189 199 186 192 192 155 55 0 7 135 208 200 170 149 197 219 211 171 152 191 207 186 200 163 183 198 160 182 210 197 189 203 208 87 21 173 200 201 184 198 205 179 172 211 173 151 173 204 186 160 203 189 154 174 197 190 195 195 196 155 19 0 102 198 210 200 187 180 196 204 204 184 171 190 190 194 167 190 197 190 172 192 200 186 157 211 30 0 68 175 198 191 199 180 164 177 205 205 199 195 185 186 193 192 199 199 176 169 189 190 200 176 176 62 0 45 200 190 197 211 170 180 193 190 190 173 190 193 197 164 173 190 186 161 192 203 194 160 187 93 8
8 156 207 167 184 179 179 197 186 193 199 160 182 186 157 179 201 167 161 190 201 194 197 197 159 87 0 1 128 211 212 175 158 187 189 186 167 162 193 194 192 204 161 164 186 176 186 196 191 202 192 210 95 26 171 189 189 207 193 199 216 196 186 179 166 147 182 206 166 182 192 182 172 198 193 200 197 197 170 26 0 108 202 201 186 184 184 196 186 196 186 182 206 196 196 163 169 186 189 179 193 201 183 164 198 33 0 86 183 199 186 193 189 185 195 198 190 190 193 182 170 193 200 200 200 173 154 170 193 196 152 145 79 0 86 218 199 199 192 160 186 203 199 196 164 187 190 207 177 180 200 194 168 186 198 196 157 173 91 24
0 147 198 155 165 182 197 197 194 190 197 157 180 183 164 187 191 168 168 184 194 194 188 188 183 125 0 8 133 199 189 168 160 186 185 182 172 172 196 182 186 196 174 178 184 168 174 187 179 196 184 211 60 0 154 189 202 188 184 194 179 180 187 177 152 176 186 183 170 190 190 197 178 184 179 187 188 201 171 22 0 106 208 192 187 174 176 192 191 194 180 177 197 183 193 154 170 193 197 190 190 198 183 166 192 68 0 89 182 186 190 188 183 200 200 183 183 204 201 171 162 194 197 187 187 171 152 155 178 183 164 165 73 0 80 189 183 200 204 170 186 186 186 186 169 189 182 193 160 160 193 189 171 183 182 186 172 183 85 16
0 94 169 187 188 193 197 194 197 179 203 170 189 183 172 189 193 183 186 189 196 203 189 183 146 81 0 3 127 192 182 176 151 192 192 188 182 177 194 189 211 183 169 196 201 181 186 214 197 194 198 215 29 0 114 170 187 183 186 201 189 195 186 173 166 176 193 193 167 199 213 199 200 184 173 177 188 202 169 37 0 114 213 202 202 177 177 196 189 195 182 190 204 190 204 166 171 196 193 186 183 196 187 187 192 105 0 86 174 196 198 180 187 161 152 171 186 186 187 194 173 196 196 181 177 177 168 168 195 190 182 157 13 0 48 224 186 200 189 163 189 193 189 189 179 196 183 199 166 163 196 189 167 205 194 179 168 187 90 24
0 6 41 104 82 35 28 51 91 70 101 81 74 47 29 26 39 41 45 37 41 49 41 35 62 24 0 0 64 123 146 151 160 169 129 123 160 183 195 186 125 55 27 29 34 31 29 28 35 30 33 59 9 0 81 102 86 200 145 63 49 31 30 125 97 41 47 83 41 23 32 35 34 30 27 25 39 41 29 0 0 19 45 34 33 23 32 37 68 59 35 28 33 41 84 84 43 62 68 82 94 126 139 154 179 98 0 26 69 119 167 190 176 145 160 202 171 78 30 26 29 33 33 28 26 28 28 26 26 37 57 55 0 0 22 138 129 101 63 52 104 129 126 112 108 130 133 173 154 144 154 133 41 95 127 144 133 113 32 3
0 0 0 6 0 0 0 0 0 0 0 0 0 0 0 0 0 0 0 0 0 0 0 0 0 0 0 0 0 0 0 0 0 4 0 0 2 14 22 25 26 8 9 4 0 0 0 0 0 0 0 0 0 0 0 0 0 28 9 0 0 0 0 0 0 0 0 0 0 0 0 0 0 0 0 0 0 0 0 0 0 0 0 0 0 0 0 0 0 0 0 0 0 0 0 0 0 0 0 0 0 0 0 0 0 0 0 0 0 0 0 5 28 27 26 21 7 0 0 0 0 0 0 0 0 0 0 0 0 0 0 0 0 0 0 0 0 0 0 0 0 0 0 0 0 0 0 0 0 0 0 0 0 0 0 0 0 0 0 0

