6 24 44 5 0 0 2 4 8 8 8 2 0 0 0 0 0 7 0 0 0 26 31 36 40 0 0 0 10 5 0 0 0 26 29 32 28 39 51 64 61 63 63 59 53 55 57 45 35 26 31 32 0 0 0 8 41 39 30 33 21 0 1 13 4 7 0 0 10 0 0 7 6 0 0 0 0 0 1 0 0 0 0 0 0 2 0 4 0 0 0 0 0 0 0 0 0 0 0 0 0 0 0 0 13 2 0 0 9 15 7 15 1 0 0 0 0 0 11 34 39 49 37 28 29 35 24 0 19 24 30 8 0 0 0 0 0 0 0 0 0 0 0 0 14 0 0 0 0 0 0 0 0 0 0 0 0 0 0 0
12 66 130 99 77 71 79 82 89 97 97 89 79 77 70 68 72 89 79 78 92 128 127 130 106 16 0 8 78 90 75 80 93 116 113 127 121 128 139 158 154 151 151 154 148 148 148 139 122 129 133 79 0 0 16 92 127 125 112 112 103 83 90 103 102 100 78 92 105 85 85 92 93 71 85 87 84 80 56 0 0 48 85 97 97 100 87 90 85 78 76 78 78 78 81 83 77 79 77 79 77 89 79 84 102 77 0 0 98 97 104 98 75 68 77 75 92 94 106 133 146 152 133 122 114 116 119 96 110 115 126 107 17 0 39 78 79 87 81 80 75 68 77 86 99 79 77 81 74 70 74 77 75 73 82 77 79 78 22 0
18 110 211 202 196 181 173 177 180 201 199 193 207 200 179 173 200 196 193 203 191 201 194 187 172 27 0 29 163 176 173 192 193 189 173 196 189 177 177 193 183 170 177 187 183 180 177 177 193 191 185 113 0 0 37 190 187 190 170 164 167 168 179 193 200 189 179 200 200 189 200 179 180 180 206 202 207 204 114 0 12 148 196 187 188 183 179 177 200 200 197 197 204 204 200 200 196 200 203 200 183 203 193 196 203 146 0 16 181 178 204 191 187 186 203 196 207 193 191 201 190 190 189 183 166 163 190 197 183 184 189 197 45 2 125 208 193 207 189 179 177 173 189 200 189 189 207 203 179 176 193 200 214 193 208 197 206 193 90 13
31 133 198 180 183 171 154 157 163 189 185 168 202 191 170 170 183 176 175 195 185 195 192 199 174 22 0 45 183 164 171 196 190 176 164 193 188 178 178 191 191 171 178 194 194 184 178 188 190 175 189 161 24 0 30 180 173 184 168 152 158 173 190 197 187 167 164 190 187 187 200 177 183 183 191 183 192 200 120 0 36 199 192 166 180 183 190 193 182 192 195 189 189 189 189 192 193 190 197 186 167 193 180 183 205 102 0 21 163 182 199 186 167 177 194 183 187 174 175 181 179 180 190 183 158 155 180 196 177 173 179 163 13 1 146 202 188 195 175 160 157 163 181 188 164 173 200 190 157 164 176 176 191 184 187 190 199 204 151 40
48 170 210 183 185 174 156 166 164 194 187 160 199 180 161 160 197 197 184 193 193 196 190 203 189 31 0 66 203 173 183 196 190 180 170 197 183 183 190 197 192 166 172 189 195 179 166 185 180 173 197 164 14 0 26 177 176 193 186 163 163 182 193 200 199 176 169 189 199 196 199 196 198 189 187 189 194 197 142 19 62 218 173 158 193 188 193 196 179 196 193 186 189 193 189 193 196 189 192 179 166 196 179 182 190 68 0 29 155 192 189 174 163 183 197 186 193 180 193 199 186 186 199 194 164 169 189 199 177 181 216 148 0 2 144 198 193 199 174 158 155 164 187 201 176 179 206 186 157 172 186 176 190 214 195 200 194 181 179 43
20 155 209 202 194 174 158 159 160 190 190 159 207 186 163 157 176 183 173 193 195 204 194 208 180 25 0 44 189 186 187 189 197 187 180 204 180 180 194 190 201 171 181 198 205 187 168 194 183 180 192 130 0 0 31 184 191 204 200 180 180 194 194 205 204 184 174 187 201 194 190 197 172 164 180 201 203 194 152 34 80 225 173 166 200 193 194 190 193 200 183 173 190 197 176 164 197 197 197 176 173 207 180 190 189 97 0 48 168 191 207 195 169 193 207 199 201 177 190 197 187 181 198 188 168 185 202 200 173 164 218 145 0 4 133 215 199 202 173 157 154 160 190 211 190 183 207 186 160 190 200 186 176 204 184 199 202 182 198 43
21 164 219 204 182 158 152 157 176 196 193 164 214 192 174 155 186 173 176 214 207 209 205 209 190 37 0 29 186 200 180 204 204 183 179 213 192 195 213 213 206 175 185 199 213 195 169 199 186 179 211 155 0 0 31 177 202 204 203 193 196 207 196 207 209 195 195 202 205 205 202 191 155 152 171 202 214 211 172 45 87 226 184 161 184 190 193 168 194 201 184 174 194 201 174 152 189 203 207 179 179 210 176 196 185 120 0 63 156 177 207 201 161 186 207 204 204 177 193 204 204 186 203 203 186 196 203 197 190 175 218 161 0 0 119 227 204 204 173 157 154 154 186 214 186 179 210 186 154 186 207 200 192 205 203 197 210 197 184 41
60 214 222 189 157 157 181 199 215 222 206 169 222 197 173 146 208 167 183 233 207 211 214 204 203 59 0 29 189 197 161 214 217 183 179 222 200 197 214 214 208 181 191 201 216 205 174 205 187 164 212 177 0 0 37 212 217 210 211 207 218 225 211 218 199 192 206 209 199 217 217 185 162 158 163 182 208 223 190 47 94 232 201 168 190 212 208 157 187 208 201 194 219 230 204 187 183 211 218 187 190 215 174 204 204 116 0 80 161 212 221 196 170 197 210 214 210 179 197 211 203 179 210 226 211 217 217 214 176 181 222 167 0 0 98 232 217 210 183 167 160 157 190 222 190 183 222 194 158 187 211 215 196 201 227 205 222 219 176 42
64 227 205 206 201 219 203 224 218 222 200 170 218 204 176 148 207 193 200 214 211 211 215 211 223 84 0 31 144 152 168 212 214 190 183 229 200 190 218 222 218 186 204 207 222 211 176 207 193 163 230 160 3 0 45 218 215 211 215 211 222 214 229 214 222 186 214 211 211 211 222 207 182 158 161 202 214 228 205 47 100 237 222 214 218 209 212 155 197 207 190 229 214 211 225 180 180 218 214 186 186 229 176 193 204 75 0 102 171 204 211 214 170 197 225 215 218 193 200 225 204 180 225 214 225 218 218 222 187 177 217 175 7 0 149 228 218 221 200 168 149 166 203 218 193 186 225 197 160 176 214 222 206 218 215 210 219 218 220 48
68 255 223 224 230 234 199 202 222 236 211 173 229 211 173 142 211 222 222 222 222 222 218 218 252 58 0 21 130 157 202 221 222 193 183 229 200 193 222 225 225 183 193 207 229 218 183 214 186 179 226 151 0 0 68 193 207 226 226 218 225 204 225 225 207 211 237 211 222 222 225 225 216 161 149 206 229 228 202 55 103 234 211 214 225 217 216 155 211 214 176 211 222 229 229 176 170 222 229 197 186 222 173 207 225 65 0 118 177 211 222 214 173 200 229 222 222 197 204 229 211 183 233 225 229 214 222 229 194 183 232 190 16 16 188 255 229 229 193 165 152 157 200 225 186 193 233 193 157 183 222 207 209 227 222 221 236 226 161 34
62 254 219 228 228 236 221 190 200 232 214 168 238 218 170 145 207 237 237 229 233 233 222 229 250 58 0 21 147 196 237 233 229 193 183 233 204 197 229 233 237 180 190 214 237 222 186 222 176 176 222 154 5 0 77 166 190 233 233 229 237 190 207 229 207 207 186 160 207 237 233 229 237 176 152 197 233 236 202 57 100 222 201 214 229 227 219 161 204 222 167 204 237 237 225 170 164 225 237 200 190 222 176 214 230 48 0 130 180 217 236 216 176 207 237 229 229 200 207 236 218 190 240 237 240 207 225 240 198 177 228 187 8 19 195 240 225 229 179 165 155 151 200 232 186 200 244 189 157 186 225 183 218 234 226 224 244 236 102 20
62 246 230 243 232 237 236 167 173 225 218 162 246 221 170 148 211 218 225 233 237 237 233 229 255 112 0 29 193 242 238 232 240 197 186 240 211 200 233 237 240 176 193 229 248 218 183 229 179 163 226 169 14 0 49 161 190 237 226 233 244 170 190 237 222 204 167 148 193 237 240 233 241 215 195 201 229 255 212 55 108 248 226 237 238 242 234 177 190 229 170 200 240 244 240 200 167 229 233 200 200 229 176 214 215 37 0 130 180 220 240 220 176 211 241 233 233 200 214 244 222 190 244 244 248 197 222 248 205 183 242 187 0 17 193 229 231 244 183 163 157 154 207 238 196 207 255 193 157 179 218 160 221 234 230 225 241 255 85 19
47 247 246 248 251 230 204 146 154 210 229 168 255 229 170 148 221 193 210 244 235 238 246 227 255 144 0 33 217 255 226 239 242 198 191 250 212 202 238 238 244 179 203 248 255 214 183 232 191 160 245 155 8 0 31 184 223 246 223 235 248 157 173 244 225 225 229 221 200 214 244 248 239 249 246 226 240 255 207 61 113 255 241 248 230 235 230 183 196 236 163 196 244 251 255 236 166 236 236 200 200 229 173 218 204 35 0 127 184 225 236 223 176 210 250 240 237 205 218 248 223 185 238 246 250 181 216 250 199 190 249 190 0 17 204 244 250 251 186 157 154 160 214 238 200 203 255 200 160 170 218 154 221 234 244 240 244 255 95 22
43 255 254 232 255 208 164 152 142 193 221 168 255 232 170 145 232 183 210 255 242 246 255 227 226 80 0 31 219 255 241 255 246 202 198 255 220 205 246 246 250 181 209 255 255 216 181 231 182 160 251 123 0 0 50 233 242 254 238 246 255 166 160 232 214 229 255 255 193 200 251 255 240 253 255 249 248 230 169 58 116 255 233 255 245 254 253 218 210 240 160 203 255 251 248 203 163 251 251 207 200 221 170 232 215 34 0 136 187 233 244 230 176 212 254 248 244 209 220 255 227 181 238 250 255 175 216 254 196 192 255 187 0 14 200 250 242 212 163 148 154 179 227 250 200 200 255 203 160 163 229 163 223 242 255 253 244 255 90 12
51 254 255 248 253 208 187 198 181 205 224 165 255 243 181 146 214 186 218 255 254 255 255 231 184 45 0 35 223 255 255 255 254 205 205 255 220 205 250 255 255 181 209 255 255 223 188 231 169 157 251 114 0 0 94 249 254 254 246 220 225 170 166 240 207 229 251 248 173 193 251 251 245 248 252 255 255 208 141 52 98 205 174 236 241 248 245 229 221 236 157 214 255 255 240 186 170 255 255 207 203 221 170 236 232 23 0 148 191 233 255 234 176 220 255 255 248 216 227 255 235 185 242 255 255 171 220 255 214 209 255 197 0 18 200 255 246 171 151 166 193 229 246 255 203 206 255 206 160 163 243 173 231 255 255 253 255 234 85 13
27 174 255 255 253 235 255 255 255 253 247 171 255 247 191 152 189 186 218 255 255 255 255 235 207 73 0 41 223 255 255 255 255 209 209 255 216 202 254 255 255 181 205 255 255 231 195 231 175 163 255 131 0 0 115 226 255 255 231 168 173 163 183 255 203 251 255 248 170 193 251 255 255 255 255 255 255 215 141 50 121 205 162 251 255 255 255 248 232 240 154 214 255 255 255 229 186 255 255 203 214 236 173 232 240 10 0 154 191 237 255 238 179 223 255 255 255 218 231 255 242 185 246 255 255 175 223 255 214 213 255 197 0 23 200 255 255 171 163 210 251 255 255 255 206 217 255 210 157 163 255 173 235 255 254 255 255 228 95 30
25 195 255 255 255 255 255 255 255 255 237 168 255 255 196 148 203 193 173 255 255 255 255 242 197 51 0 31 218 255 255 255 255 238 207 255 173 196 255 255 255 191 212 255 255 225 197 248 180 172 249 135 0 0 60 255 255 255 203 148 160 163 255 255 207 250 255 237 148 214 255 202 255 255 255 255 255 201 151 52 118 245 183 239 255 255 255 255 239 230 171 239 255 255 255 234 204 255 255 191 210 232 163 244 253 19 0 126 190 247 255 244 173 232 255 255 255 218 231 255 225 189 250 255 255 200 238 255 207 225 255 209 0 5 174 255 255 197 225 255 255 255 255 255 210 205 255 204 160 155 248 207 242 255 255 255 255 255 121 25
57 255 255 255 255 255 255 255 255 255 240 175 255 255 189 136 240 203 166 238 255 255 255 246 186 39 0 42 243 255 255 255 255 242 203 255 189 221 255 255 255 191 216 255 255 238 216 250 190 165 255 151 0 0 76 255 255 255 193 148 154 148 255 255 203 250 255 222 148 236 255 235 255 255 255 255 255 241 218 86 118 255 207 255 255 255 255 255 255 242 161 228 255 255 255 234 237 255 255 202 218 225 154 247 255 30 0 99 183 255 255 255 186 236 255 255 255 225 231 255 236 193 246 255 255 204 246 255 225 211 255 228 1 1 167 255 255 252 255 255 255 255 255 255 207 212 255 214 163 158 255 255 255 255 255 255 255 255 141 31
63 255 255 255 255 255 255 255 252 255 248 181 255 255 189 148 255 210 163 220 255 255 255 229 152 77 0 34 231 255 255 255 255 254 207 244 196 221 255 255 255 188 219 255 255 255 254 255 186 159 255 190 0 0 93 255 255 255 214 173 166 154 251 255 196 254 255 207 145 251 255 239 255 255 255 255 255 255 255 121 91 219 174 224 255 255 255 255 255 253 171 232 255 255 255 219 255 255 255 212 232 225 148 255 255 37 0 84 193 255 255 255 189 232 255 255 255 229 231 255 232 200 250 255 255 207 250 255 218 214 255 228 1 3 180 255 255 255 255 240 255 255 255 255 210 223 255 214 160 149 255 255 255 255 255 255 255 255 153 29
71 255 255 255 255 224 255 255 255 255 255 184 255 255 189 143 255 212 155 178 255 255 255 227 202 220 12 41 242 255 255 255 255 255 228 232 206 217 255 255 255 184 219 255 255 255 255 255 193 159 255 170 0 0 90 255 255 255 212 155 143 155 247 255 194 255 255 205 142 241 239 198 255 255 255 255 255 255 255 124 104 212 149 199 255 255 255 217 255 255 194 247 255 255 255 219 255 255 255 216 236 232 149 255 255 37 0 84 204 255 255 255 189 234 255 255 255 250 246 255 217 203 255 255 255 212 253 255 217 218 255 220 2 0 154 255 255 255 255 250 255 255 255 255 215 227 255 212 164 149 255 255 255 255 255 255 255 255 152 27
73 235 255 255 255 202 255 255 255 255 254 174 255 255 206 137 253 255 212 212 255 255 255 231 191 188 0 31 250 255 255 255 255 255 255 239 224 210 255 255 255 188 223 255 255 255 255 255 183 169 255 170 0 0 98 255 255 230 169 155 171 196 255 255 191 255 255 212 139 226 217 178 255 255 255 255 255 255 255 113 135 237 152 203 255 255 255 196 255 255 201 236 255 255 255 234 255 255 255 212 232 236 149 255 255 33 0 81 200 255 255 255 189 242 255 255 255 255 255 255 206 210 255 255 255 209 255 255 247 221 255 231 14 0 105 255 255 255 255 255 255 255 255 255 219 230 255 223 168 158 255 255 255 255 255 255 255 255 158 35
58 195 255 255 255 185 255 255 255 255 254 174 255 255 203 152 255 255 255 255 255 255 255 234 197 110 0 35 255 255 255 255 255 255 255 228 232 214 255 255 255 194 234 255 255 255 255 255 183 178 255 173 0 0 76 255 255 205 184 232 255 255 255 255 194 255 255 216 136 219 243 216 255 255 255 255 255 255 255 113 129 253 164 203 255 255 255 199 255 255 191 217 255 255 255 215 255 255 255 205 224 232 140 249 255 30 0 77 200 255 255 255 186 242 255 255 255 255 255 255 210 224 255 255 255 209 255 255 255 236 255 246 27 0 116 255 255 255 255 255 234 188 255 255 219 234 255 227 158 155 255 255 255 255 255 255 255 255 152 36
51 203 255 255 255 192 255 255 255 255 255 188 255 232 166 158 255 255 255 255 255 255 255 242 184 62 0 38 255 255 255 255 184 219 255 214 224 224 255 255 249 194 234 255 255 255 242 255 190 175 255 160 0 0 100 255 255 255 255 255 255 255 255 255 201 255 255 223 136 215 255 255 255 255 255 255 255 255 255 123 132 255 177 186 255 255 255 203 255 255 194 214 255 255 255 187 255 255 255 201 221 224 134 253 255 33 0 57 200 255 255 255 188 238 255 255 255 255 255 255 217 232 255 255 255 212 255 255 255 240 255 255 42 0 160 255 255 255 255 255 216 146 234 255 222 230 255 227 152 152 255 255 255 255 255 255 255 255 128 25
55 212 255 255 255 249 255 255 255 255 255 194 255 221 157 168 255 255 254 255 255 255 255 235 163 39 0 40 255 194 249 255 143 212 255 217 217 221 255 255 223 187 234 255 255 255 219 255 197 172 255 163 0 0 95 255 255 255 255 255 234 255 255 255 205 255 255 227 136 212 255 255 255 255 255 255 255 255 255 126 123 255 167 153 255 255 255 196 255 255 215 217 255 255 255 194 255 255 255 198 217 217 131 255 255 43 0 33 186 255 255 255 201 242 255 255 255 255 255 255 221 232 255 255 255 219 255 255 255 217 255 255 53 0 173 255 255 255 255 255 238 146 216 255 222 223 255 231 158 164 255 231 255 255 255 255 255 255 111 15
57 201 255 255 255 255 255 255 255 255 255 219 255 220 207 157 255 255 255 255 255 255 255 223 160 35 0 45 252 171 230 255 209 255 255 227 216 219 255 255 232 196 216 255 255 255 216 249 184 172 255 184 0 0 75 255 255 255 255 255 206 154 255 255 198 255 255 223 139 203 255 255 255 255 255 255 255 255 255 134 130 247 157 160 222 255 255 207 255 255 221 221 255 255 255 194 255 255 255 205 230 210 142 255 255 40 0 87 187 253 255 255 206 246 255 255 255 255 255 255 212 242 255 255 255 242 255 255 255 237 255 255 77 0 157 255 255 255 255 255 221 173 170 255 216 234 255 227 163 145 255 207 255 255 255 255 255 255 87 22
61 216 255 255 255 255 255 255 255 255 255 219 255 250 200 160 255 255 255 255 255 255 255 216 167 37 0 45 225 201 187 255 255 255 255 223 227 205 254 255 239 189 234 255 255 255 208 255 184 160 255 212 1 0 113 255 255 255 255 255 192 144 201 255 191 255 255 208 139 221 255 214 255 255 255 255 255 255 255 78 139 255 164 148 222 255 255 193 255 255 214 214 255 255 255 201 255 255 255 208 238 214 142 253 255 36 0 127 197 255 255 255 210 246 255 255 255 255 255 255 223 238 255 255 255 242 255 255 255 226 255 255 57 0 166 255 255 255 255 253 173 151 163 255 219 234 255 227 160 145 255 193 255 255 255 255 255 255 75 15
49 223 255 255 255 255 255 255 255 255 255 234 255 255 193 160 255 255 255 219 255 255 255 219 168 45 0 29 196 255 191 255 255 255 255 216 227 216 255 255 236 182 255 255 234 255 201 253 191 150 255 208 0 0 116 255 255 255 255 179 154 139 155 255 188 255 255 201 139 214 239 192 255 255 255 255 255 239 242 84 145 255 167 176 255 255 255 218 255 255 214 217 255 255 255 194 255 255 255 212 246 217 142 249 255 32 0 163 201 255 255 255 210 242 255 255 255 255 255 255 219 227 255 255 255 254 255 255 255 226 255 253 26 0 180 255 255 255 255 189 152 154 179 244 223 230 255 230 154 148 255 179 255 255 255 255 255 255 73 15
32 212 255 255 255 255 255 255 255 255 255 250 255 255 196 157 255 255 255 195 255 255 255 219 187 55 0 26 221 255 195 255 255 255 255 212 219 208 255 255 217 186 255 255 212 255 216 249 204 163 255 220 12 0 105 255 255 255 255 205 221 212 198 255 191 255 255 212 139 186 210 214 255 255 255 255 255 228 213 69 133 255 185 193 255 255 255 210 255 255 203 221 255 255 246 187 255 255 255 216 246 217 142 253 249 37 0 166 197 255 255 255 210 242 255 255 255 255 255 255 212 223 255 255 255 255 255 255 255 226 255 234 11 0 170 255 255 255 255 168 158 154 176 244 223 230 255 238 154 151 255 173 255 255 255 255 255 255 76 16
33 219 255 255 255 255 255 255 255 255 255 255 255 255 207 160 255 255 255 231 238 255 255 212 201 63 0 37 255 255 209 255 255 246 255 216 227 205 254 255 203 203 255 255 212 255 255 255 187 163 255 240 29 0 130 255 255 255 255 255 255 255 255 255 198 255 255 219 142 179 206 214 255 255 255 255 255 243 159 2 148 255 220 179 255 255 255 170 255 255 189 217 255 255 238 187 255 255 255 212 246 217 142 255 245 51 0 163 197 255 255 255 206 246 255 255 255 255 255 255 216 234 255 249 250 255 255 255 255 226 255 229 12 0 141 255 255 255 255 179 191 154 166 255 219 230 255 249 157 157 255 170 255 255 255 255 255 255 74 16
35 223 255 255 255 255 255 255 255 255 255 255 255 255 218 157 255 255 255 255 219 255 255 212 194 89 0 37 255 255 255 255 220 250 255 205 242 255 255 255 199 221 255 255 216 255 255 255 184 158 255 232 26 0 173 255 255 255 255 255 255 255 255 255 198 255 255 216 144 196 224 179 253 255 255 255 255 225 117 0 170 255 209 166 255 255 255 170 255 255 192 221 255 255 234 194 255 255 255 212 246 214 142 255 241 60 0 170 201 255 255 255 206 246 255 255 255 255 255 255 212 238 255 234 234 255 255 255 254 230 255 214 8 0 127 255 255 255 255 206 255 223 216 255 219 230 255 255 163 157 255 170 255 255 255 255 255 254 90 27
32 212 255 255 255 255 255 255 255 255 255 255 255 255 212 157 255 255 255 255 234 255 255 216 200 100 0 35 249 255 255 255 168 255 255 191 242 255 255 255 203 224 255 255 212 255 255 255 201 167 255 236 37 0 179 255 255 255 255 255 255 255 255 255 201 255 255 212 144 210 247 157 211 255 255 255 255 209 102 0 124 220 165 151 245 255 255 179 255 255 196 228 255 255 234 198 255 255 255 216 246 210 139 255 244 49 0 173 204 255 255 255 214 246 255 255 255 255 255 255 208 238 255 238 242 255 255 255 255 234 255 193 0 0 127 255 255 255 255 242 255 255 255 255 219 234 255 255 166 154 255 170 255 255 255 255 255 255 105 39
47 223 255 255 255 255 255 255 255 216 255 255 255 255 209 163 255 255 255 255 255 255 255 216 183 59 0 46 255 255 255 255 175 255 255 184 234 255 255 255 203 221 255 255 209 255 219 234 191 164 255 247 64 0 147 255 255 255 255 255 255 255 255 255 201 255 255 216 144 206 255 160 177 255 255 255 255 227 100 0 66 165 162 148 226 255 255 176 255 255 182 224 255 255 230 194 255 255 255 216 246 210 136 255 255 32 0 163 204 255 255 255 221 246 255 255 255 255 255 255 219 246 255 238 242 255 255 255 255 226 255 190 0 0 130 255 255 255 255 255 255 255 255 255 216 238 255 255 169 148 244 166 255 255 255 255 255 246 100 33
57 255 255 255 255 255 255 215 197 181 255 201 255 255 205 184 255 255 255 255 255 255 255 217 172 46 0 47 249 255 255 255 223 255 255 181 238 255 255 255 198 208 255 255 214 255 199 255 194 184 255 218 68 0 127 255 255 255 209 242 255 255 255 255 194 255 255 245 143 224 255 205 188 238 255 255 255 222 104 0 87 255 177 148 219 255 255 164 255 255 184 214 255 255 238 194 255 255 255 219 255 232 130 255 249 35 0 163 218 255 255 255 227 255 255 208 255 255 255 255 198 255 255 234 238 255 255 255 254 255 255 181 1 0 136 255 255 255 255 255 255 255 255 255 216 230 255 253 155 151 251 160 248 255 255 255 255 255 73 28
37 251 255 255 255 255 187 155 146 171 255 205 255 255 201 171 255 255 196 255 255 255 255 221 180 91 0 41 255 255 255 255 255 255 255 194 246 255 255 255 212 219 255 255 212 255 206 255 201 188 255 244 73 0 122 237 255 255 195 234 255 255 255 255 205 255 255 241 140 214 255 255 255 255 255 255 255 214 107 0 121 255 194 174 255 255 255 177 255 255 201 228 255 255 234 191 255 255 255 219 255 243 139 255 249 32 0 169 226 255 255 255 242 255 253 198 255 255 255 255 223 255 255 234 231 255 255 255 255 255 255 219 24 0 118 255 255 255 255 255 255 255 255 255 219 230 255 255 165 163 255 163 225 255 255 255 255 237 68 8
7 114 197 217 255 255 167 158 168 221 255 205 255 255 212 181 255 234 154 247 255 255 255 221 187 119 0 37 255 255 255 255 255 255 255 191 246 255 255 255 242 242 255 255 212 255 210 255 219 203 255 218 38 0 128 255 255 255 201 234 255 255 255 255 194 255 255 194 134 247 255 255 255 255 255 255 255 200 102 0 102 255 208 199 255 255 255 164 255 255 212 247 255 255 238 191 255 255 255 216 246 236 139 253 249 30 0 176 233 255 255 255 255 255 249 188 255 255 255 255 246 255 255 242 234 255 255 255 255 255 255 234 38 0 110 255 255 255 255 255 255 255 255 255 219 230 255 255 171 176 255 169 180 255 255 255 255 246 121 31
27 104 161 195 255 255 167 155 243 255 255 201 255 255 219 206 255 242 157 221 255 255 255 210 219 124 0 45 255 255 255 255 255 255 255 184 234 255 255 255 255 255 255 255 208 255 205 255 204 214 255 226 41 0 125 255 255 255 255 255 255 255 255 255 198 255 232 176 142 255 255 238 255 255 255 255 255 180 97 0 103 255 255 222 255 255 255 181 255 255 201 255 255 255 238 198 255 255 255 219 230 221 136 255 255 30 0 179 241 255 255 255 255 255 246 184 255 255 255 255 254 255 255 250 238 255 255 255 255 255 255 216 24 0 121 255 255 255 255 255 255 255 255 255 216 230 255 255 171 179 255 182 170 255 255 255 255 238 170 61
38 152 180 235 255 255 170 155 255 255 255 205 255 255 212 206 255 253 163 199 255 255 255 203 223 118 0 41 255 255 255 255 255 255 255 201 216 249 255 255 255 255 255 255 208 255 205 255 204 229 255 248 82 0 128 255 255 255 255 255 255 255 255 255 184 255 227 214 166 246 255 255 255 255 255 255 255 173 97 0 108 255 255 219 255 255 255 174 255 230 187 255 255 255 234 198 255 255 255 219 230 228 139 255 255 34 0 176 237 255 255 255 255 255 249 184 255 255 255 255 255 255 255 246 238 255 255 255 255 255 255 205 9 0 133 255 255 255 255 255 255 255 255 255 212 230 255 253 165 176 255 192 167 255 255 255 255 212 164 52
34 198 241 255 255 255 255 255 255 255 255 202 255 255 201 203 255 253 154 179 255 255 255 203 214 124 0 34 255 255 255 255 255 255 255 223 219 216 250 255 255 255 255 255 212 255 208 255 205 248 255 233 92 0 148 255 255 255 255 255 255 255 255 255 219 255 255 224 157 238 255 255 255 255 255 255 255 180 97 0 115 255 255 185 255 255 255 184 255 201 187 255 255 255 231 191 255 255 255 208 238 243 136 253 255 37 0 172 233 255 255 255 255 255 253 188 255 255 255 255 255 255 255 234 231 255 255 255 255 255 255 219 16 0 130 255 255 255 255 255 255 255 255 255 212 234 255 249 158 173 255 196 164 255 255 255 255 205 160 54
34 191 253 255 255 255 255 255 255 255 255 202 255 255 199 206 255 255 157 160 255 255 255 214 226 107 0 43 255 255 255 255 255 255 255 227 234 246 255 255 255 255 255 255 216 255 208 255 198 255 255 230 99 0 181 255 255 255 255 255 255 255 255 255 231 255 255 214 142 255 255 255 254 234 255 255 255 183 87 0 94 250 177 145 249 255 255 194 255 194 201 236 255 255 238 187 255 255 255 198 238 243 127 249 255 37 0 169 229 255 255 255 255 255 249 188 255 255 255 255 255 255 255 231 234 255 255 255 255 255 255 231 33 0 118 255 255 255 255 255 255 255 255 255 216 234 255 249 161 176 255 189 174 241 255 255 255 211 158 56
35 154 230 255 255 252 255 255 255 255 255 202 255 255 203 206 255 255 173 147 255 255 255 221 186 46 0 43 241 255 255 255 255 255 255 212 249 255 255 255 255 255 255 255 219 255 205 255 223 255 255 234 112 0 205 255 255 255 255 255 255 255 255 255 239 255 255 238 140 242 255 255 255 223 255 255 255 173 79 0 61 175 155 197 255 255 255 174 255 191 215 224 255 255 250 191 255 255 255 205 242 243 127 255 255 37 0 169 229 255 255 255 255 255 249 184 255 255 255 255 255 255 255 238 242 255 242 255 255 255 255 227 44 0 110 255 255 255 255 255 255 255 255 255 219 234 255 249 165 182 255 182 164 226 255 255 255 222 155 52
32 180 158 250 255 211 233 255 255 255 255 205 255 255 208 224 255 255 168 158 255 255 255 224 173 45 0 41 230 255 255 255 255 255 255 219 234 255 255 255 255 255 255 255 216 255 217 255 243 255 255 222 108 16 151 255 255 255 255 255 255 255 255 255 255 255 255 251 139 219 255 255 255 187 255 255 255 172 77 0 66 184 190 255 255 230 200 182 243 186 242 227 255 246 224 189 255 255 255 212 255 236 127 255 246 35 0 167 255 255 255 255 255 255 250 188 255 255 255 255 255 255 255 234 246 255 219 255 255 255 255 253 56 0 122 255 255 255 212 234 255 255 255 255 221 231 255 255 168 191 255 202 170 201 255 255 255 215 149 45
40 184 158 215 255 244 173 157 255 255 255 202 255 255 208 236 255 255 191 164 253 255 255 214 183 46 0 50 230 255 255 255 255 255 255 216 231 255 255 255 255 255 255 255 208 255 212 255 255 255 255 163 26 0 116 255 255 255 255 255 255 255 255 255 255 255 255 251 160 242 255 255 255 230 255 255 255 176 82 0 106 255 218 226 255 171 187 171 255 182 223 238 255 238 217 196 255 255 255 212 253 239 136 255 250 33 0 170 255 255 255 255 255 255 254 184 255 255 255 255 255 255 255 234 242 255 216 255 235 255 255 249 78 0 81 255 255 255 205 242 255 255 255 255 214 234 255 255 171 174 255 254 229 238 255 255 255 226 139 57
47 168 155 204 255 255 190 174 255 255 255 202 255 255 201 243 255 255 215 164 234 255 255 210 183 43 0 89 249 255 255 255 255 255 255 212 231 255 255 255 255 255 255 255 212 255 234 255 255 255 255 146 0 0 110 255 255 255 255 255 255 255 238 255 255 255 255 255 168 242 255 255 255 255 255 255 255 189 97 0 96 255 177 167 255 253 255 181 251 186 208 234 255 219 210 192 255 255 255 205 238 243 154 255 254 29 0 174 255 255 255 255 255 255 255 184 255 255 255 255 255 255 255 234 242 255 212 255 231 255 255 253 88 0 72 241 255 255 198 250 255 255 255 255 217 242 255 255 177 171 255 255 255 255 255 255 255 228 101 39
31 134 155 229 255 248 222 255 255 255 255 202 255 255 184 239 255 255 219 158 227 255 255 214 177 39 0 132 255 255 255 255 255 255 255 205 231 255 255 255 255 255 255 255 216 255 255 255 255 255 255 147 0 0 113 255 255 255 255 255 238 194 168 255 223 255 255 255 168 238 255 255 255 255 255 255 255 192 107 0 51 252 241 182 255 255 255 181 236 199 208 223 255 208 217 189 255 238 255 201 227 236 157 255 254 19 0 172 255 255 255 255 255 255 255 178 255 255 255 255 255 255 255 234 242 255 212 255 218 255 255 255 74 2 146 252 255 255 198 254 255 255 255 255 232 250 255 255 174 191 255 255 255 255 255 255 255 213 71 22
23 127 169 255 244 158 229 255 255 255 255 202 255 255 178 236 255 255 208 155 223 255 255 217 174 41 0 118 244 254 255 255 255 255 255 212 242 255 255 255 255 234 255 255 205 255 255 255 255 255 255 152 0 0 73 255 255 255 255 214 151 139 147 243 223 255 255 249 181 255 255 198 226 255 255 255 255 179 102 0 30 214 255 228 245 255 229 181 236 186 188 223 255 208 224 196 255 208 255 212 230 224 144 255 248 11 0 172 255 255 255 255 255 255 250 178 255 255 255 255 255 255 255 234 242 255 212 255 206 255 255 252 58 17 208 255 255 255 198 250 255 255 255 255 239 254 255 212 152 215 255 255 255 255 255 255 255 217 81 26
21 142 176 255 218 158 255 255 255 255 255 202 255 255 188 224 255 255 191 168 216 255 255 217 183 53 0 65 204 255 255 255 255 234 255 238 255 255 255 255 246 212 255 255 201 255 255 255 255 255 255 161 0 0 35 183 191 255 255 178 131 178 230 255 228 255 255 246 191 255 255 166 187 255 255 255 255 179 99 0 56 255 255 250 255 255 197 168 239 151 161 223 255 205 214 196 255 198 255 223 238 221 136 255 255 5 0 172 255 255 255 255 255 255 250 178 255 255 255 255 255 255 255 234 242 253 212 255 203 255 255 241 51 15 202 255 255 255 198 242 255 255 255 255 236 255 255 181 137 219 255 255 255 255 255 255 255 235 98 27
19 133 157 240 240 226 255 255 223 255 255 198 255 255 201 210 255 255 174 198 201 255 255 214 197 61 0 42 197 253 255 255 255 209 255 255 255 255 255 255 239 216 255 255 212 255 255 255 255 248 255 148 0 0 47 164 171 255 255 174 152 227 255 255 219 255 255 250 191 255 255 181 164 255 255 255 255 189 107 0 56 255 255 255 255 208 211 215 236 139 171 242 255 198 206 196 255 194 255 219 234 221 139 255 255 5 0 179 255 255 255 255 255 255 254 181 255 255 255 255 255 255 255 234 246 253 216 255 193 255 255 233 49 18 206 255 255 255 227 254 255 255 255 255 236 255 255 178 149 208 255 255 255 255 255 255 255 230 99 27
24 131 148 240 255 255 255 188 181 255 255 198 255 255 212 196 255 255 164 222 194 255 255 217 204 64 0 45 219 246 255 255 254 195 255 255 255 255 255 255 228 224 255 255 216 255 254 255 235 241 255 161 0 0 78 196 255 255 255 231 216 255 255 255 226 255 255 246 191 255 255 184 148 255 255 255 255 199 110 0 59 255 255 255 255 191 222 233 239 160 216 255 255 205 217 199 255 205 255 208 223 214 133 251 255 6 0 186 255 255 255 255 255 255 255 181 255 246 255 255 255 255 255 231 249 253 216 255 204 255 255 234 41 19 222 255 255 255 255 255 255 255 255 255 239 255 235 188 177 201 255 255 223 255 255 255 255 215 94 29
22 107 161 222 255 255 255 196 188 255 255 201 255 255 217 201 255 255 171 255 255 255 255 221 207 67 0 51 194 255 255 255 246 212 255 255 255 255 255 255 230 230 255 255 255 255 246 255 246 248 255 187 0 0 90 244 255 255 255 255 255 255 255 255 227 255 255 249 188 255 255 178 148 253 255 255 255 190 107 0 57 255 255 255 255 255 229 234 224 199 234 230 255 230 214 196 255 205 255 230 217 214 139 251 255 6 0 169 255 255 255 255 255 255 253 181 255 212 255 255 255 255 255 234 238 255 205 255 201 255 255 227 35 16 213 255 255 255 255 255 255 255 255 255 228 255 235 201 168 215 255 255 240 255 255 255 255 230 85 24
19 76 170 249 255 255 255 236 238 255 255 201 255 255 217 181 255 255 168 192 255 255 255 255 255 115 0 47 191 245 255 255 246 208 255 255 255 255 255 255 242 212 255 255 255 254 219 255 234 251 255 197 0 0 103 201 255 255 255 255 255 255 255 255 223 255 255 249 198 255 255 194 148 237 255 255 255 187 110 0 62 255 255 255 255 255 255 241 224 199 227 219 255 234 217 199 255 205 255 223 214 214 139 255 255 7 0 172 255 255 255 255 255 255 242 188 255 216 255 255 255 255 255 234 242 255 208 255 198 255 255 209 35 15 195 255 255 255 255 255 255 255 255 255 239 255 220 201 171 215 255 255 255 255 255 255 255 230 57 17
10 83 241 255 255 255 249 186 255 255 255 201 255 255 214 176 255 255 171 147 255 255 255 255 255 91 0 43 204 237 255 255 242 201 255 255 255 255 255 255 246 201 255 255 255 250 216 255 254 232 255 230 0 0 111 172 231 255 232 206 255 255 255 255 219 255 255 246 208 255 255 212 151 219 255 255 255 190 118 0 59 255 255 255 255 255 255 255 232 206 230 223 255 249 236 221 255 205 255 212 210 217 136 255 255 8 0 175 255 255 255 255 255 255 255 198 230 194 255 255 255 255 255 234 242 255 216 255 201 255 255 224 31 0 129 255 255 255 255 255 255 255 255 255 239 227 209 205 171 212 255 255 255 255 255 255 255 207 53 15
14 128 255 255 255 255 216 151 234 255 255 209 255 255 208 196 255 255 181 179 255 255 255 255 255 54 0 43 204 215 255 255 238 205 255 255 255 255 255 255 238 198 255 255 255 255 234 255 254 221 255 255 0 0 111 157 181 255 255 166 160 223 255 255 219 255 255 238 212 255 255 227 157 208 255 255 255 197 129 0 61 255 255 255 255 207 208 255 221 206 230 216 255 242 232 221 255 201 255 208 214 221 136 255 255 13 0 176 255 255 255 255 255 255 249 181 223 201 255 255 255 255 255 234 242 255 216 255 205 245 255 243 29 0 115 255 255 255 255 255 255 255 255 255 251 231 242 227 171 208 255 255 255 255 255 255 255 200 103 35
12 156 255 255 255 255 174 145 198 255 255 209 255 255 208 206 255 255 181 255 255 255 255 255 255 40 0 73 223 211 255 255 238 216 255 255 255 255 227 255 242 188 253 255 255 255 234 255 244 233 255 255 20 0 90 154 174 255 255 199 169 242 255 255 223 255 255 230 208 255 255 234 160 194 255 255 255 201 135 0 64 255 223 206 255 179 190 255 210 206 238 219 255 230 221 224 255 201 255 208 221 228 133 255 255 21 0 176 255 255 255 255 255 255 249 188 255 255 255 255 255 255 255 234 242 255 212 255 198 245 255 224 26 17 178 255 255 255 255 255 255 255 255 255 255 255 255 255 174 208 255 255 255 255 255 255 255 209 148 47
9 172 255 255 255 255 205 210 250 255 255 198 255 255 205 203 255 255 173 255 255 255 255 255 255 40 0 93 230 226 255 255 238 219 255 255 255 250 205 255 255 188 253 255 255 254 223 255 244 225 255 255 72 0 60 173 212 255 239 217 255 255 255 255 223 255 255 227 198 255 255 234 160 184 255 255 255 197 132 0 64 255 194 163 255 244 255 255 214 210 246 227 255 223 214 228 255 201 255 212 228 236 130 251 255 37 0 176 255 255 255 255 255 255 242 178 255 255 255 255 255 255 255 238 238 255 201 255 195 226 255 209 11 17 192 255 255 255 255 255 255 255 255 255 255 255 255 255 168 204 255 255 255 211 255 255 255 209 148 45
22 174 255 255 255 255 249 255 255 255 255 227 255 255 205 198 255 255 182 255 255 255 255 255 255 65 0 73 191 222 255 255 238 216 255 255 255 255 227 255 255 198 255 255 255 246 219 255 233 200 255 255 94 0 67 170 242 255 152 194 255 255 255 255 227 255 255 230 188 255 255 234 167 184 255 255 255 194 132 0 65 246 219 179 255 255 255 255 214 203 230 219 255 212 203 221 255 201 255 219 232 243 130 255 255 50 0 173 255 255 255 255 255 255 255 188 255 255 255 255 242 254 255 238 238 255 191 255 188 215 255 210 3 3 162 255 255 255 255 255 255 255 255 255 255 242 255 246 168 204 255 255 255 201 255 255 255 205 152 44
29 140 255 255 255 255 164 255 255 255 255 255 255 255 208 201 255 255 196 255 255 255 255 255 255 94 0 71 191 237 255 255 238 208 255 255 255 254 239 255 255 201 255 255 255 242 219 255 222 193 255 239 27 0 111 160 216 255 181 255 255 242 255 255 227 255 255 230 184 255 255 234 176 191 255 255 255 197 135 0 46 181 249 206 255 255 255 255 224 206 230 223 255 219 206 228 255 201 255 219 236 243 130 255 255 61 0 170 255 255 255 255 255 255 246 198 255 255 255 255 219 234 255 238 238 255 181 255 175 219 255 203 6 18 178 255 255 255 255 255 255 255 255 255 255 254 255 246 174 208 255 255 255 204 255 255 255 184 158 45
19 114 255 255 255 255 199 254 255 255 255 255 255 255 234 205 255 255 178 255 255 255 255 255 255 49 0 81 170 238 255 255 243 208 255 255 255 234 234 255 255 191 255 255 255 255 250 255 225 203 255 232 10 0 46 161 194 255 255 255 249 168 255 255 223 255 255 230 168 255 255 181 206 201 255 255 255 189 145 0 35 201 255 220 236 255 255 255 226 203 238 208 255 216 214 226 255 205 255 230 234 232 136 251 255 32 0 171 255 255 255 255 255 255 255 181 255 255 255 255 214 247 255 238 246 255 194 255 178 206 255 228 33 11 211 255 255 255 255 227 255 255 255 255 255 255 255 250 168 201 255 255 255 214 255 255 255 194 151 41
8 109 255 255 255 255 215 238 255 255 255 255 255 255 234 219 255 255 165 246 255 255 255 255 243 30 0 70 173 211 255 255 236 205 255 255 255 254 250 255 255 209 255 255 255 255 255 255 207 196 255 255 122 0 45 161 188 255 255 255 222 168 255 255 223 255 255 238 171 255 255 178 217 249 255 255 255 209 142 0 49 242 255 245 255 255 214 255 215 192 246 223 255 208 210 222 255 198 255 255 255 248 130 248 255 32 0 171 255 255 255 255 255 255 253 188 255 255 255 255 199 236 255 230 242 255 194 255 165 203 255 236 37 0 158 255 255 255 255 242 255 255 255 255 255 255 255 255 177 205 255 255 255 225 255 255 255 194 142 35
13 138 255 255 244 245 197 212 255 255 255 255 255 255 227 227 255 255 165 250 255 255 242 255 247 28 0 83 215 204 255 255 247 212 255 255 255 246 242 255 255 209 255 255 255 255 255 255 233 214 255 255 98 0 50 177 227 255 255 255 215 215 255 255 227 255 255 249 181 255 255 181 163 253 255 255 255 255 142 0 32 237 231 255 255 205 180 255 226 203 255 255 255 212 214 230 255 194 255 255 255 240 130 251 255 34 0 171 255 255 255 255 227 255 253 188 255 255 255 255 189 228 255 234 242 255 194 255 178 206 255 221 33 0 124 255 255 255 255 255 255 255 255 255 255 255 255 255 181 201 255 255 255 222 255 255 255 197 145 39
13 154 255 166 158 187 180 214 255 255 255 254 255 255 223 216 255 255 171 255 255 255 227 255 251 31 0 64 193 187 255 255 247 201 255 255 255 242 242 255 255 212 255 255 209 171 255 255 214 196 255 255 17 0 39 204 255 255 255 255 212 230 255 255 227 255 255 255 184 255 255 184 133 253 255 255 255 255 142 0 7 204 238 255 255 191 180 255 221 199 255 255 255 208 206 228 255 201 255 223 242 232 142 255 255 30 0 177 255 255 255 255 219 255 253 184 255 255 255 255 189 228 255 238 246 255 198 255 168 189 255 228 41 0 113 255 255 255 255 255 255 255 255 255 255 255 255 255 177 201 255 255 255 233 235 255 255 194 146 40
49 233 254 144 151 177 164 189 255 255 255 238 255 255 223 212 255 255 171 255 255 255 227 255 187 21 0 45 168 196 255 255 243 205 255 255 255 255 255 255 255 219 255 255 178 146 254 255 234 198 255 198 0 0 45 255 255 255 255 227 158 174 255 255 219 255 255 249 184 255 255 188 192 255 255 255 255 255 136 0 0 175 248 255 255 223 180 255 214 191 255 255 255 212 205 228 255 205 255 201 230 240 157 255 255 16 0 174 255 255 255 249 212 255 255 184 255 255 255 255 186 228 255 242 246 255 194 255 176 186 255 225 33 0 127 255 255 255 255 255 255 255 255 255 255 255 255 255 171 208 255 255 255 248 235 255 255 199 167 52
37 251 250 155 151 158 158 191 255 255 255 223 255 255 234 219 255 255 181 255 255 255 205 246 133 22 0 53 174 226 255 255 243 216 255 255 255 255 255 230 255 195 255 255 219 152 231 255 216 201 255 222 1 0 63 255 255 255 255 212 155 171 255 255 223 255 255 246 181 255 255 184 246 255 255 255 255 255 133 0 0 158 230 253 255 255 176 255 221 198 255 255 255 219 201 228 255 198 255 201 234 236 160 255 255 7 0 137 255 255 255 241 195 255 255 188 255 255 255 255 182 224 255 238 238 255 191 255 166 166 255 186 2 0 105 255 255 255 255 255 255 255 255 255 255 255 255 255 168 208 255 255 255 255 255 255 255 206 204 67
31 251 255 223 211 200 219 248 255 255 255 219 255 255 246 230 255 255 188 255 255 255 188 212 149 53 0 64 177 222 255 255 239 205 255 255 255 255 255 255 255 184 255 255 255 174 212 255 223 208 255 183 0 0 70 255 255 255 255 238 230 255 255 255 246 255 255 249 188 255 255 194 255 255 255 255 255 255 136 0 0 171 249 255 255 255 207 255 217 194 255 255 255 231 205 236 255 194 255 191 234 236 170 255 255 7 0 78 255 255 255 230 188 255 255 188 255 255 255 255 182 224 255 238 238 255 194 255 169 170 255 214 11 0 90 255 255 255 255 255 255 255 255 255 255 255 255 255 174 208 255 255 255 255 255 255 255 191 215 62
41 251 255 255 255 255 255 255 231 255 255 227 255 255 253 234 255 255 178 255 255 255 195 231 177 89 0 98 212 226 255 255 255 205 255 255 255 255 255 255 255 216 255 255 255 205 223 255 223 201 255 139 31 0 55 255 255 255 255 201 215 255 255 255 255 255 255 255 198 255 255 205 255 255 255 255 255 255 135 0 17 224 255 255 255 255 255 255 208 191 255 255 255 255 242 255 255 205 255 191 238 251 186 255 255 14 0 38 255 255 255 226 191 255 253 181 255 255 255 255 186 228 255 242 246 255 201 255 179 163 255 207 14 0 76 255 255 255 255 255 255 255 255 242 255 255 255 255 187 208 255 255 255 255 255 255 255 185 226 60
54 249 255 255 255 255 255 255 255 255 255 227 255 255 242 212 255 255 174 255 255 255 208 255 215 60 0 91 208 255 255 255 255 209 255 255 255 255 255 255 224 205 255 255 255 181 205 255 231 201 255 185 43 0 46 255 255 255 255 194 212 255 255 255 255 255 255 246 188 255 255 208 249 255 255 255 255 255 136 0 23 233 255 255 255 255 255 255 219 194 242 242 255 255 255 255 255 212 255 194 230 253 208 255 255 58 0 31 255 255 255 215 195 255 255 179 255 255 255 255 187 226 255 239 230 255 255 255 177 156 255 217 9 0 92 255 255 255 255 255 255 255 246 236 253 219 255 255 181 198 255 255 255 255 255 255 255 184 224 59
75 255 255 255 255 234 255 255 255 255 255 219 255 255 216 184 255 255 171 255 255 255 205 255 255 42 0 107 201 230 255 255 255 223 255 255 255 255 255 255 239 181 255 255 255 219 212 255 227 208 255 129 1 0 48 255 255 255 255 249 227 255 255 255 255 255 255 253 191 255 255 212 249 255 255 255 255 255 108 0 24 233 255 255 255 255 255 255 216 191 249 242 255 255 255 255 255 205 255 198 234 249 216 255 255 72 0 30 255 255 255 255 223 255 255 179 255 246 255 255 194 226 255 236 238 255 255 255 164 169 255 206 6 0 100 255 255 255 255 255 234 198 182 228 246 219 255 255 178 198 255 255 255 255 255 255 255 187 217 65
97 255 255 255 255 198 255 255 255 255 255 205 253 255 198 178 255 255 168 255 255 255 201 255 255 62 0 121 191 205 255 255 255 242 255 255 255 255 255 255 255 158 255 255 255 246 201 255 223 191 255 131 0 0 54 255 255 236 239 210 199 255 255 255 255 249 255 255 194 255 255 208 234 255 255 252 255 255 97 0 24 230 255 255 255 255 255 255 219 198 255 255 255 255 255 255 255 198 255 216 242 246 223 255 255 79 0 46 255 255 255 255 255 255 255 186 255 227 255 255 194 221 255 234 246 255 255 255 174 176 255 175 0 0 75 255 255 255 255 255 178 147 151 226 249 223 255 255 178 208 255 255 242 255 255 255 255 197 206 70
122 255 255 255 255 205 196 255 255 255 255 201 246 255 194 181 255 255 168 255 255 255 194 255 255 92 0 91 171 216 255 255 255 255 255 255 255 255 255 255 255 158 255 255 255 255 216 255 234 201 255 155 7 0 52 255 168 164 194 184 163 255 255 255 249 230 255 255 201 255 255 208 223 255 255 229 255 255 97 0 26 226 255 255 255 255 255 255 216 201 255 255 255 255 255 255 255 198 255 230 246 249 230 255 255 76 0 79 255 255 219 255 255 255 255 192 255 212 255 255 189 214 255 238 246 255 250 255 164 160 255 206 8 0 59 255 255 255 255 228 164 158 152 210 255 230 255 255 181 223 255 249 184 255 255 255 255 197 182 59
124 255 255 255 255 234 166 203 255 255 255 209 246 255 184 181 255 255 165 255 255 255 188 255 255 95 0 66 143 234 255 255 255 255 255 255 255 255 255 255 255 174 255 255 255 255 255 255 227 212 255 123 0 0 61 255 152 152 171 168 157 255 255 255 253 230 255 255 205 255 255 205 245 255 255 226 255 220 87 0 24 219 255 255 255 255 255 255 212 194 255 255 255 255 255 255 255 201 255 238 250 255 250 255 255 80 0 93 255 255 198 255 254 255 255 189 243 198 255 255 189 212 255 242 242 255 223 255 174 163 255 224 16 0 59 255 255 255 255 201 158 158 157 221 255 230 255 255 181 234 255 223 165 255 255 255 255 190 166 48
124 255 204 255 255 255 170 145 255 255 255 212 253 255 194 191 255 255 165 255 255 255 181 255 255 81 0 96 158 253 255 255 255 255 255 255 255 255 254 255 251 191 255 255 255 255 255 255 219 191 241 115 0 0 65 255 182 151 142 160 182 255 255 255 255 234 255 255 205 255 255 201 255 255 255 225 241 159 78 0 23 215 255 255 255 255 255 255 216 194 255 255 255 246 255 255 255 198 255 242 255 255 255 255 255 82 0 74 255 255 211 255 255 255 255 189 243 198 255 255 198 219 255 242 242 255 212 255 180 176 255 199 5 0 64 255 255 255 255 201 155 152 186 255 242 227 255 255 178 238 255 223 158 255 255 255 255 187 189 56
133 243 197 255 255 255 187 166 254 255 255 212 255 255 216 216 255 255 161 255 255 255 174 255 255 78 0 145 193 255 255 255 255 255 216 227 255 255 194 255 236 188 255 255 255 255 255 255 227 194 255 159 0 0 81 255 255 255 255 255 255 242 255 255 255 234 255 255 212 255 255 201 255 255 255 207 248 175 85 0 21 208 255 255 255 255 255 255 223 198 255 255 255 234 255 255 255 198 255 255 255 255 255 255 255 77 0 63 255 255 215 255 255 255 255 192 251 201 255 255 208 219 255 242 246 255 203 255 158 166 255 203 8 0 80 255 255 255 255 208 155 169 254 255 238 227 255 255 178 253 255 223 158 255 255 255 255 194 224 70
113 190 212 255 255 255 222 255 255 255 255 209 255 255 234 230 255 255 161 255 255 255 171 255 255 101 0 160 193 235 255 255 255 255 176 189 255 255 182 255 228 174 255 255 255 255 255 255 205 208 255 191 0 0 123 255 255 255 255 255 255 253 255 255 249 234 255 253 212 255 255 205 255 255 255 190 255 227 97 0 19 208 255 255 255 255 255 255 216 194 255 255 255 227 255 255 255 198 255 255 255 255 255 255 255 75 0 77 255 255 208 255 255 255 247 186 255 194 255 255 209 216 255 242 249 255 189 255 174 166 255 196 4 0 80 255 255 255 255 203 152 196 255 255 246 230 255 255 181 255 255 216 162 252 255 255 255 190 236 70
110 197 207 255 255 255 255 255 255 255 255 205 249 255 234 255 255 255 181 255 255 255 174 255 255 116 0 133 173 248 255 255 255 255 191 178 255 255 181 255 238 161 255 255 255 255 255 255 226 228 255 153 0 0 120 255 255 255 255 255 255 255 255 255 253 230 255 255 188 255 255 201 255 255 255 201 255 255 140 0 19 224 241 255 255 255 233 255 216 205 255 255 255 234 249 249 255 191 255 255 255 255 255 255 255 77 0 139 246 236 229 255 255 255 255 189 251 201 255 255 217 214 255 250 250 255 186 255 176 155 255 208 17 0 55 255 255 255 255 203 157 181 255 255 242 227 255 255 178 255 255 219 164 238 255 255 255 197 163 53
119 204 204 255 255 255 255 255 255 255 255 194 227 249 208 255 255 255 209 255 255 253 171 255 255 111 0 127 179 255 255 255 255 255 255 255 255 255 171 255 230 208 255 255 255 254 255 255 212 224 255 189 0 0 131 255 255 255 231 223 255 255 255 255 249 230 255 253 171 255 255 188 227 255 255 190 255 255 174 0 16 213 237 255 255 255 197 255 255 255 255 255 255 234 246 255 255 201 255 255 255 255 250 255 255 85 0 161 246 211 237 255 255 255 255 189 251 198 255 255 221 206 255 255 255 255 186 255 173 158 255 194 4 0 58 255 255 255 255 186 176 201 255 255 242 227 255 255 174 255 255 219 160 235 255 255 255 197 163 53
118 211 197 255 255 255 255 255 255 255 255 201 230 249 181 255 255 255 238 255 255 255 165 255 255 120 0 124 183 255 255 255 255 255 255 255 255 255 181 255 219 255 255 255 255 212 255 255 215 232 255 192 0 0 143 255 255 255 234 188 255 255 255 255 234 223 255 238 152 255 255 178 216 255 255 194 255 255 185 0 18 213 244 255 255 255 173 255 255 255 255 255 255 227 234 255 255 216 255 255 255 255 234 255 255 94 0 170 234 176 248 255 255 255 255 189 251 194 255 255 217 196 255 255 255 255 186 255 173 158 255 191 0 0 58 255 255 255 255 219 246 255 255 255 242 223 255 255 174 255 255 219 160 224 255 255 255 197 166 53
92 208 211 255 255 255 255 237 165 231 255 184 234 255 165 242 255 255 255 255 255 255 168 255 255 146 0 116 179 255 255 255 255 255 255 255 255 253 188 255 230 255 255 255 238 184 255 255 219 236 255 172 0 0 123 255 255 255 255 189 173 255 255 255 216 208 255 238 152 253 255 181 227 255 255 201 255 255 174 0 19 217 248 255 255 255 167 255 255 255 255 255 255 216 227 255 255 255 255 246 255 255 223 255 255 121 0 174 234 173 255 255 254 255 255 196 247 191 255 255 210 189 253 255 255 253 189 255 176 155 255 201 0 0 53 255 255 255 255 255 255 255 255 255 242 223 255 255 174 255 255 219 157 213 255 255 255 197 170 53
37 164 208 255 255 255 255 194 155 255 255 181 234 255 158 234 255 255 255 255 255 249 181 255 255 152 8 92 163 255 255 255 255 234 255 255 255 238 184 255 255 227 255 255 223 184 255 255 215 229 255 179 0 0 67 218 255 255 255 192 130 212 255 255 208 201 255 246 174 255 255 188 223 255 255 194 255 255 178 0 16 213 229 255 255 255 167 255 255 255 255 255 255 227 227 242 255 255 255 238 255 255 223 255 255 136 0 167 230 170 255 235 201 255 255 199 247 194 255 255 203 189 253 255 255 249 203 255 170 161 255 194 0 0 55 255 255 255 255 255 255 255 255 255 242 227 255 255 178 255 255 216 154 199 255 255 255 194 170 51
37 170 204 255 255 255 255 220 171 255 255 171 223 255 178 255 255 255 255 255 255 253 191 255 218 125 0 68 157 255 255 255 253 143 174 255 255 246 191 255 255 181 242 255 223 195 255 255 223 221 255 196 0 0 34 197 255 255 255 227 188 249 255 255 212 205 255 249 208 255 255 188 223 255 255 180 238 255 188 0 23 221 215 255 255 255 173 255 255 255 255 255 255 253 227 227 255 255 255 216 255 255 219 255 255 136 0 167 230 164 255 202 162 255 255 199 247 205 255 255 206 192 255 255 255 249 217 255 160 171 255 184 0 0 62 255 255 255 255 255 255 255 255 255 242 227 255 255 174 255 255 219 154 188 255 255 255 194 173 51
111 244 211 255 255 255 255 255 255 255 255 227 255 255 201 255 255 255 255 255 255 255 194 242 200 118 0 82 196 255 255 255 242 140 191 255 255 253 208 255 255 165 227 255 227 188 255 255 227 229 255 200 0 0 43 197 255 255 255 255 255 255 255 255 216 208 255 234 246 255 255 184 246 255 255 180 234 255 188 0 39 239 215 255 255 255 173 255 255 255 255 255 255 255 216 223 255 255 255 212 255 255 209 255 255 136 0 177 255 183 255 213 140 250 255 196 251 223 255 255 210 189 253 255 255 242 221 255 164 168 255 201 12 0 60 255 255 255 255 255 255 255 255 255 242 231 255 255 171 255 255 234 154 182 255 255 255 191 173 49
148 255 180 255 255 255 255 255 255 255 255 255 255 255 205 249 255 255 255 255 255 255 194 255 225 135 6 124 255 255 255 255 198 171 255 255 255 238 223 255 255 168 230 255 231 171 255 255 212 237 255 193 0 0 73 186 255 255 255 255 255 255 255 255 216 208 255 219 255 255 255 181 255 255 255 194 245 255 181 0 51 247 211 255 255 255 170 255 255 255 255 223 255 255 205 219 246 255 255 212 255 255 205 255 255 130 0 174 255 200 255 224 131 242 255 192 251 238 255 255 206 182 246 255 255 234 217 247 173 158 255 242 40 0 53 255 255 255 234 255 255 255 255 255 242 231 255 255 168 255 255 246 154 178 255 255 255 191 173 49
109 255 168 255 255 255 248 255 255 255 255 255 255 255 184 234 255 255 255 223 255 255 201 255 231 170 5 152 255 255 255 255 184 255 255 255 255 253 224 255 255 165 223 255 246 191 255 255 219 229 255 197 0 1 177 181 255 255 255 255 255 255 255 255 208 216 255 192 236 255 255 231 255 255 255 187 236 255 177 0 58 238 190 255 255 252 170 255 255 255 255 212 255 255 223 242 255 255 255 205 255 249 212 255 255 123 0 169 255 255 255 255 171 254 255 192 251 227 255 255 227 188 255 255 255 250 216 255 164 164 255 216 11 0 57 255 255 255 231 255 255 255 255 255 234 227 255 255 188 255 255 255 148 194 255 255 255 194 176 43
93 255 178 255 255 255 241 255 255 255 255 255 255 255 168 227 255 255 255 198 255 255 198 255 211 128 1 159 255 255 255 239 209 255 255 255 255 242 214 255 255 178 227 255 246 188 255 255 227 218 255 204 0 0 126 186 255 255 255 255 255 178 212 255 219 208 255 182 221 255 255 255 255 255 255 190 243 255 167 0 55 242 194 255 255 252 170 255 255 255 255 216 255 255 230 246 255 255 255 184 255 255 208 255 255 101 0 150 255 255 255 255 254 255 255 196 251 219 255 255 249 188 253 255 255 250 219 242 167 164 255 191 0 0 59 255 255 255 234 216 255 255 255 255 242 230 255 255 191 255 255 255 155 184 255 255 255 208 148 51
95 255 188 255 255 255 229 255 255 255 255 255 255 255 168 238 255 255 255 181 255 255 188 238 220 64 0 151 255 255 255 255 255 255 255 255 255 246 212 255 255 201 227 255 250 184 255 255 212 240 255 148 0 0 55 189 255 255 255 255 255 143 219 255 216 198 255 179 210 255 255 255 255 255 255 194 243 255 139 0 53 242 197 255 255 252 170 255 255 255 255 216 255 255 219 254 255 255 255 198 255 255 201 255 255 62 0 107 255 255 255 255 255 255 255 196 247 205 255 255 255 184 253 255 255 255 255 255 167 161 255 181 0 0 63 255 255 255 255 171 246 250 255 255 246 227 255 255 195 255 255 255 148 171 255 255 255 197 95 26
117 255 185 255 255 255 218 255 255 255 255 255 255 255 181 249 255 255 250 188 255 255 181 249 218 41 0 163 255 255 255 255 255 255 255 255 255 255 216 255 255 219 230 255 255 188 255 255 211 250 241 100 0 0 45 197 255 255 255 255 255 184 255 255 216 212 255 203 219 255 255 255 255 255 255 194 230 241 119 2 55 238 190 255 255 255 170 255 255 255 255 208 255 255 198 255 255 255 255 255 255 255 188 255 255 48 0 89 255 255 255 255 255 254 234 203 247 194 255 255 255 178 255 255 255 255 255 255 167 161 255 188 0 0 65 255 255 255 255 174 184 201 255 255 242 223 255 255 191 255 255 255 155 174 255 255 255 204 119 43
111 255 181 255 255 255 204 255 255 255 255 255 255 255 219 255 255 255 238 194 255 255 181 255 255 116 0 148 255 255 255 255 255 255 255 255 255 255 227 255 255 230 230 255 255 198 255 255 233 220 194 116 0 0 87 211 255 255 255 255 255 255 255 255 254 255 255 223 227 255 255 255 255 255 255 183 212 222 111 2 58 234 184 255 255 255 170 255 255 255 255 201 255 255 194 255 255 255 255 255 255 255 184 253 255 51 0 92 255 255 255 255 255 246 253 221 251 191 255 255 255 178 255 255 255 255 255 255 167 155 255 191 0 0 61 255 255 255 255 201 140 181 255 255 242 223 255 255 195 255 255 255 155 177 255 255 255 211 170 58
81 255 185 255 255 255 187 255 255 255 255 255 255 255 255 255 255 255 223 188 255 255 188 255 255 176 4 153 255 226 183 167 179 188 242 255 255 255 246 255 255 227 234 255 255 209 255 255 223 218 180 127 0 0 89 210 255 255 255 255 255 255 255 255 255 255 255 216 205 255 255 255 255 255 255 204 245 255 127 5 60 234 180 255 255 255 173 255 255 255 255 212 255 255 212 255 255 242 188 249 255 255 191 253 255 51 0 93 255 255 255 255 255 250 255 217 243 198 255 255 255 181 255 255 255 255 255 255 167 155 255 178 0 0 57 255 255 255 255 227 149 212 255 255 249 227 255 255 201 255 255 255 155 177 255 255 255 191 176 41
58 255 188 255 255 247 187 255 255 255 255 255 255 242 249 255 255 255 184 184 255 255 188 253 255 218 6 155 255 193 152 164 155 154 230 255 255 255 255 255 255 212 238 255 255 209 255 255 209 255 215 127 0 0 82 200 254 255 255 238 255 255 255 255 255 255 255 201 188 255 255 255 214 255 255 197 241 255 116 0 58 238 190 255 255 252 173 255 255 255 255 238 249 255 223 255 255 216 137 194 255 255 188 253 255 51 0 91 255 255 255 255 255 246 255 196 232 223 255 255 255 188 255 255 255 255 255 255 164 164 255 162 0 0 55 255 255 255 255 246 216 255 255 255 249 227 255 255 198 255 255 255 174 174 248 255 255 191 183 53
58 255 188 255 255 251 190 255 255 255 255 255 223 201 242 255 255 242 149 181 255 255 181 255 255 219 0 145 255 183 146 152 198 160 230 255 255 255 254 255 255 201 246 255 255 209 255 255 219 255 255 142 0 0 122 198 238 255 255 231 255 255 255 255 255 255 255 201 191 255 255 255 214 255 255 197 230 244 119 7 53 242 197 255 255 252 173 255 255 255 255 255 212 223 223 255 255 234 146 188 255 255 178 255 255 47 0 83 255 255 255 255 255 250 255 186 236 246 255 255 255 191 253 255 255 255 255 255 161 174 255 155 0 0 57 255 255 255 255 255 255 255 255 255 242 219 255 255 191 255 255 255 174 164 248 255 255 204 166 47
56 255 194 255 255 242 187 255 255 255 255 219 255 255 246 255 255 201 142 189 255 255 184 255 255 198 21 105 255 255 228 184 234 178 234 255 255 255 255 255 255 191 255 255 255 201 255 255 236 242 255 192 0 0 145 201 254 255 255 205 249 255 255 255 255 255 255 216 219 255 255 255 177 255 255 186 234 255 134 4 55 223 222 255 255 255 173 255 255 255 255 255 255 255 238 255 255 255 191 181 255 253 189 255 255 51 0 40 255 255 255 255 255 238 255 198 230 255 255 255 255 181 254 255 255 255 238 255 169 157 255 165 0 0 85 255 255 255 238 184 255 255 255 255 242 227 255 242 184 255 255 255 146 168 253 255 255 184 179 45
38 230 178 249 255 242 194 255 255 255 255 209 255 255 253 255 255 234 181 242 255 255 176 251 255 220 34 93 255 255 255 255 253 201 255 255 255 255 255 255 255 188 255 255 255 191 255 255 255 255 255 185 6 0 128 212 254 255 255 194 246 255 255 255 255 255 255 242 246 255 255 255 158 255 255 190 253 255 145 0 53 219 215 255 255 255 176 255 255 255 255 255 255 255 230 255 255 255 230 181 255 255 192 251 255 39 0 35 255 255 255 255 255 234 255 216 208 254 255 255 255 178 254 255 255 255 230 251 169 157 255 164 0 0 87 255 255 255 188 161 255 255 255 255 246 223 255 246 181 255 255 255 158 171 253 255 255 197 170 55
30 216 188 255 255 249 194 255 255 255 255 191 255 255 227 238 255 255 254 255 255 255 178 255 255 218 35 88 247 255 255 255 255 205 255 255 255 255 255 255 255 198 255 255 250 181 255 255 255 255 255 160 0 0 92 183 250 255 255 181 246 255 255 255 255 255 255 255 250 255 255 255 170 255 255 183 245 255 187 0 55 216 208 255 255 255 193 255 255 255 255 255 255 255 188 255 255 255 231 191 255 255 178 253 233 37 0 37 255 255 255 255 255 230 255 242 188 250 255 255 255 178 250 255 255 255 219 255 172 176 255 168 0 0 58 255 255 255 162 181 255 255 255 255 250 223 255 250 178 255 255 255 149 161 253 255 255 204 127 42
32 208 194 255 255 249 191 255 255 255 255 191 255 255 223 246 255 255 255 255 255 255 188 255 255 197 21 122 255 255 255 255 249 194 255 255 255 255 255 255 255 198 255 255 246 188 255 255 255 255 255 212 0 3 180 214 246 255 255 174 246 255 255 255 255 255 219 223 255 255 255 216 141 255 255 195 241 255 201 0 58 216 197 255 255 255 207 255 255 255 255 255 255 255 171 246 255 255 242 201 255 255 178 255 222 35 0 37 255 255 255 255 255 230 255 255 174 255 255 255 255 184 250 255 255 246 212 255 159 160 255 158 0 0 62 255 255 255 162 234 255 255 255 255 246 223 255 255 174 255 255 255 152 167 255 255 255 197 81 17
45 212 205 255 255 242 191 255 255 255 255 191 255 255 216 234 255 255 255 223 255 255 191 255 255 197 17 163 255 255 255 255 255 223 255 255 255 255 255 255 255 201 255 255 238 191 255 255 255 255 255 212 0 0 116 186 238 255 255 171 249 255 255 255 255 242 227 234 255 255 255 155 172 255 255 198 229 255 210 0 60 208 190 255 255 255 225 255 255 255 255 255 255 255 178 246 255 255 255 201 255 255 191 246 215 32 0 35 255 255 255 255 255 234 255 255 171 255 255 255 255 191 254 255 255 242 212 255 172 155 255 171 0 0 119 255 255 255 162 255 255 255 255 255 242 223 255 255 171 255 255 255 157 185 252 255 255 208 83 27
32 187 208 255 255 242 191 255 255 255 255 184 255 255 201 216 255 255 255 178 255 255 195 255 255 182 19 183 255 255 255 255 255 205 230 255 255 250 238 255 255 195 255 255 250 195 255 255 255 255 255 190 0 0 51 207 234 255 255 174 249 255 255 255 231 255 255 255 254 255 254 162 189 255 255 223 244 255 154 0 66 216 201 255 255 255 255 255 255 255 255 255 255 255 178 238 255 255 255 242 255 255 205 255 230 35 0 35 255 255 255 255 255 230 255 255 181 246 255 255 255 201 254 255 255 242 212 255 159 161 255 159 0 0 87 255 255 255 184 255 255 255 255 255 238 227 255 255 168 255 255 255 151 195 237 255 255 219 99 40
18 158 198 255 255 246 191 255 255 255 255 195 255 255 223 242 255 255 255 191 255 255 201 255 255 163 16 176 255 255 255 255 246 152 146 234 255 254 246 255 255 168 242 255 255 188 255 255 255 255 255 243 15 0 116 219 238 255 255 178 246 255 255 255 216 254 255 246 234 255 255 219 255 255 255 219 237 255 140 0 69 212 211 255 255 255 255 255 255 255 255 255 255 255 181 255 255 255 255 255 255 255 219 255 226 39 0 37 255 255 255 255 255 223 255 255 198 246 255 255 255 208 254 255 255 246 216 255 165 174 255 162 0 0 82 255 255 255 238 255 255 212 227 255 242 227 255 255 165 255 255 255 162 227 237 255 255 208 99 31
49 198 234 255 255 242 191 255 255 255 255 195 255 255 216 249 255 255 255 219 255 255 198 255 255 92 0 113 255 255 255 255 253 181 168 255 255 238 238 255 255 155 231 255 242 149 227 255 255 255 255 255 17 0 223 219 242 255 255 181 246 255 255 255 216 234 255 250 223 255 255 255 255 255 255 219 237 255 142 0 60 198 208 255 255 255 255 255 235 255 255 234 255 255 174 255 255 255 255 255 255 255 216 198 197 33 0 33 255 255 255 255 255 208 255 255 219 255 255 255 255 208 250 255 255 250 219 255 172 151 255 162 0 9 164 255 255 255 255 255 255 171 238 255 246 227 255 255 165 255 255 242 165 246 229 255 255 205 115 37
57 255 205 255 255 238 187 255 255 255 255 219 255 255 201 230 238 255 255 198 255 255 194 255 255 69 0 108 168 244 255 255 255 227 216 255 255 242 246 255 255 177 234 255 223 137 194 255 255 255 255 237 0 0 219 214 246 255 255 178 246 255 255 255 219 230 255 246 219 255 255 255 246 255 255 211 242 255 137 0 4 113 237 255 255 255 255 201 174 255 255 174 232 255 160 255 255 255 255 255 255 234 212 255 247 39 0 30 255 255 255 255 255 194 255 255 231 254 255 255 255 219 253 255 255 249 215 255 176 154 255 139 0 17 172 255 255 255 255 255 249 158 246 255 246 230 255 255 178 253 255 216 174 255 234 255 255 212 109 36
42 234 212 255 255 255 191 255 255 255 255 255 255 255 212 227 255 255 255 188 255 255 198 255 255 83 0 113 171 183 255 255 255 242 205 255 255 246 246 255 255 164 234 255 220 161 233 255 255 255 229 255 11 0 167 221 250 255 255 178 249 255 255 255 223 234 255 246 212 255 255 255 208 255 255 218 238 255 168 0 0 105 241 255 255 255 255 216 146 230 255 188 246 255 154 255 255 255 255 255 255 246 208 255 255 35 0 32 255 255 255 255 255 194 253 255 234 255 255 255 255 215 253 255 255 249 215 255 173 163 255 139 0 0 66 255 255 255 255 234 253 155 242 255 242 227 255 255 171 238 255 212 174 255 255 255 255 230 90 33
17 130 205 255 255 255 187 255 255 255 255 255 255 255 201 219 255 255 255 201 255 255 205 255 255 96 0 100 168 142 255 255 255 246 168 216 255 250 242 255 255 158 241 255 223 184 255 255 255 255 176 255 41 0 103 236 250 255 255 174 249 255 255 255 216 234 255 246 212 255 255 255 186 255 255 222 236 255 207 5 0 92 237 255 255 255 255 255 219 246 255 188 238 255 163 255 255 255 250 255 255 255 205 255 255 30 0 34 255 255 255 255 255 198 253 255 234 255 255 255 255 215 249 255 255 245 215 255 166 173 255 136 0 0 78 255 255 255 255 234 255 188 250 255 242 227 255 255 168 227 255 227 184 255 255 255 255 255 69 20
22 125 237 255 255 255 182 255 255 255 255 255 255 255 194 238 255 255 255 231 255 255 216 255 255 85 0 85 172 151 255 255 255 255 168 201 255 250 234 255 255 164 255 255 239 181 226 254 255 255 183 244 40 0 148 219 250 255 255 174 246 255 255 255 216 234 255 242 216 255 255 255 193 255 255 225 241 255 225 11 2 110 244 255 255 255 255 255 255 255 255 178 238 255 223 255 255 255 212 255 255 255 208 255 255 30 0 37 255 255 255 255 255 201 255 255 238 254 255 255 255 212 245 255 255 245 215 255 169 190 255 130 0 0 88 255 255 255 255 255 255 238 255 255 249 227 255 255 171 227 255 246 152 198 255 255 255 255 76 14
22 147 255 255 255 255 194 255 255 255 255 255 255 255 184 255 255 255 255 238 255 255 227 255 255 55 0 85 178 183 255 194 246 255 249 249 255 246 238 255 255 171 255 255 255 168 184 242 255 255 196 240 41 0 215 219 246 255 255 171 242 255 255 255 250 255 255 234 223 255 255 255 200 255 255 221 241 255 234 12 17 133 242 255 255 255 255 255 255 255 255 184 249 255 255 255 255 255 181 255 255 255 208 255 255 39 0 37 255 255 255 255 255 208 255 255 238 250 255 255 255 205 237 255 255 245 215 255 176 190 255 142 0 0 87 255 255 255 255 255 230 255 255 255 253 223 255 255 174 234 255 242 165 174 255 255 255 255 111 19
12 150 244 255 255 255 201 255 255 255 255 255 255 246 178 255 255 246 255 242 255 255 227 255 255 30 0 75 165 190 255 188 174 255 255 255 255 242 246 255 255 168 255 255 255 164 161 250 255 255 168 234 45 0 200 222 238 255 255 171 242 255 255 255 255 255 255 223 227 255 255 255 200 255 255 220 241 255 237 16 7 127 234 255 255 255 245 255 255 255 255 198 255 255 249 230 255 255 168 255 255 255 208 255 255 64 0 35 255 255 255 255 255 208 246 255 238 250 255 255 255 201 230 255 255 249 215 255 189 176 255 146 0 29 243 255 255 255 255 255 184 246 255 255 246 219 255 255 178 230 255 223 155 171 255 255 255 255 181 61
27 160 241 255 255 255 197 255 255 255 255 255 255 255 201 255 255 195 255 255 255 255 223 255 235 22 0 59 153 174 255 246 174 249 255 255 255 246 246 255 255 168 255 255 255 168 164 255 255 255 158 249 65 0 204 204 234 255 255 178 242 255 255 255 255 255 255 212 227 255 255 255 211 255 255 214 239 255 232 16 9 145 246 255 255 255 173 173 254 255 255 198 255 255 219 212 255 255 165 255 255 255 208 255 255 100 0 34 255 255 255 255 255 205 230 255 238 254 255 255 255 198 226 255 255 249 215 255 207 180 255 134 0 61 255 255 255 255 255 255 181 216 255 255 242 223 255 255 174 230 255 223 155 184 255 255 255 255 143 63
42 154 233 255 255 255 200 255 246 254 255 255 255 255 216 255 255 191 255 255 255 255 227 255 237 27 0 55 153 161 255 255 249 219 255 255 255 250 242 255 255 174 255 255 255 174 174 255 255 255 177 237 154 0 197 222 231 255 255 181 246 255 255 255 255 255 255 208 227 255 255 255 237 255 255 207 243 255 228 9 22 170 255 255 255 255 157 167 255 255 255 195 254 255 178 181 255 255 165 255 255 255 208 255 255 127 0 32 255 255 255 255 255 201 216 255 238 255 255 255 255 198 222 255 255 253 215 255 207 204 255 137 0 5 188 255 255 255 255 255 178 178 255 255 246 227 255 255 168 234 255 242 162 187 255 255 255 255 85 50
43 226 255 255 255 255 252 255 219 194 255 255 255 255 205 255 255 209 255 255 255 255 238 255 247 16 0 54 159 152 255 255 251 151 192 255 255 246 246 255 255 179 255 255 255 164 174 255 255 255 173 235 148 0 152 223 246 255 255 188 242 255 255 255 255 255 255 212 234 255 246 255 254 255 255 231 255 255 205 12 21 197 255 255 255 221 184 240 255 255 255 195 253 255 171 185 255 255 171 255 255 255 205 255 255 119 0 11 178 255 255 255 255 205 246 255 227 254 255 255 255 205 188 253 255 253 212 255 194 196 255 171 7 0 126 255 255 255 255 221 166 171 255 255 254 223 255 255 171 234 255 255 170 249 255 255 255 255 158 37
30 187 255 255 255 255 255 255 223 198 255 255 255 255 223 255 255 209 255 255 255 255 255 255 232 19 0 73 175 174 255 255 196 192 243 255 255 242 238 255 255 182 255 255 255 158 181 255 255 255 173 243 110 0 185 249 255 255 255 195 246 255 255 255 255 255 255 216 246 255 223 255 255 255 255 254 255 255 167 7 14 241 255 255 255 186 255 255 255 255 255 201 255 255 185 181 255 255 178 255 255 255 205 255 255 164 0 13 178 255 255 255 255 201 253 255 234 255 255 255 255 205 205 255 255 249 208 255 198 199 255 144 7 25 210 255 255 255 255 214 154 161 255 255 250 219 255 255 168 242 255 250 207 255 255 255 255 255 143 22
19 148 255 255 255 255 255 255 223 198 255 255 255 255 239 255 255 205 255 255 255 255 255 255 233 26 0 84 175 208 255 255 201 255 255 255 255 250 246 255 255 189 255 255 254 149 191 255 255 255 164 220 154 0 202 255 255 255 255 209 255 255 246 255 255 255 255 223 255 255 212 253 255 255 255 255 255 255 154 4 11 240 255 255 255 197 255 255 255 255 255 201 249 255 205 188 255 255 184 255 255 255 208 255 255 193 0 13 146 204 255 255 255 198 255 255 238 255 255 255 255 201 219 255 255 245 208 255 201 206 255 126 0 13 191 255 255 255 255 206 142 158 255 255 254 223 255 255 165 254 255 254 200 255 255 255 255 255 152 31
21 145 255 255 255 255 255 255 219 191 255 255 255 255 250 255 255 201 255 246 255 255 255 255 230 24 0 92 197 255 255 255 255 255 255 255 255 235 235 255 255 196 255 255 239 137 204 255 255 255 170 255 148 1 209 255 255 255 255 246 255 255 205 255 255 255 255 231 255 255 216 255 255 255 255 255 255 255 158 4 7 206 255 255 255 255 255 255 255 255 255 209 255 255 235 202 255 255 184 255 255 255 216 255 208 102 0 15 146 175 255 255 255 201 253 255 227 255 255 255 255 201 227 255 255 245 212 255 191 189 255 141 0 0 152 255 255 255 255 234 181 198 255 255 254 223 255 255 165 255 255 255 196 255 255 255 255 255 137 31
13 148 255 255 255 255 255 255 219 194 255 255 255 255 255 255 255 201 255 223 255 255 246 255 245 21 0 57 181 255 255 255 255 255 255 255 255 242 242 255 255 203 255 255 227 134 219 255 255 255 164 255 21 2 220 253 255 255 255 255 255 255 194 255 255 255 255 238 255 255 212 255 255 255 255 255 255 255 151 1 0 172 255 255 255 255 255 255 254 255 255 227 255 255 255 212 255 255 188 255 255 255 212 216 187 78 0 20 155 153 194 255 255 208 253 255 223 255 255 255 255 198 223 255 255 253 208 255 234 202 255 159 11 0 104 255 255 255 255 255 255 255 255 255 242 223 255 255 171 255 255 255 207 255 255 255 255 255 101 17
28 193 255 255 255 255 255 255 227 201 255 255 255 255 255 255 255 205 255 212 255 255 234 255 237 21 0 21 129 225 255 255 249 181 219 255 255 238 231 255 255 199 255 255 216 143 233 255 255 255 160 220 18 0 206 255 255 255 255 255 255 255 191 255 255 255 255 255 255 255 212 255 255 253 255 255 255 255 145 1 0 196 255 237 211 208 224 239 255 255 255 227 255 255 255 223 255 255 195 255 255 255 212 194 171 87 0 27 174 147 201 255 255 216 255 255 227 255 255 255 255 194 219 255 255 255 201 255 226 195 255 150 14 0 80 255 255 255 255 255 255 255 255 255 238 231 255 255 178 255 255 250 200 255 255 255 255 255 90 17
53 255 255 255 255 255 255 255 227 201 255 255 255 255 255 255 255 205 255 205 255 255 216 255 222 26 0 18 139 157 235 255 232 142 189 255 255 253 234 255 255 196 255 255 216 161 245 255 255 255 180 210 139 0 202 255 255 255 255 255 255 255 188 255 255 255 255 255 255 255 216 255 255 219 255 252 255 255 151 3 0 201 226 152 142 146 155 164 255 255 255 231 255 255 242 223 255 255 195 255 255 255 227 230 171 90 0 39 235 177 202 255 255 230 255 255 230 255 255 255 255 198 219 255 255 255 191 255 231 202 255 156 14 0 71 255 255 255 255 242 223 255 255 255 255 255 255 255 181 255 255 254 200 255 255 255 255 255 101 19
23 229 255 255 255 255 255 255 223 198 255 255 255 255 255 255 255 205 255 198 255 255 198 255 255 41 0 13 183 164 255 255 239 133 163 221 255 255 238 255 255 192 255 255 216 177 253 255 255 255 170 189 173 0 224 255 255 255 255 255 255 255 184 255 255 255 255 255 255 255 219 255 240 212 255 218 255 255 164 1 0 194 222 145 151 174 167 197 255 255 255 254 255 255 235 216 255 255 191 255 255 246 246 255 255 95 0 39 255 255 220 255 255 246 255 255 230 255 255 255 255 201 223 255 255 253 181 255 243 192 255 162 19 0 71 255 255 255 255 219 194 255 255 255 255 255 255 255 181 255 255 255 200 255 255 255 255 255 117 24
23 182 255 255 255 255 255 255 230 203 234 219 255 255 255 255 255 205 255 191 255 255 179 255 255 47 0 51 250 244 255 255 251 154 136 144 217 247 239 255 255 194 216 255 219 188 255 255 255 255 180 202 169 0 255 255 255 255 255 255 255 255 161 255 255 255 255 255 255 255 201 255 248 215 255 204 255 255 154 0 0 199 255 212 186 188 198 211 255 255 255 239 255 255 238 221 255 255 195 250 255 250 250 255 255 120 0 37 255 255 237 255 255 227 255 255 255 255 255 255 255 198 218 255 255 250 181 255 228 201 255 140 2 0 70 255 255 255 255 208 205 255 255 255 255 255 255 255 174 255 255 255 214 255 255 255 255 255 96 24
21 176 255 255 255 255 255 255 226 189 253 238 255 255 255 255 255 205 255 191 246 255 176 255 255 45 0 95 255 255 255 255 255 223 198 168 208 238 246 255 255 188 194 255 255 255 255 255 255 255 174 227 144 1 255 255 255 255 255 255 255 255 165 255 219 255 255 255 255 255 223 255 248 219 255 194 255 255 154 1 0 146 255 255 255 255 241 229 255 255 255 254 255 255 238 217 255 255 178 238 255 255 255 255 255 114 0 33 255 252 245 255 255 227 255 255 250 255 255 255 255 198 218 255 255 250 181 255 254 201 255 137 0 0 72 255 255 255 255 208 219 255 255 255 255 255 255 255 174 255 255 255 173 255 255 255 255 255 95 14
18 166 255 255 255 255 255 255 234 196 255 255 255 255 246 255 255 205 255 201 230 251 173 255 255 39 0 70 228 255 255 255 255 255 255 250 255 255 255 255 255 184 201 255 255 255 255 255 255 255 167 224 159 3 255 255 255 255 255 255 255 255 165 255 188 255 255 255 255 255 234 253 244 219 255 180 255 255 148 2 0 128 255 255 255 255 194 233 255 255 255 255 255 255 234 224 255 255 184 255 255 255 255 255 255 123 0 33 255 226 255 255 255 223 255 255 238 255 255 255 255 198 218 255 255 250 181 255 255 189 255 162 0 0 74 255 255 255 255 227 198 255 255 255 255 255 255 255 174 255 255 255 170 255 255 255 255 255 103 8
18 160 255 255 255 255 255 255 222 192 255 255 255 255 216 249 255 201 255 216 227 247 169 255 255 50 0 49 214 255 255 255 255 255 255 255 255 255 255 255 255 181 212 255 255 255 246 255 255 255 182 202 213 21 255 255 255 255 255 255 255 255 165 255 246 255 255 255 255 255 219 255 244 219 255 167 255 255 145 4 0 168 255 255 255 255 171 252 255 255 255 255 255 255 219 221 255 255 195 255 255 255 255 255 255 134 0 29 255 215 255 255 255 223 255 255 231 255 255 255 255 198 218 255 255 250 184 255 255 196 255 171 0 0 70 255 255 255 255 255 171 255 255 255 255 255 255 255 178 255 255 255 170 255 255 255 255 255 154 31
18 160 255 255 255 255 255 255 221 196 255 255 255 255 194 255 255 201 255 227 223 243 169 255 255 52 0 30 228 255 255 255 255 255 255 255 255 255 255 255 255 168 194 255 255 255 219 255 255 255 180 184 152 44 255 255 255 255 255 255 255 255 161 255 255 255 255 242 255 255 209 255 248 219 255 164 255 255 142 4 0 175 255 255 255 255 245 255 255 255 255 235 255 255 208 210 255 255 195 255 255 255 255 255 255 143 0 26 255 201 255 255 255 223 255 255 231 246 255 255 255 198 218 255 255 254 184 255 255 206 255 158 0 0 82 255 255 255 255 255 171 255 255 255 255 255 255 255 181 255 255 255 170 255 255 255 255 255 187 45
16 166 255 255 255 234 253 255 224 205 255 255 255 253 169 239 255 208 255 227 219 243 166 255 255 73 0 35 255 255 255 255 255 255 255 255 255 255 255 255 255 161 191 255 255 255 212 255 255 255 174 194 31 51 255 255 255 255 255 255 255 255 161 255 255 255 255 199 247 255 209 255 255 219 255 161 241 255 145 2 0 206 255 255 255 255 198 186 223 255 255 220 255 255 201 214 255 255 198 255 255 255 255 255 255 178 0 33 255 183 255 255 255 223 255 255 234 231 255 255 255 202 218 255 255 255 188 255 255 201 255 171 0 0 84 255 255 255 253 255 169 255 255 255 255 250 255 255 181 255 255 255 176 255 255 255 255 255 145 22
14 172 255 255 255 198 230 255 217 198 255 255 255 242 169 230 255 208 255 238 230 243 157 255 255 75 0 66 255 255 255 255 255 255 255 255 255 238 255 255 255 165 201 255 255 255 216 255 255 255 178 222 0 36 255 255 255 255 255 234 255 255 165 255 255 255 255 181 230 255 216 255 255 219 255 158 222 255 148 2 0 182 255 255 255 255 174 142 194 255 255 235 255 255 201 210 255 255 184 242 255 255 255 255 255 217 0 39 242 170 255 255 255 223 255 255 242 216 255 255 255 202 218 255 255 255 191 255 255 194 255 185 12 0 108 255 255 238 184 236 163 255 255 255 255 246 255 255 181 255 255 255 169 255 255 255 255 255 102 11
13 176 255 255 255 178 219 255 232 198 255 255 255 223 179 234 255 208 255 246 242 247 144 236 255 73 0 89 255 255 255 255 255 255 255 255 255 227 253 255 255 165 194 255 255 255 242 255 255 255 170 226 0 17 255 255 255 255 250 201 255 255 165 255 255 255 243 174 230 255 219 255 255 219 255 155 212 255 151 2 0 112 255 255 255 255 230 160 255 255 255 223 255 255 205 186 255 255 146 174 255 255 255 255 255 224 0 37 227 167 255 255 255 227 255 255 246 209 255 255 255 202 218 255 255 255 191 255 255 204 255 182 40 8 215 255 219 146 143 243 169 255 255 255 255 246 255 255 181 255 255 255 176 255 255 255 255 255 79 12
11 167 255 255 255 207 225 255 224 206 255 255 255 223 189 224 255 208 255 255 255 243 151 244 255 75 0 70 255 255 255 255 255 255 255 255 255 223 255 238 236 157 208 255 255 255 255 255 255 255 180 207 0 0 255 255 255 255 216 174 255 255 161 255 255 255 246 182 221 255 227 255 255 255 255 160 215 255 160 3 0 88 195 255 255 255 255 211 255 255 255 230 255 255 191 191 255 255 137 191 249 255 255 255 255 220 0 35 201 160 255 255 255 227 255 255 255 191 255 255 255 208 246 255 255 255 194 255 255 206 255 201 48 53 255 235 151 158 158 215 173 255 255 255 242 227 255 255 171 255 255 255 169 255 255 255 252 255 87 14
43 255 255 255 255 255 255 255 224 196 255 234 255 234 196 228 255 205 255 255 255 239 151 240 255 80 0 79 255 255 255 255 255 255 255 255 255 198 238 238 221 157 208 255 255 254 255 255 255 255 174 214 0 0 255 255 255 255 255 205 255 255 161 255 255 255 255 192 217 255 216 255 255 255 255 160 215 255 157 2 0 111 165 245 255 255 248 193 201 255 255 230 255 255 205 201 255 255 171 230 255 255 255 217 255 220 0 34 222 157 221 255 255 227 255 255 255 191 255 255 255 212 246 255 255 255 194 255 255 198 255 209 29 49 255 220 168 155 152 191 166 255 255 255 242 227 255 255 174 255 255 255 172 255 255 254 241 255 70 11
42 255 255 225 234 255 251 255 228 189 242 209 255 242 196 228 255 201 255 238 253 236 151 232 255 77 0 82 255 255 255 255 219 255 255 255 255 194 242 255 192 151 206 255 255 255 255 255 255 255 174 218 0 0 233 255 255 253 255 238 255 255 161 255 188 255 255 189 224 255 223 255 255 241 255 154 215 255 148 0 5 131 144 229 255 255 255 186 165 255 255 227 255 255 212 212 255 255 184 215 238 255 255 189 222 220 0 32 249 148 186 255 255 227 255 255 255 191 255 255 255 212 250 255 255 255 194 255 255 230 255 195 37 41 255 255 171 152 155 177 171 255 255 255 246 227 255 255 181 255 255 255 182 255 255 250 233 255 53 9
23 216 255 233 223 255 255 255 232 189 238 205 255 242 192 224 255 208 255 227 238 236 154 232 255 85 0 82 222 255 255 249 205 255 255 255 255 184 253 255 206 154 189 255 255 255 255 255 255 255 181 209 0 0 148 255 255 219 255 255 255 255 161 242 181 255 255 182 224 255 219 254 236 212 246 154 226 255 170 12 8 128 161 255 255 241 255 255 209 255 255 227 255 255 201 223 255 255 184 174 205 255 255 192 201 216 0 30 255 139 173 255 255 223 255 255 255 191 255 255 255 212 250 255 255 255 198 255 255 241 255 185 31 51 255 255 179 151 158 158 161 255 255 255 246 227 255 255 188 255 255 255 196 255 255 254 233 254 45 12
53 255 234 218 254 255 255 255 228 192 253 219 255 238 192 228 255 238 255 223 230 228 157 240 255 49 0 89 228 255 255 232 195 255 255 255 255 188 246 255 255 176 182 255 255 255 255 255 255 255 187 213 0 0 157 253 238 223 255 255 255 255 161 253 198 255 255 189 224 255 231 255 247 223 254 151 215 255 176 20 0 120 180 255 211 164 255 255 255 255 255 230 255 255 184 227 255 255 201 158 219 255 255 196 201 209 0 32 255 136 189 255 255 223 255 255 255 195 255 255 255 212 250 255 255 255 198 255 255 241 255 202 29 14 255 255 200 154 151 143 161 251 255 255 246 227 255 255 195 250 255 255 203 255 255 254 226 235 41 15
62 255 178 180 255 255 255 255 232 192 255 231 255 246 203 228 255 255 255 223 230 214 154 247 249 25 0 87 255 255 255 255 198 255 255 255 255 194 249 255 255 158 160 255 216 161 219 255 255 255 171 220 0 0 255 253 171 227 255 255 255 255 158 255 198 255 255 206 221 255 255 255 239 223 254 151 211 255 157 8 2 125 164 252 242 180 229 255 255 255 255 238 255 255 178 238 255 255 215 152 238 255 255 196 204 202 0 34 255 139 210 255 255 223 255 255 255 195 255 255 255 212 250 255 255 255 198 255 255 255 255 199 31 0 188 255 186 152 159 166 210 255 255 255 246 227 255 255 201 246 255 255 199 255 255 246 215 220 41 14
49 255 211 193 255 208 242 255 251 192 255 234 255 253 214 224 255 255 255 223 242 206 154 244 255 38 0 39 248 255 255 255 255 255 255 255 255 188 249 255 255 161 177 255 198 158 242 255 255 255 201 228 0 0 245 242 152 253 255 230 255 255 161 246 205 255 255 221 214 255 255 255 232 219 255 157 222 255 154 0 5 127 152 240 255 255 204 253 255 255 255 234 255 255 188 253 255 255 219 143 230 255 255 196 201 206 0 34 255 151 229 255 255 223 255 255 255 195 255 255 255 212 250 255 255 255 198 255 255 255 255 178 16 42 255 255 255 255 255 255 255 255 255 255 246 227 255 255 209 242 255 255 199 255 255 246 204 212 45 12
22 220 246 222 255 194 166 255 255 192 253 231 255 255 221 217 255 255 255 227 255 210 157 240 255 79 0 26 255 255 255 255 255 255 255 255 255 198 238 255 255 164 177 255 176 178 255 255 255 255 230 220 0 0 173 255 205 255 212 155 255 255 174 238 205 255 255 224 206 255 255 255 236 219 250 148 219 255 157 0 1 121 164 237 255 249 148 174 250 255 255 223 255 255 198 255 255 255 222 149 234 255 255 199 194 209 0 34 255 157 232 255 255 223 255 255 255 195 255 255 255 212 250 255 255 255 194 255 255 255 255 182 8 13 255 255 255 255 255 255 255 246 255 255 246 227 255 255 209 242 255 255 203 255 255 250 204 216 51 12
20 188 255 255 255 242 194 255 254 199 255 234 255 255 201 234 255 255 255 255 255 201 158 242 255 75 0 33 255 255 255 255 255 255 255 255 255 195 250 255 255 163 163 255 166 208 255 255 255 255 204 255 0 0 133 255 255 255 255 201 246 255 158 249 198 255 255 227 205 255 255 255 236 245 238 162 222 255 154 2 3 129 162 249 255 174 204 243 255 255 254 227 255 255 208 243 255 255 191 176 246 255 255 198 194 255 0 41 255 166 245 255 255 223 255 255 255 191 255 255 255 212 254 255 255 255 191 255 255 255 255 171 19 31 255 255 255 255 255 255 255 234 255 255 242 227 255 255 209 242 255 255 199 255 255 255 213 252 45 14
45 255 255 255 255 255 255 251 255 199 251 219 255 255 216 226 255 255 255 255 255 205 152 236 255 80 0 39 255 255 255 255 255 255 255 255 255 184 231 255 255 163 151 239 182 249 255 255 255 255 208 247 0 0 133 255 255 255 255 255 246 255 171 246 195 255 255 250 209 255 255 255 255 255 255 159 211 255 148 0 1 120 205 255 255 253 255 255 255 255 255 235 255 255 208 224 255 255 168 169 255 255 255 201 187 255 4 27 255 158 253 255 255 231 255 255 255 201 255 255 255 208 246 255 255 255 191 255 255 255 255 198 31 21 255 255 255 255 255 255 255 255 255 255 246 227 255 255 201 238 255 255 199 255 255 254 213 255 58 11
49 255 255 255 255 255 255 229 255 192 247 216 255 255 230 219 255 255 255 255 255 208 151 232 255 80 0 37 255 255 255 255 219 253 230 219 255 208 242 255 255 166 151 221 203 255 255 255 255 255 215 239 0 0 133 255 255 255 255 255 234 255 181 246 201 255 255 255 209 255 255 255 255 255 255 149 208 255 161 2 4 127 255 255 255 255 255 255 255 255 255 227 255 255 212 214 255 255 146 173 255 255 255 198 191 255 1 30 255 161 255 255 255 223 253 255 255 198 255 255 255 208 242 255 255 255 194 255 255 255 255 212 29 1 197 255 255 255 255 255 255 255 255 255 250 227 255 255 191 234 255 255 203 255 255 246 213 255 78 9
35 255 255 255 255 255 255 236 255 186 247 238 255 255 238 212 255 255 255 255 255 208 157 236 255 80 0 26 254 255 255 255 203 154 142 142 236 221 247 255 255 163 166 232 210 255 255 255 255 255 229 250 0 0 130 255 255 255 255 255 227 255 194 238 219 255 255 255 205 255 255 255 255 255 255 152 208 255 145 1 0 119 255 255 255 255 245 255 255 255 255 223 255 255 210 214 255 255 143 192 255 255 255 198 201 255 2 95 223 164 255 255 255 219 242 255 246 188 255 255 255 216 242 255 255 255 194 255 255 255 255 184 22 4 194 255 255 255 255 255 255 255 255 255 249 223 255 255 178 234 255 255 206 255 255 246 213 255 93 11
19 234 255 255 255 255 255 228 255 182 224 255 255 255 246 198 255 255 255 249 255 206 160 239 255 87 0 21 243 255 255 255 255 189 142 166 255 224 255 255 255 157 179 255 224 255 255 255 255 255 255 255 11 0 136 255 255 255 255 255 205 255 223 188 234 255 255 255 205 255 255 255 255 246 254 161 211 255 131 2 4 111 178 207 255 255 155 167 255 255 255 227 255 255 203 222 255 255 146 210 255 255 255 205 195 255 8 217 181 167 255 255 255 227 255 255 246 191 255 255 255 227 246 255 255 255 194 255 255 255 255 160 0 0 156 255 255 255 216 255 255 255 255 255 246 216 255 255 171 230 255 253 206 255 255 250 210 255 95 14
14 180 255 255 255 255 255 221 255 196 186 255 255 255 246 191 255 255 255 212 249 203 157 245 255 94 0 24 247 255 255 255 255 251 139 189 255 203 255 255 255 154 173 255 251 255 255 255 255 255 255 255 44 0 159 255 255 255 255 255 191 255 255 161 234 255 255 255 212 255 255 255 240 216 242 161 215 255 131 9 2 125 165 193 255 255 149 170 212 255 255 227 255 255 199 219 255 255 146 214 255 255 255 201 172 255 1 255 180 187 254 255 255 231 255 255 242 191 255 255 255 234 246 255 255 255 194 255 255 255 255 178 0 0 121 255 255 255 205 250 255 255 255 255 242 208 255 255 171 230 255 253 196 255 255 246 206 255 95 17
17 150 255 255 255 255 255 221 255 243 166 255 255 255 234 194 255 255 255 194 251 199 155 253 255 97 0 30 251 255 255 255 255 255 188 234 255 208 255 255 248 157 163 255 255 255 255 255 255 255 255 255 69 0 188 255 255 255 255 255 205 255 255 191 231 255 255 255 209 255 255 255 237 216 250 161 212 255 114 0 0 167 242 255 255 255 158 148 157 216 238 231 255 255 206 198 255 255 177 239 255 255 255 194 162 255 8 249 190 188 255 255 255 227 255 255 230 188 255 255 255 234 242 255 255 255 198 255 255 255 255 192 19 0 148 255 255 255 238 238 255 255 255 255 242 208 255 255 174 227 255 249 182 255 255 234 199 255 93 15
14 160 255 255 255 255 255 199 255 255 166 255 255 255 219 201 255 255 255 188 255 203 155 255 250 92 0 30 251 255 255 255 255 219 255 255 255 198 219 255 221 166 163 255 255 255 255 255 255 255 255 255 73 0 213 255 255 255 255 255 216 242 255 223 227 255 255 255 198 242 255 255 229 216 255 157 208 255 103 0 17 215 255 255 255 255 222 176 139 184 234 242 255 255 214 177 255 255 230 255 255 255 255 198 165 255 42 249 186 156 255 255 255 227 255 255 230 188 255 255 255 234 238 255 255 255 198 255 255 255 255 166 0 0 128 255 255 255 242 212 255 255 255 255 242 208 255 255 174 227 255 249 172 255 255 219 196 255 95 14
27 141 255 255 255 255 255 193 255 255 214 255 255 255 221 189 255 255 255 191 251 221 166 251 241 101 0 24 247 255 244 232 255 255 255 255 255 195 205 255 221 157 170 250 238 255 255 255 255 255 241 254 37 0 195 255 255 255 255 255 197 255 255 211 222 255 255 251 189 227 255 255 234 208 255 150 225 255 87 0 20 164 255 255 255 255 255 255 237 229 251 254 255 255 200 160 255 255 255 255 255 255 255 195 167 255 47 254 155 179 255 255 255 216 255 255 227 188 255 255 255 242 231 255 255 255 198 254 255 255 255 150 0 0 79 255 255 255 255 166 225 255 255 255 235 198 255 255 165 227 255 238 171 255 255 220 183 255 93 17
19 197 255 255 255 255 255 190 255 255 214 248 255 255 221 189 255 255 255 188 251 225 163 251 253 96 0 31 240 255 218 166 173 200 250 255 255 185 202 255 244 160 166 250 175 238 255 255 255 255 233 255 21 0 209 255 255 255 255 255 200 252 255 225 218 255 255 255 193 220 255 255 234 211 255 150 203 255 87 0 8 158 255 255 255 255 255 255 255 255 255 255 255 255 196 157 255 255 255 254 235 255 255 195 164 255 37 251 158 182 255 255 255 216 254 255 227 198 255 255 255 238 227 255 255 255 209 255 255 255 255 169 4 0 81 255 255 255 255 163 189 255 255 255 227 195 255 255 165 227 255 238 171 255 255 220 183 255 93 17
36 255 255 255 255 255 253 187 255 255 211 248 255 255 218 189 254 255 255 185 251 229 160 248 237 99 0 54 251 255 255 200 159 159 159 216 255 205 216 255 248 170 163 254 156 238 255 255 255 255 255 226 0 0 193 255 255 255 255 255 200 233 255 222 222 255 255 255 189 202 255 255 223 208 255 164 212 255 121 0 1 161 255 255 255 255 255 255 255 255 255 255 255 255 189 157 255 255 255 231 216 255 255 191 154 255 19 239 155 176 255 255 255 223 254 255 227 202 255 255 255 227 223 255 255 255 220 254 255 255 255 157 1 0 89 255 248 255 255 166 163 221 255 255 216 188 255 255 165 223 255 238 171 255 255 216 183 255 90 15
59 255 255 255 255 255 249 186 246 250 207 252 255 255 218 186 235 255 255 185 251 236 157 244 226 99 0 63 247 255 255 229 157 157 142 202 255 198 216 255 232 173 176 255 202 250 255 255 255 255 255 201 0 0 64 174 231 255 255 255 198 227 246 212 218 255 255 251 183 202 255 255 222 208 255 170 205 255 127 4 0 167 255 255 255 251 234 255 255 255 252 248 255 255 183 154 255 255 255 220 212 255 255 191 151 250 5 228 157 179 255 255 254 231 254 255 212 202 255 255 255 223 227 255 255 255 227 238 255 255 255 169 2 0 86 244 240 255 255 186 160 200 255 255 212 185 255 255 165 220 255 235 171 255 255 212 180 255 85 15
66 194 214 255 255 255 242 186 238 242 204 248 255 255 218 186 223 255 255 185 248 240 160 240 245 109 0 70 255 255 255 218 166 166 142 200 255 198 216 255 232 163 196 255 242 235 255 255 255 252 255 251 24 0 38 163 168 223 255 255 198 238 255 216 211 255 255 240 179 212 255 255 222 201 255 176 194 255 125 1 0 164 255 255 255 254 242 255 255 255 240 240 255 255 176 149 255 255 255 212 209 255 255 191 163 255 2 228 164 193 255 255 246 238 255 255 195 191 255 255 255 223 231 255 255 255 223 220 255 255 255 193 1 0 71 244 240 255 255 203 157 176 255 255 212 181 255 255 165 216 255 231 171 255 255 212 180 255 83 14
35 104 170 215 254 255 241 187 250 246 204 240 252 255 214 183 220 255 255 185 232 244 163 236 226 99 0 74 255 255 244 211 170 160 145 193 255 209 216 255 248 154 203 255 227 205 255 255 255 255 241 216 26 0 78 189 149 202 255 255 195 242 255 212 218 255 255 232 179 216 255 255 214 198 250 190 201 255 136 8 1 164 255 255 255 255 250 255 255 255 225 222 255 255 173 152 255 255 255 235 231 255 255 188 166 255 1 224 164 203 255 255 242 246 255 255 181 185 254 254 250 223 231 255 255 255 216 202 252 255 255 168 0 0 80 215 240 255 255 210 151 163 246 255 212 181 254 255 171 220 254 227 171 255 255 209 180 255 80 14
10 83 157 154 226 253 241 190 254 246 204 240 244 255 210 183 227 254 254 181 218 240 166 229 234 88 0 74 229 250 255 233 146 152 173 214 255 198 204 248 255 163 186 250 212 216 255 252 243 255 209 161 28 0 121 255 185 205 255 250 185 231 255 202 240 255 255 232 179 212 248 252 214 198 246 194 197 248 130 5 0 158 255 255 253 254 246 254 246 254 209 200 235 232 163 158 248 248 244 255 255 255 254 195 166 251 1 217 160 214 252 246 242 250 254 250 171 188 254 250 242 227 231 254 255 254 212 195 244 255 255 158 0 0 87 201 233 255 255 214 163 186 246 255 205 175 250 255 178 227 250 220 171 255 255 205 177 255 78 14
29 149 214 142 222 249 237 186 242 242 204 244 248 255 214 183 238 254 254 181 207 236 166 225 230 54 0 40 179 238 255 237 188 152 151 183 255 216 211 237 255 186 160 231 227 255 242 244 255 247 218 177 61 0 73 255 227 216 250 242 181 227 255 202 244 248 250 229 183 212 244 255 211 198 246 200 194 242 131 6 0 145 252 251 241 247 242 250 250 255 209 195 220 218 160 165 240 233 218 250 250 238 255 209 170 251 4 217 164 225 252 250 242 254 246 242 171 195 255 250 238 231 227 246 255 254 209 191 241 248 254 177 0 0 51 215 229 250 255 218 186 225 255 252 202 171 246 255 185 235 254 220 171 255 255 205 177 255 76 12
27 190 252 203 228 241 223 200 246 238 202 246 246 250 202 181 231 246 242 178 203 232 183 218 219 39 0 33 189 249 230 241 225 200 173 142 225 218 207 248 237 211 157 218 248 241 241 237 245 240 231 150 64 0 52 255 200 225 248 229 180 222 245 204 205 250 242 223 181 202 250 250 207 191 231 213 194 244 134 5 0 124 255 246 251 176 255 236 244 248 203 203 240 203 151 154 246 242 235 246 238 238 250 202 171 249 1 222 161 242 236 244 244 242 248 251 176 183 246 240 242 223 202 216 254 242 205 195 230 251 243 171 9 0 35 205 233 248 248 237 240 240 240 244 207 170 244 218 190 222 237 215 182 241 249 200 174 255 76 7
17 145 252 203 213 249 216 196 238 231 195 235 238 246 202 178 227 242 238 181 203 232 186 218 219 56 0 37 189 245 237 233 236 232 200 148 207 203 207 236 245 207 167 218 237 233 233 237 238 229 235 176 61 0 61 234 180 214 248 237 180 218 248 211 191 246 242 220 178 202 242 242 193 178 227 217 201 241 134 6 0 132 248 231 232 163 237 232 240 248 196 186 240 228 173 163 227 238 238 250 246 242 242 195 171 245 0 218 161 238 236 240 240 235 236 244 173 183 242 237 235 220 205 220 238 216 188 191 227 240 243 174 3 0 41 215 222 237 237 229 233 237 237 245 203 170 240 215 197 229 233 215 182 237 245 200 174 255 73 7
27 165 229 193 221 241 212 189 231 227 188 220 231 242 198 178 220 235 235 181 203 232 189 218 229 71 0 18 144 201 234 235 210 236 200 151 207 214 225 225 245 211 200 229 222 226 229 237 228 222 242 217 70 0 90 232 154 193 240 233 180 215 241 211 171 235 238 216 178 202 238 231 193 178 229 224 205 229 125 5 3 153 248 227 223 166 234 233 232 248 203 179 232 240 183 157 209 209 181 188 209 227 238 202 171 238 0 207 161 226 233 233 233 227 225 236 173 179 235 229 235 223 209 223 238 212 188 195 234 240 251 164 0 0 50 187 222 233 233 229 233 233 233 241 200 173 229 211 204 233 226 211 186 233 237 200 174 255 73 9
56 239 200 174 239 226 217 189 229 225 186 207 229 237 200 176 211 226 229 183 200 229 193 211 222 75 0 17 139 180 227 221 211 237 193 164 218 218 214 183 180 176 218 237 225 237 229 225 203 218 235 239 79 0 110 231 136 180 225 222 176 207 233 207 160 233 237 214 176 200 237 229 200 178 229 228 210 222 127 9 5 162 248 227 230 193 234 226 214 240 210 186 225 228 173 151 203 189 154 176 225 240 232 196 177 234 0 200 161 219 229 229 229 218 214 229 173 180 229 226 233 222 204 211 237 226 197 187 212 221 240 143 0 0 96 187 218 229 229 226 226 226 222 229 193 173 221 200 211 237 222 211 186 226 230 196 174 255 69 9
56 235 183 155 228 215 217 189 229 229 186 197 222 229 200 173 211 222 226 187 197 222 197 204 218 77 0 21 142 173 219 221 225 237 193 183 229 218 200 170 148 160 222 229 222 237 200 160 179 218 222 232 72 0 105 217 142 180 214 214 173 207 226 200 157 229 233 207 176 200 233 229 201 171 222 224 217 222 142 17 0 164 237 220 227 214 237 218 211 222 204 186 225 225 167 157 214 186 154 193 240 232 221 200 181 234 0 190 161 208 229 225 226 218 207 225 173 180 225 222 225 225 207 204 229 229 200 180 222 225 240 146 0 3 116 180 207 218 218 218 222 218 215 226 189 170 214 193 207 237 215 207 186 222 223 196 171 253 66 9
32 162 187 149 189 218 210 189 222 229 190 186 222 225 197 173 207 218 222 187 193 218 200 204 226 87 0 31 149 180 216 227 222 222 200 200 225 218 207 204 204 200 233 214 222 222 183 136 180 226 218 232 72 0 116 226 157 190 218 214 176 207 222 200 160 229 225 207 180 200 229 225 208 175 218 217 221 222 145 16 5 173 237 211 221 225 230 222 229 218 197 183 222 225 167 154 196 179 163 203 225 207 214 207 184 227 0 180 161 198 225 222 222 214 204 222 173 176 222 222 218 229 211 200 222 222 197 180 216 206 225 146 0 0 105 192 209 217 220 224 228 220 220 231 189 163 207 183 193 225 218 211 189 219 216 193 171 249 61 9
25 151 194 149 179 218 206 188 211 225 190 183 218 222 197 173 204 211 218 183 190 218 207 204 214 100 0 70 191 214 212 216 225 218 214 211 218 214 200 218 225 218 225 207 214 200 183 160 186 222 218 232 65 0 124 229 164 197 222 214 173 200 211 194 160 225 218 204 183 197 222 218 211 175 215 213 221 215 137 5 21 189 233 211 215 215 208 220 222 214 197 180 214 222 164 151 166 173 186 229 232 214 221 196 187 223 0 170 158 187 222 214 215 211 197 218 170 170 214 218 222 214 193 197 222 218 190 180 218 213 225 140 0 0 80 178 213 217 220 220 220 213 209 220 189 160 203 180 176 214 214 211 193 215 212 193 171 241 59 9
37 203 195 151 192 211 206 184 204 222 190 180 218 218 200 176 204 207 215 183 186 218 211 207 207 110 0 79 187 218 205 209 218 207 214 211 214 218 197 214 190 200 218 211 207 160 154 154 186 204 207 217 46 0 111 194 160 193 222 211 167 187 200 190 160 222 214 204 186 197 214 214 201 168 208 210 225 215 134 0 30 193 222 211 204 194 178 202 183 197 200 176 207 218 164 157 183 183 186 210 207 210 228 193 184 216 0 164 158 180 218 211 214 207 197 214 170 167 207 218 218 186 164 183 225 214 180 170 200 213 218 128 0 0 97 191 206 209 209 206 202 192 185 195 189 157 203 176 167 204 214 211 193 211 208 193 171 241 57 9
40 184 215 155 200 214 197 183 207 200 183 180 211 218 186 170 206 199 210 179 182 210 203 206 217 94 0 92 180 214 208 204 211 214 214 211 214 207 200 200 196 206 214 214 204 175 157 161 178 213 220 174 1 0 76 180 164 197 210 208 177 201 202 195 163 215 225 203 193 197 210 210 194 164 199 218 199 224 125 0 54 218 204 203 204 190 161 152 155 183 180 180 207 200 167 157 204 164 187 221 206 203 214 196 179 219 4 145 156 192 211 211 203 196 189 207 177 168 211 208 212 184 152 184 211 201 195 166 189 218 217 133 0 0 75 192 200 214 210 207 203 148 163 207 197 158 200 183 161 197 197 207 206 199 218 180 174 235 57 11
16 134 201 168 200 204 197 180 201 197 177 174 197 204 184 177 204 207 214 180 176 200 204 218 207 59 0 87 184 194 197 197 199 199 199 203 203 199 192 186 205 197 199 202 186 154 149 170 198 204 197 180 10 0 90 179 164 193 203 200 173 196 198 191 170 207 206 189 182 189 199 196 205 186 201 188 180 210 105 0 62 214 205 209 203 196 179 160 145 179 183 183 208 198 161 152 193 193 183 186 204 194 190 215 207 204 0 149 174 184 197 204 204 197 190 199 166 162 209 206 210 187 155 180 207 195 187 158 205 209 200 127 0 0 59 204 196 206 203 199 199 150 166 217 173 163 207 176 157 210 207 189 203 206 204 184 174 212 61 8
10 99 180 174 187 189 190 174 183 186 173 176 204 204 186 180 185 192 195 175 182 206 192 199 204 42 0 84 174 177 200 196 182 176 182 196 196 199 189 169 197 199 202 208 198 174 161 171 200 194 196 171 23 0 73 171 164 186 197 193 176 194 197 183 158 197 204 188 177 180 198 201 192 186 200 194 197 219 103 0 49 189 196 203 195 191 186 164 162 193 186 173 197 193 163 160 183 187 189 195 202 201 190 184 218 188 0 163 199 180 194 200 204 167 168 201 186 169 200 196 201 180 149 176 222 215 187 156 189 206 214 137 0 0 45 191 182 193 196 200 200 151 163 203 180 157 190 170 157 193 197 200 183 201 194 174 168 207 81 6
22 102 179 173 189 190 193 173 197 197 177 177 200 197 180 170 189 206 203 179 166 186 182 206 208 59 0 105 166 161 200 185 167 157 176 200 200 200 190 160 186 196 193 182 186 200 196 182 197 190 206 167 47 0 68 170 174 191 197 189 179 193 186 166 176 196 192 186 186 189 196 183 200 172 187 191 187 204 100 0 34 180 202 197 196 196 194 176 182 203 182 166 189 191 164 161 189 193 203 203 189 189 199 206 192 143 0 147 207 190 203 196 210 186 186 200 173 161 197 204 193 194 167 170 187 180 174 172 191 186 190 117 0 0 80 177 194 197 201 197 201 161 167 204 179 154 189 186 173 193 186 196 214 186 170 177 174 210 97 31
16 95 174 174 190 192 183 168 195 188 159 162 185 185 181 175 187 194 180 180 170 197 187 190 185 51 0 99 163 160 197 179 163 151 169 189 192 199 192 166 177 190 197 190 190 197 200 186 197 192 188 166 53 0 104 167 176 186 195 190 190 197 194 167 167 190 194 187 174 174 194 197 194 163 182 197 192 211 100 0 31 180 205 177 190 187 184 187 180 194 174 167 197 186 159 156 183 194 174 170 204 200 178 194 208 104 0 114 201 189 197 186 180 180 177 177 168 177 194 179 192 189 166 173 195 191 172 157 183 185 207 128 0 5 118 203 194 191 194 178 181 162 171 205 167 164 187 161 155 190 187 190 190 176 190 168 172 224 84 10
23 93 171 165 179 187 187 187 189 196 170 186 206 196 186 176 189 193 183 189 163 193 196 200 166 26 0 53 160 186 201 175 179 166 172 182 186 196 199 182 194 183 189 194 174 152 162 180 182 201 178 180 40 0 150 168 187 187 196 186 193 193 190 164 176 193 200 206 195 185 197 183 189 176 195 193 190 201 87 0 64 194 203 171 186 175 179 194 197 200 173 176 203 186 163 173 180 183 193 196 193 194 194 177 186 59 0 79 185 193 203 206 205 184 177 192 189 169 179 209 193 184 173 176 188 199 186 164 170 178 209 120 0 0 83 183 184 191 208 191 198 184 184 198 190 176 197 186 183 190 183 200 209 197 210 169 164 193 73 10
0 41 119 142 142 121 89 60 139 154 136 151 157 133 124 113 115 123 123 112 51 68 104 135 107 10 0 0 52 57 41 28 30 26 26 26 30 32 32 32 30 37 82 155 178 160 157 173 191 166 103 83 4 0 141 179 154 139 127 94 84 68 57 37 121 74 32 22 31 48 63 57 31 33 34 29 35 49 16 0 4 40 35 28 35 26 33 33 36 38 30 40 63 61 61 89 94 39 34 57 84 160 170 77 105 30 0 22 49 37 32 33 33 29 28 37 39 28 57 144 192 196 193 153 112 121 153 172 175 141 109 51 0 0 19 55 28 39 53 41 45 43 37 35 30 23 47 76 85 73 62 88 35 23 44 92 100 61 7 0
0 0 0 0 0 0 0 0 0 0 0 0 0 0 0 0 0 0 0 0 0 0 0 0 0 0 0 0 0 0 0 0 0 0 0 0 0 0 0 0 0 0 0 9 21 22 25 27 5 0 0 0 0 0 0 0 0 0 0 0 0 0 0 0 0 0 0 0 0 0 0 0 0 0 0 0 0 0 0 0 0 0 0 0 0 0 0 0 0 0 0 0 0 0 0 0 0 0 0 0 0 19 26 0 0 0 0 0 0 0 0 0 0 0 0 0 2 11 10 26 25 16 13 1 0 0 0 0 0 0 0 0 0 0 0 0 0 0 0 0 0 0 0 0 0 0 0 0 0 0 0 0 0 0 0 0 0 0 0 0

