12 29 57 16 0 5 8 8 7 13 8 5 6 2 0 0 0 11 3 0 1 29 39 33 36 2 0 0 8 13 7 2 7 33 37 28 28 39 57 66 64 88 100 83 56 69 64 56 31 26 32 31 0 0 0 16 46 40 35 41 20 1 17 29 33 14 0 0 6 0 0 7 14 0 0 0 0 0 0 0 0 0 0 0 0 1 0 0 0 0 0 0 0 0 0 0 0 0 0 0 0 3 0 0 9 7 0 0 34 34 38 18 7 0 0 0 6 3 16 39 43 57 44 23 30 30 31 11 22 22 38 12 0 0 0 0 4 0 0 0 0 0 0 0 24 3 0 0 0 0 0 0 0 0 0 0 0 0 0 0
16 72 141 112 92 82 87 87 87 102 95 90 97 92 71 68 79 94 90 85 106 119 125 136 111 16 0 7 77 92 85 100 106 125 125 125 125 125 139 151 162 171 181 178 153 162 153 149 124 133 130 75 0 0 19 102 131 127 115 120 101 84 106 119 121 107 73 87 108 92 89 92 89 74 85 86 87 90 57 0 0 53 85 92 91 95 88 92 92 75 75 77 80 77 73 80 77 79 77 77 74 94 84 79 97 79 0 5 122 126 132 105 85 73 77 86 108 100 119 148 145 157 148 125 122 117 128 111 117 116 139 117 22 0 45 83 97 90 85 90 80 68 80 87 104 89 74 77 72 70 79 70 77 77 82 79 77 80 19 0
19 115 200 199 191 171 180 173 180 205 196 183 207 203 184 174 193 197 193 200 212 197 191 208 153 31 0 29 164 189 178 182 190 183 176 197 196 173 179 196 186 173 176 193 180 183 167 173 192 187 185 116 0 0 37 188 184 191 170 168 165 161 184 191 201 198 170 186 207 196 198 187 184 182 197 191 203 214 117 0 14 149 194 186 189 184 180 178 204 200 207 204 204 204 193 200 196 203 200 193 183 207 193 193 206 142 0 14 173 188 192 184 194 191 199 198 205 179 186 203 184 183 193 183 170 157 190 193 184 175 192 199 44 0 126 208 204 207 191 187 184 174 189 207 193 193 200 203 179 176 196 193 209 192 200 199 200 204 92 18
33 148 193 187 186 161 164 159 163 191 188 162 188 191 175 170 183 187 187 186 186 190 191 191 169 31 0 35 166 171 185 194 194 174 167 194 194 171 177 190 194 171 171 194 191 191 171 184 186 168 192 171 20 0 30 170 173 194 171 158 164 174 191 193 188 181 162 179 196 192 195 191 194 183 189 183 191 194 119 0 32 196 192 172 189 189 187 182 169 189 199 189 185 189 189 192 190 197 193 176 170 197 176 180 206 99 0 24 152 189 187 196 160 173 193 189 196 172 180 190 187 174 197 187 161 152 191 194 180 169 186 165 16 0 150 208 188 198 173 160 166 163 175 199 172 178 198 195 165 165 185 185 199 194 189 196 191 208 144 40
46 187 214 199 199 167 165 160 161 199 196 163 189 182 166 161 189 189 193 193 193 199 206 203 180 24 0 78 218 173 176 196 192 172 172 196 189 176 193 199 193 180 176 197 193 193 173 190 187 174 197 165 10 0 29 180 176 199 182 164 167 179 193 196 199 182 173 190 200 193 199 203 186 179 191 202 204 194 143 26 61 220 172 156 195 192 197 198 177 198 194 181 187 194 191 181 189 196 192 172 172 203 176 179 187 76 0 37 149 193 190 181 167 187 208 197 200 177 183 193 197 180 206 192 166 166 199 193 172 170 212 141 0 0 138 197 193 203 166 151 164 166 179 199 180 177 197 191 164 171 191 180 183 211 188 206 193 190 184 49
16 161 204 203 189 162 158 156 157 196 200 167 207 190 170 157 193 173 183 204 200 190 197 200 190 24 0 42 181 180 194 208 194 178 181 198 188 181 204 200 194 184 180 197 194 190 171 194 183 180 192 127 0 0 33 192 191 204 197 183 180 190 197 201 200 176 179 199 199 195 197 193 162 164 180 198 203 201 155 32 82 226 174 164 203 195 196 194 197 207 180 170 193 200 183 154 190 200 200 176 176 214 180 186 190 109 0 53 161 176 202 186 166 186 209 197 201 180 192 208 188 174 201 188 175 181 202 191 179 164 222 146 0 2 136 222 202 207 170 154 160 166 183 206 186 180 200 190 164 183 204 190 183 216 188 207 199 186 191 43
25 171 217 199 176 159 158 168 174 201 196 163 221 196 174 155 194 164 177 214 214 203 209 216 179 43 0 26 178 207 194 197 208 182 186 206 193 189 214 207 199 182 179 202 202 192 169 195 177 179 208 151 0 0 30 180 213 211 214 210 203 210 214 209 203 186 196 211 207 210 207 186 160 161 168 189 204 215 177 42 87 227 188 168 189 191 191 164 194 208 177 171 197 204 184 152 186 200 207 179 176 214 176 189 184 119 0 63 161 180 209 205 176 192 214 204 204 183 193 208 206 192 221 206 196 193 203 200 193 170 216 152 0 0 116 231 204 203 173 160 154 157 183 211 189 183 210 189 160 186 210 203 194 208 195 203 206 207 187 45
57 206 226 191 164 166 177 202 212 221 204 164 225 197 166 149 206 178 188 211 211 208 215 206 211 65 0 27 184 191 164 215 215 183 187 213 199 193 217 210 216 188 181 219 223 205 174 208 183 174 205 162 0 0 35 226 217 203 211 218 211 215 213 206 207 197 208 210 206 222 218 186 163 152 160 191 215 224 189 53 98 241 208 175 189 210 203 157 190 215 194 190 215 218 207 183 183 204 218 187 180 211 177 197 208 101 0 64 157 217 212 192 170 189 211 205 208 184 192 209 201 187 218 218 213 206 213 221 179 181 226 161 0 0 97 239 213 215 190 173 157 157 190 224 190 190 222 197 158 183 215 211 204 206 222 207 210 222 176 44
67 212 215 232 196 212 214 226 218 233 190 157 226 204 164 148 207 197 204 218 214 214 222 222 230 91 0 29 147 151 165 211 214 190 183 229 200 190 214 218 214 183 200 214 225 211 176 214 200 163 230 168 7 0 47 223 229 197 233 211 214 229 218 218 218 197 218 204 222 222 218 197 180 155 160 208 214 219 198 48 89 237 230 211 213 212 217 150 197 204 193 229 225 207 222 176 186 225 222 190 183 225 176 204 208 68 0 107 164 208 221 210 167 197 225 218 222 193 200 222 207 183 229 218 225 218 218 222 187 177 221 178 7 2 159 225 222 225 207 164 151 173 197 225 190 186 225 200 164 180 218 225 211 225 215 213 228 218 212 49
65 242 233 243 227 231 217 215 214 237 204 167 237 214 170 148 211 222 225 225 229 225 222 229 241 55 0 19 133 160 198 222 229 200 190 237 207 200 229 233 222 180 197 214 229 214 180 214 189 176 226 154 3 0 66 191 207 218 229 218 225 211 229 229 211 211 237 211 222 229 237 229 226 163 151 208 236 237 205 52 104 230 208 211 232 225 219 158 204 218 186 204 225 229 237 167 167 214 218 193 186 225 176 200 226 59 0 121 171 211 232 210 170 200 229 222 225 197 204 229 211 186 233 225 229 214 222 229 194 180 232 193 14 17 191 251 229 229 197 160 151 164 193 229 186 193 237 197 160 183 222 207 214 221 222 228 236 229 167 33
61 254 230 232 223 234 224 190 200 233 215 167 237 218 170 145 207 237 237 229 240 237 229 237 245 57 0 21 153 203 235 229 233 197 186 233 207 200 233 237 229 180 193 218 237 218 183 218 173 173 219 154 5 0 72 160 183 245 226 233 244 183 214 225 211 193 180 160 193 229 237 229 237 176 149 189 229 245 205 48 102 211 187 207 230 225 216 164 200 218 176 197 237 237 229 164 157 218 225 197 190 225 176 207 230 44 0 133 177 213 244 212 173 204 237 229 233 200 207 233 218 186 240 233 237 204 218 237 191 174 228 187 7 17 191 232 225 229 183 160 154 154 197 237 186 200 248 193 157 186 225 179 222 224 229 236 236 245 117 18
57 250 237 239 227 238 242 173 173 218 222 167 241 218 173 145 207 214 225 233 237 240 240 237 255 116 0 28 192 246 237 240 233 193 183 237 204 197 233 233 237 180 197 225 240 218 186 225 187 167 230 172 16 0 52 164 187 252 222 229 248 167 186 233 225 197 167 157 190 229 237 229 235 216 198 202 229 255 220 56 107 249 226 240 238 238 234 187 197 218 167 204 252 229 233 207 167 233 237 200 193 225 176 222 219 35 0 133 177 222 248 219 173 207 244 237 233 200 211 241 222 186 240 240 244 193 218 244 201 183 238 187 0 16 190 221 229 244 186 164 157 154 204 237 189 203 251 193 157 179 221 160 225 227 233 230 232 255 94 16
41 254 247 243 249 227 204 148 148 200 227 175 254 225 176 149 221 193 214 248 236 240 251 232 255 137 0 30 213 255 233 248 244 200 193 251 218 207 244 244 240 183 203 240 244 214 186 232 192 161 245 155 8 0 33 191 212 246 227 223 248 166 166 248 221 229 232 229 209 212 235 250 239 250 242 231 240 253 202 62 108 255 248 248 226 238 234 182 203 229 163 200 255 236 255 244 166 244 244 203 200 225 176 229 208 35 0 130 184 229 244 226 173 210 251 244 238 205 216 246 223 185 242 246 250 181 216 246 199 190 249 187 0 17 200 240 250 251 186 160 154 160 218 238 196 200 251 200 160 170 221 154 221 238 244 238 244 255 97 21
43 255 255 232 254 200 161 148 142 186 223 171 255 232 173 143 232 186 214 255 244 244 255 229 222 75 0 33 219 255 244 252 250 205 202 255 223 209 250 254 246 181 209 254 254 216 188 238 179 160 253 120 0 0 52 237 242 254 250 235 248 173 154 232 203 232 255 255 195 195 238 255 249 246 239 245 252 219 155 49 109 255 229 252 241 255 253 207 203 240 170 196 255 248 251 203 159 242 246 205 205 227 168 227 219 33 0 136 187 233 249 234 176 214 254 250 246 209 220 252 227 181 242 254 255 175 216 255 196 192 255 187 0 14 193 250 246 212 163 151 157 179 235 250 200 200 255 207 160 163 229 160 224 249 255 245 248 255 87 12
45 247 255 255 255 211 194 206 189 210 227 168 255 240 179 143 218 189 221 255 255 255 255 232 191 45 0 39 227 255 255 252 254 205 205 255 220 205 250 255 255 181 212 255 255 220 188 238 172 166 255 123 0 0 100 255 255 255 246 212 214 166 170 232 210 235 254 246 171 195 252 255 255 250 250 255 255 212 142 49 101 208 174 236 249 255 249 229 210 240 170 207 255 251 251 186 165 254 250 205 209 227 168 227 232 23 0 145 191 235 255 237 176 220 255 255 250 216 225 255 235 185 242 255 255 175 220 255 210 209 255 194 0 18 193 255 250 175 148 173 196 225 255 255 203 206 255 210 160 163 243 169 236 255 255 253 255 234 85 12
24 166 255 255 255 236 255 255 255 255 246 171 255 255 193 155 193 193 225 255 255 255 255 236 211 68 0 39 216 255 255 255 255 212 212 255 220 205 254 255 255 185 209 255 255 227 191 235 165 163 255 131 0 0 110 215 255 255 216 168 163 154 210 255 207 246 255 246 156 183 248 233 249 255 255 255 255 219 148 51 120 201 161 255 255 255 253 255 229 236 160 214 255 255 255 240 185 255 255 205 205 227 168 235 240 10 0 148 187 235 255 237 179 223 255 255 255 218 229 255 242 185 242 255 255 175 223 255 210 209 255 194 0 21 193 255 255 175 163 217 255 255 255 255 203 214 255 210 160 166 255 176 243 255 254 255 255 227 105 30
25 209 255 255 255 255 255 255 255 255 251 170 255 255 189 152 203 193 176 255 255 255 255 238 197 55 0 35 226 255 255 255 255 235 207 255 179 200 255 255 255 188 212 255 255 225 200 237 177 164 255 139 0 0 60 255 255 255 196 155 165 151 252 255 210 251 255 232 151 210 255 207 252 255 255 255 255 190 157 50 124 250 175 255 255 255 255 255 248 240 158 236 255 255 255 228 211 255 255 195 212 236 163 240 254 21 0 124 182 246 255 246 179 221 255 255 255 225 235 255 218 189 250 255 255 198 233 255 204 220 255 209 0 1 167 255 255 220 227 255 255 251 255 255 210 212 255 216 162 152 248 213 242 255 255 255 255 255 121 27
65 255 255 255 255 255 255 255 255 255 248 170 255 255 189 140 248 207 170 238 255 255 255 231 186 39 0 44 246 255 255 255 255 242 200 255 179 214 255 255 255 191 220 255 255 248 229 248 184 171 255 145 0 0 68 255 255 255 203 155 158 157 255 255 207 248 255 218 151 232 255 232 255 255 255 255 255 241 226 89 124 255 209 251 255 255 255 255 255 240 157 228 255 255 255 221 233 255 255 205 220 225 157 255 255 30 0 99 182 254 255 255 183 225 255 255 255 225 227 255 221 193 250 255 255 205 237 255 226 213 255 228 2 4 174 255 255 254 255 255 255 255 255 255 207 209 255 209 158 152 255 254 255 255 255 255 255 255 144 35
64 255 255 255 255 255 255 255 247 255 255 173 255 255 186 140 255 207 160 216 255 255 255 222 155 77 0 36 238 255 255 255 255 255 214 251 200 225 255 255 255 185 220 255 255 255 255 255 177 168 255 170 0 0 71 255 255 255 217 165 155 157 255 255 200 251 255 203 151 244 255 229 255 255 255 255 255 255 255 126 97 209 178 217 252 255 255 255 255 251 173 232 255 255 255 225 255 255 255 220 227 221 151 255 255 38 0 82 186 255 255 255 189 232 255 255 255 233 227 255 223 198 254 255 255 207 244 255 215 213 255 220 1 8 187 255 255 255 255 229 237 255 255 255 214 223 255 209 158 149 255 255 255 255 255 255 255 255 156 33
73 255 255 255 255 220 255 255 255 255 255 176 255 255 182 134 255 208 152 174 255 255 255 231 209 220 11 43 246 255 255 255 255 255 232 239 206 214 255 255 255 184 223 255 255 255 255 255 184 161 255 154 0 0 68 255 255 255 205 155 146 152 243 255 192 255 255 199 147 236 239 192 255 255 255 255 255 255 255 125 116 205 150 207 255 255 255 225 255 255 201 239 255 255 255 230 255 255 255 219 234 224 147 255 255 36 0 82 196 255 255 255 186 238 255 255 255 255 242 255 216 205 255 255 255 212 254 255 216 222 255 216 1 0 154 255 255 255 255 255 255 255 255 255 217 234 255 219 164 149 255 255 255 255 255 255 255 255 155 27
77 232 255 255 255 199 255 255 255 255 251 176 255 255 203 143 255 255 219 212 255 255 255 234 188 178 0 31 254 255 255 255 255 255 255 232 217 206 255 255 255 194 230 255 255 255 255 255 187 164 255 167 0 0 95 255 255 217 163 157 176 199 255 255 192 255 255 203 142 221 224 182 255 255 255 255 255 255 255 113 133 250 150 207 255 255 255 197 255 255 208 232 255 255 255 221 255 255 255 212 234 239 144 251 255 30 0 84 199 255 255 255 182 246 255 255 255 255 255 255 208 216 255 255 255 212 255 255 250 222 255 243 16 0 103 255 255 255 255 255 255 250 255 255 206 230 255 227 168 155 255 255 255 255 255 255 255 255 158 35
57 196 255 255 255 185 255 255 255 255 255 182 255 255 196 158 255 255 255 255 255 255 255 246 197 102 0 35 255 255 255 255 255 255 255 232 232 217 255 255 255 194 230 255 255 255 255 255 187 168 255 177 0 0 80 255 255 212 191 223 255 255 255 255 192 255 255 210 139 214 251 224 255 255 255 255 255 255 255 113 116 255 159 186 255 255 255 190 255 255 189 214 255 255 255 203 255 255 255 201 227 239 142 243 255 30 0 75 192 250 255 255 182 246 255 255 255 255 255 255 208 227 255 255 255 212 255 255 255 229 255 254 29 0 111 255 255 255 255 255 219 174 255 255 214 230 255 227 161 155 255 255 255 255 255 255 255 255 152 38
57 211 255 255 249 189 255 255 255 255 255 196 255 231 160 161 255 255 255 255 255 255 255 254 191 60 0 38 255 255 255 255 174 212 255 217 228 221 255 255 242 188 227 255 255 255 234 255 184 161 255 161 0 0 103 255 255 255 255 255 255 255 255 255 192 255 255 217 139 206 255 255 255 255 255 255 255 255 255 116 121 255 178 170 255 255 255 200 255 255 192 208 255 255 255 189 255 255 255 201 223 232 136 251 255 36 0 53 189 250 255 255 191 242 255 255 255 255 255 255 216 234 255 255 255 213 255 255 250 233 255 255 41 0 160 255 255 255 255 255 216 152 238 255 224 230 255 227 152 152 255 254 255 255 255 255 255 255 131 27
48 214 255 255 255 255 255 255 255 255 255 196 255 227 157 174 255 255 242 255 255 255 255 235 163 35 0 40 255 190 237 255 149 219 255 217 214 217 255 255 227 191 230 255 255 255 216 255 191 168 255 158 0 0 95 255 255 255 255 255 239 255 255 255 192 255 255 228 139 199 255 255 255 255 255 255 255 255 255 116 124 255 168 154 255 255 255 214 255 255 206 219 255 255 255 189 255 255 255 201 216 217 130 255 255 41 0 37 192 255 255 255 201 238 255 255 255 255 255 255 227 238 255 255 255 220 255 255 255 225 255 255 53 0 180 255 255 255 255 255 216 158 208 255 221 227 255 234 155 155 255 235 255 255 255 255 255 255 111 14
61 208 255 255 255 255 255 255 255 255 255 202 255 201 217 158 255 255 255 255 255 255 255 219 165 37 0 46 255 174 222 255 216 255 255 219 217 224 255 255 234 189 216 255 255 255 205 255 188 166 255 184 1 0 92 255 255 255 255 255 196 155 255 255 205 255 255 234 137 197 255 255 255 255 255 255 255 255 255 127 133 255 162 161 226 255 255 211 255 255 217 212 255 255 255 194 255 255 255 206 239 214 133 255 255 41 0 82 194 249 255 255 210 246 255 255 255 255 255 255 212 242 255 255 255 246 255 255 255 213 255 255 92 0 152 255 255 255 255 255 221 173 169 255 222 231 255 219 174 146 255 200 255 255 255 255 255 255 81 22
59 216 255 255 255 255 255 255 255 255 255 220 255 246 206 161 255 255 255 255 255 255 255 216 158 37 0 46 239 215 194 255 255 255 255 227 224 201 253 255 234 189 242 255 255 255 208 255 195 172 255 205 2 0 122 255 255 255 255 255 186 147 196 255 198 255 255 205 143 226 255 216 255 255 255 255 255 255 255 82 133 255 162 146 222 255 255 193 255 255 217 212 255 255 255 201 255 255 255 210 243 217 133 255 255 37 0 115 201 255 255 255 210 246 255 255 255 255 255 255 219 234 255 255 255 242 255 255 255 231 255 255 51 0 172 255 255 255 255 247 169 147 163 255 226 227 255 219 168 146 255 186 255 255 255 255 255 255 71 17
47 219 255 255 255 255 255 255 255 255 255 242 255 255 196 161 255 255 255 209 255 255 255 223 160 46 0 26 198 255 187 255 255 255 255 219 228 208 255 255 230 182 255 255 223 255 201 253 192 169 255 212 2 0 110 255 255 255 255 181 157 147 157 255 194 255 255 188 149 226 234 195 255 255 255 255 255 251 255 84 138 255 165 174 255 255 255 211 255 255 210 219 255 255 253 194 255 255 255 214 247 221 136 255 255 29 0 153 201 255 255 255 210 246 255 255 255 255 255 255 216 227 255 255 255 254 255 255 255 239 255 250 13 0 172 255 255 255 255 182 152 155 176 247 230 227 255 227 161 146 255 173 255 255 255 255 255 255 74 17
37 223 255 255 255 255 255 255 255 255 255 255 255 255 192 158 255 255 255 209 254 255 255 216 203 70 0 22 216 255 196 255 255 255 255 208 223 212 255 255 222 176 255 255 212 255 208 255 197 172 255 231 14 0 102 255 255 255 255 208 228 227 201 255 201 255 255 201 146 194 205 209 255 255 255 255 255 241 226 64 136 255 185 198 255 255 255 204 255 255 199 223 255 255 238 187 255 255 255 214 247 217 133 255 246 31 0 172 197 255 255 255 206 246 255 255 255 255 255 255 212 227 255 255 255 255 255 255 255 228 255 235 10 0 146 255 255 255 255 164 164 158 166 243 230 227 255 234 161 152 255 163 255 255 255 255 255 255 76 17
32 227 255 255 255 255 255 255 255 255 255 255 255 255 199 158 255 255 255 246 231 255 255 212 194 68 0 27 255 255 210 255 255 242 255 208 227 208 254 255 208 192 255 255 212 255 249 255 194 166 255 248 21 0 138 255 255 255 255 255 255 255 255 255 205 255 255 223 140 181 208 205 255 255 255 255 255 235 152 0 151 255 220 181 255 255 255 167 255 255 189 223 255 255 242 198 255 255 255 214 243 214 133 255 242 45 0 169 197 255 255 255 206 242 255 255 255 255 255 255 212 227 255 246 246 255 255 255 255 224 255 232 24 0 131 255 255 255 255 179 201 157 160 253 230 227 255 242 164 155 255 163 255 255 255 255 255 255 74 16
28 219 255 255 255 255 255 255 255 255 255 255 255 255 214 155 255 255 255 254 201 255 255 227 191 96 0 35 255 255 255 255 219 253 255 206 238 250 255 255 198 221 255 255 205 255 255 255 192 153 255 240 19 0 179 255 255 255 255 255 255 255 255 255 198 255 255 227 140 197 237 174 255 255 255 255 255 222 110 0 166 255 202 161 255 255 255 170 255 255 192 223 255 255 238 198 255 255 255 214 243 214 133 255 250 55 0 163 204 255 255 255 206 242 255 255 255 255 255 255 212 234 255 230 234 255 255 255 255 224 255 194 14 0 131 255 255 255 255 210 255 227 219 255 222 231 255 250 168 155 255 167 255 255 255 255 255 253 90 26
32 219 255 255 255 255 255 255 255 255 255 255 255 255 221 155 255 255 255 255 254 255 255 219 190 101 0 34 250 255 255 255 168 255 255 196 242 255 255 255 201 228 255 255 205 255 255 255 196 163 255 239 43 0 181 255 255 255 255 255 255 255 255 255 198 255 255 216 143 215 255 158 201 255 255 255 255 212 105 0 118 209 159 152 237 255 255 180 255 255 196 223 255 255 230 191 255 255 255 214 243 214 133 255 253 46 0 160 211 255 255 255 214 242 255 255 255 255 255 255 212 242 255 238 246 255 255 255 255 228 255 184 0 0 128 255 255 255 255 253 255 255 255 255 222 231 255 254 171 152 255 167 255 255 255 255 255 255 106 35
47 238 255 255 255 255 255 255 255 219 255 246 255 255 221 164 255 255 255 255 255 255 255 212 180 61 0 45 255 255 255 255 178 255 255 189 242 255 255 255 212 214 255 255 209 255 208 238 186 163 255 236 78 0 146 255 255 255 255 255 255 255 255 255 205 255 255 209 146 212 255 162 177 255 255 255 255 216 98 0 64 162 165 155 222 255 255 173 255 255 189 223 255 255 230 191 255 255 255 214 247 217 136 255 242 31 0 160 214 255 255 255 221 246 255 255 255 255 255 255 219 242 255 230 238 255 255 255 255 228 255 212 0 0 123 255 255 255 255 255 255 255 255 255 219 234 255 255 174 146 247 167 255 255 255 255 255 253 103 27
57 255 255 255 255 255 255 215 182 173 255 205 255 255 199 179 255 255 255 255 255 255 255 214 164 56 0 39 255 255 255 255 223 255 255 188 242 255 255 255 198 205 255 255 212 255 201 255 198 175 255 222 63 0 116 255 255 255 212 234 255 255 255 255 198 255 255 243 136 216 255 205 191 255 255 255 255 227 104 0 77 255 180 142 230 255 255 174 255 255 192 223 255 255 242 187 255 255 255 219 249 228 133 253 253 34 0 166 222 255 255 255 227 255 249 201 255 255 255 255 205 255 255 238 227 255 255 255 255 255 255 194 6 0 134 255 255 255 255 255 255 255 255 255 224 234 255 255 163 158 251 158 242 255 255 255 255 255 75 29
29 206 255 255 255 255 175 149 142 166 253 201 255 255 217 186 255 255 196 255 255 255 255 217 190 86 0 45 255 255 255 255 254 255 255 188 238 255 255 255 212 216 255 255 212 255 205 255 198 185 255 255 61 0 113 230 255 255 188 234 255 255 255 255 205 255 255 224 154 234 255 255 255 255 255 255 255 213 107 0 126 255 201 174 255 255 255 177 255 255 203 227 255 255 234 191 255 255 255 219 255 243 139 253 249 32 0 169 226 255 255 255 242 255 249 194 255 255 255 255 227 255 255 246 234 255 255 255 255 255 255 226 28 0 120 255 255 255 255 255 255 255 255 255 221 231 255 255 166 164 255 165 221 255 255 255 255 234 66 8
8 91 204 218 255 255 162 164 182 232 255 201 255 255 221 189 255 238 154 243 255 255 255 217 200 112 0 39 255 255 255 255 255 255 255 184 253 255 255 255 242 242 255 255 212 255 205 255 205 212 255 237 23 0 129 255 255 255 201 246 255 255 255 255 188 255 253 179 139 246 255 255 255 255 255 255 255 200 112 0 103 255 208 202 255 255 255 171 255 255 206 238 255 255 227 194 255 255 255 216 249 236 136 253 249 32 0 172 233 255 255 255 255 255 246 188 255 255 255 255 246 255 255 250 234 255 255 255 255 255 255 237 39 0 112 255 255 255 255 255 255 255 255 255 217 231 255 254 169 174 255 174 189 255 255 255 255 245 119 37
24 116 151 186 255 255 164 161 243 255 255 201 255 255 223 206 255 246 158 217 255 255 255 210 211 132 0 37 255 255 255 255 255 255 255 191 246 255 255 255 255 255 255 255 212 255 201 255 188 227 255 237 28 0 132 255 255 255 255 255 255 255 255 255 205 255 242 189 142 253 255 242 255 255 255 255 255 183 104 0 106 255 255 226 255 255 255 177 255 255 199 255 255 255 234 198 255 255 255 212 234 224 130 255 255 34 0 176 237 255 255 255 255 255 246 184 255 255 255 255 255 255 255 242 231 255 255 255 255 255 255 215 24 0 117 255 255 255 255 255 255 255 255 255 221 231 255 254 173 181 255 181 169 255 255 255 255 237 164 59
30 162 175 237 255 255 180 161 255 255 255 205 255 255 212 203 255 255 164 196 255 255 255 208 222 132 0 37 255 255 255 255 255 255 255 212 216 223 250 255 255 255 255 255 212 255 201 255 188 236 255 249 80 0 138 255 255 255 255 255 255 255 255 255 198 254 212 206 160 246 255 255 255 255 255 255 255 173 95 0 100 255 255 219 255 255 255 177 255 219 191 255 255 255 242 191 255 255 255 212 234 228 133 255 255 35 0 172 233 255 255 255 255 255 249 184 255 255 255 255 255 255 255 234 231 255 255 255 255 255 255 207 12 0 126 255 255 255 255 255 255 255 255 255 221 234 255 254 169 184 255 184 163 255 255 255 255 216 160 50
33 184 250 255 255 255 255 255 255 255 255 202 255 255 198 198 255 255 155 179 255 255 255 212 225 112 0 39 255 255 255 255 255 255 255 223 216 216 246 255 255 255 255 255 216 255 205 255 201 247 255 228 97 0 162 255 255 255 255 255 255 255 255 255 231 255 255 221 163 246 255 255 255 255 255 255 255 187 90 0 128 255 255 192 255 255 255 174 255 191 194 255 255 255 242 184 255 255 255 201 234 239 130 249 255 37 0 172 233 255 255 255 255 255 249 184 255 255 255 255 255 255 255 238 238 255 255 255 255 255 255 226 19 0 126 255 255 255 255 255 255 255 255 255 221 234 255 250 166 181 255 184 160 255 255 255 255 216 165 55
37 181 252 255 255 255 255 255 255 255 255 202 255 255 208 216 255 255 158 168 255 255 255 215 214 83 0 45 255 255 255 255 255 255 255 216 242 255 255 255 255 255 255 255 216 255 205 255 198 247 255 228 99 0 183 255 255 255 255 255 255 255 255 255 212 255 255 210 136 249 255 255 246 241 255 255 255 190 90 0 99 239 174 148 245 255 255 194 255 188 208 239 255 255 239 187 255 255 255 198 234 243 130 249 255 37 0 172 233 255 255 255 255 255 253 188 255 255 255 255 255 255 255 238 246 255 255 255 255 255 255 237 35 0 120 255 255 255 255 255 255 255 255 255 217 234 255 246 163 177 255 188 166 241 255 255 255 209 155 55
30 178 219 255 255 250 255 255 255 255 255 205 255 255 201 201 255 255 177 158 255 255 255 222 180 50 0 41 238 255 255 255 255 255 255 216 249 255 255 255 255 255 255 255 216 255 201 255 227 255 255 243 104 5 200 255 255 255 255 254 255 255 255 255 255 255 255 251 136 238 255 255 255 226 255 255 255 177 85 0 59 185 149 194 255 255 255 171 250 191 219 217 255 255 243 201 255 255 255 208 238 247 136 255 255 35 0 172 233 255 255 255 255 255 253 188 255 255 255 255 255 255 255 234 246 255 231 255 255 255 255 226 45 0 117 255 255 255 246 255 255 255 255 255 214 234 255 246 160 177 255 188 163 223 255 255 255 220 152 57
35 187 152 254 255 208 218 255 255 255 255 202 255 255 201 228 255 255 174 164 253 255 255 217 176 45 0 43 234 255 255 255 255 255 255 216 234 255 255 255 255 255 255 255 212 255 205 255 254 255 255 214 102 19 152 255 255 255 255 255 255 255 255 255 255 255 255 249 134 219 255 255 255 191 255 255 255 169 77 0 62 202 184 249 255 223 180 187 236 189 227 238 255 238 224 186 250 255 255 216 255 239 127 255 255 28 0 169 243 255 255 255 255 255 255 184 255 255 255 255 255 255 255 227 246 255 223 255 255 255 255 241 56 0 124 255 255 255 216 230 255 255 255 255 217 242 255 255 168 181 255 199 167 201 255 255 255 216 152 49
37 181 152 221 255 248 170 163 255 255 255 202 255 255 205 236 255 255 191 168 246 255 255 217 180 44 0 55 238 255 255 255 255 255 255 212 231 255 255 255 255 255 255 255 205 255 212 255 255 255 255 157 19 0 107 255 255 255 255 255 255 255 255 255 255 255 255 253 155 246 255 255 255 230 255 255 255 172 82 0 105 255 223 215 255 177 187 180 251 182 208 246 255 238 217 199 255 255 255 208 249 236 136 255 255 33 0 169 255 255 255 255 255 255 255 184 255 255 255 255 255 255 255 231 242 255 216 255 235 255 255 241 78 0 74 255 255 255 201 230 255 255 255 255 217 238 255 255 174 177 255 255 229 241 255 255 255 223 136 51
41 164 152 214 255 255 193 188 255 255 255 205 255 255 205 243 255 255 212 164 234 255 255 217 183 43 0 91 249 255 255 255 255 255 255 212 238 255 255 255 255 255 255 255 209 255 242 255 255 255 255 148 0 0 102 255 255 255 255 255 255 255 234 255 255 255 255 255 165 242 255 255 255 255 255 255 255 186 97 0 92 255 193 168 255 255 255 180 247 182 201 238 255 227 206 199 255 255 255 201 234 239 154 255 253 32 0 169 255 255 255 255 255 255 255 184 255 255 255 255 255 255 255 234 242 255 208 255 227 255 255 248 90 0 76 247 255 255 201 246 255 255 255 255 217 227 255 255 174 181 255 255 255 255 255 255 255 242 111 41
33 134 152 232 255 244 225 255 255 255 255 205 255 255 191 239 255 255 219 158 230 255 255 221 177 39 0 132 255 250 255 255 255 255 255 209 238 255 255 255 255 255 255 255 205 255 255 255 255 255 255 150 0 0 111 255 255 255 255 253 221 177 158 255 219 255 255 255 165 238 255 255 255 255 255 255 255 192 107 0 51 236 255 192 255 255 255 174 236 192 205 227 255 219 210 196 255 234 255 205 230 239 160 255 245 19 0 169 255 255 255 255 255 255 255 181 255 255 255 255 255 255 255 234 242 253 208 255 224 255 255 249 71 7 153 255 255 255 205 255 255 255 255 255 224 238 255 255 168 194 255 255 255 255 255 255 255 211 71 16
24 127 169 255 240 152 225 255 255 255 255 205 255 255 184 232 255 255 208 152 227 255 255 224 171 41 0 115 237 247 255 255 255 255 255 205 238 255 255 255 254 242 255 255 195 255 255 255 255 255 255 149 0 0 68 255 255 255 255 196 154 149 155 255 227 255 255 249 178 255 255 194 222 255 255 255 255 179 102 0 35 219 255 236 249 255 238 180 236 182 191 223 255 219 214 199 255 205 255 216 234 228 144 255 254 8 0 176 255 255 255 255 255 255 254 181 255 255 255 255 255 255 255 234 249 253 212 255 208 255 255 237 51 19 216 255 255 255 201 246 255 255 255 255 239 255 255 216 155 212 255 255 255 255 255 255 255 222 84 25
18 133 179 255 225 151 255 255 255 255 255 202 255 255 191 224 255 255 191 168 219 255 255 224 183 58 0 67 201 253 255 255 255 234 255 231 255 255 255 255 249 223 255 255 201 255 255 255 242 255 255 159 0 0 33 179 174 255 255 181 139 186 224 255 234 255 255 246 184 255 255 161 183 255 255 255 255 176 99 0 57 255 255 255 255 252 206 170 239 154 161 230 255 212 206 196 255 198 255 219 234 217 136 255 255 4 0 181 255 255 255 255 255 255 250 184 255 255 255 255 255 255 255 234 253 255 216 255 201 255 255 236 49 19 208 255 255 255 201 234 255 255 255 255 232 255 255 181 140 208 255 255 255 255 255 255 255 230 99 27
17 125 160 245 255 218 255 255 223 255 255 198 255 255 201 210 255 255 177 198 205 255 255 214 200 66 0 42 194 255 255 255 255 212 255 255 255 255 255 255 238 223 255 255 216 255 255 255 255 244 255 152 0 0 45 170 179 255 255 181 146 219 255 255 219 255 255 253 188 255 255 174 164 255 255 255 255 189 107 0 55 255 255 255 255 207 217 214 232 147 168 249 255 205 206 189 255 198 255 216 230 217 139 255 255 7 0 178 255 255 255 255 255 255 250 188 255 255 255 255 255 255 255 231 249 253 219 255 201 255 255 236 46 20 208 255 255 255 238 255 255 255 255 255 232 255 255 174 149 204 255 255 255 255 255 255 255 233 100 24
26 128 157 239 255 255 255 179 181 255 255 198 255 255 205 196 255 255 174 226 191 255 255 206 190 59 0 43 215 249 255 255 249 194 255 255 255 255 255 255 223 223 255 255 219 255 255 255 246 233 255 161 0 0 70 196 255 255 255 234 216 255 255 255 223 255 255 249 191 255 255 178 148 255 255 255 253 196 110 0 67 255 255 255 255 193 232 233 228 169 212 255 255 208 224 192 255 201 255 208 227 217 136 255 255 9 0 168 255 255 255 255 255 255 254 188 255 255 255 255 255 255 255 227 246 246 219 255 197 255 255 223 35 23 235 255 255 255 255 255 255 255 255 255 239 255 246 188 177 215 255 255 229 255 255 255 255 222 97 27
19 103 161 230 255 255 252 198 184 255 255 202 255 255 216 203 255 255 177 245 255 255 255 221 223 75 0 53 192 255 255 255 243 208 255 255 255 255 255 255 230 223 255 255 255 255 238 255 249 232 255 191 0 0 98 230 255 255 255 255 255 255 255 255 227 255 255 255 181 255 255 174 151 253 255 255 255 194 108 0 59 255 255 255 255 255 221 238 221 206 230 234 255 242 210 192 255 201 255 234 212 218 145 248 255 5 0 169 255 255 255 255 255 255 246 184 255 219 255 255 255 255 255 234 234 255 208 255 201 255 255 223 43 20 209 255 255 255 255 255 255 255 255 255 239 255 242 205 177 197 255 255 233 255 255 255 255 233 95 21
13 83 177 245 255 255 255 227 242 255 255 202 255 255 212 176 255 255 168 184 255 255 255 255 255 108 0 44 189 242 255 255 247 205 255 255 255 255 255 255 230 219 255 255 255 254 231 255 249 240 255 204 0 0 103 194 255 255 242 255 255 255 255 255 227 255 255 255 188 255 255 191 148 237 255 255 255 190 111 0 70 255 255 255 255 255 255 234 224 206 227 230 255 253 224 206 255 201 255 227 212 218 139 251 255 5 0 172 255 255 255 255 255 255 253 188 246 205 255 255 255 255 255 238 238 255 212 255 205 252 255 220 31 13 205 255 255 255 255 255 255 255 255 255 239 249 223 198 177 212 255 255 255 255 255 255 255 215 55 14
10 83 235 255 255 255 242 189 255 255 255 198 255 255 216 179 255 255 168 152 255 255 255 255 255 85 0 48 206 230 255 255 243 201 255 255 255 255 255 255 230 212 255 255 255 254 227 255 250 240 255 219 0 0 116 164 219 255 219 205 242 255 255 255 223 255 255 253 198 255 255 212 151 222 255 255 255 194 119 0 61 255 255 255 255 255 255 255 224 203 219 219 255 253 232 221 255 205 255 212 216 221 133 251 255 5 0 180 255 255 255 255 255 255 255 184 223 198 255 255 255 255 255 238 242 255 216 255 198 255 255 220 29 0 120 255 255 255 255 255 255 255 255 255 232 231 220 198 161 204 255 255 255 255 255 255 255 204 57 20
17 128 255 255 255 255 205 157 230 255 255 205 255 255 212 203 255 255 174 191 255 255 255 255 255 51 0 57 206 201 255 255 239 205 255 255 255 255 255 255 238 194 255 255 255 254 227 255 242 236 255 255 0 0 114 148 188 255 255 174 149 231 255 255 223 255 255 246 201 255 255 227 160 208 255 255 255 201 133 0 54 255 255 255 255 196 201 255 221 199 219 216 255 242 228 221 255 205 255 201 219 225 130 255 255 10 0 183 255 255 255 255 255 255 255 184 238 227 255 255 255 255 255 238 242 253 216 255 198 255 255 231 31 0 107 255 255 255 255 255 255 255 255 255 251 246 255 238 164 201 255 255 255 255 255 255 255 204 111 33
9 167 255 255 255 255 174 139 198 255 255 209 255 255 201 203 255 255 174 255 255 255 255 255 255 35 0 82 228 205 255 255 236 212 255 255 255 255 231 255 255 188 253 255 255 254 223 255 246 225 255 255 31 0 80 163 178 255 255 198 171 246 255 255 223 255 255 238 198 255 255 234 164 197 255 255 255 204 139 0 60 255 219 210 255 166 190 255 217 203 234 219 255 227 217 221 255 205 255 201 223 232 127 255 255 19 0 183 255 255 255 255 255 255 253 188 255 255 255 255 255 255 255 234 242 253 208 255 209 233 255 228 23 17 191 255 255 255 255 255 255 255 255 255 255 255 255 255 168 201 255 255 255 255 255 255 255 205 148 43
9 179 255 255 255 255 201 207 246 255 255 202 255 255 201 199 255 255 173 255 255 255 255 255 255 41 0 94 239 230 255 255 236 216 255 255 255 246 212 255 255 191 255 255 255 250 216 255 246 217 255 255 84 0 56 179 198 255 212 208 255 255 255 255 227 255 255 234 188 255 255 234 164 187 255 255 255 201 136 0 73 255 187 176 255 240 255 255 221 210 246 223 255 219 214 224 255 201 255 208 227 240 130 251 255 34 0 180 255 255 255 255 255 255 242 181 255 255 255 255 255 255 255 234 238 253 194 255 202 226 255 209 11 21 199 255 255 255 255 255 255 255 255 255 255 250 255 255 164 205 255 255 255 204 255 255 255 209 145 47
26 172 255 255 255 255 237 255 255 255 255 227 255 255 208 206 255 255 182 255 255 255 255 255 255 78 0 70 195 227 255 255 236 212 255 255 255 254 231 255 255 198 255 255 255 246 212 255 227 203 255 255 95 0 74 166 234 255 149 205 255 255 255 255 227 255 255 234 181 255 255 234 167 184 255 255 255 201 133 0 71 227 219 182 255 255 255 255 221 206 242 219 255 216 214 228 255 198 255 219 234 244 133 251 255 47 0 173 255 255 255 255 255 255 242 181 255 255 255 255 234 255 255 234 242 255 181 255 181 230 255 203 7 5 153 255 255 255 255 255 255 255 255 255 255 250 255 255 166 215 255 255 255 180 255 255 255 205 146 47
27 147 255 255 255 255 164 245 255 255 255 255 255 255 208 203 255 255 203 255 255 255 255 255 255 106 0 61 182 227 255 255 239 208 255 255 255 250 238 255 255 198 255 255 255 246 216 255 235 189 255 232 28 0 114 160 205 255 188 255 255 234 255 255 230 255 255 234 174 255 255 238 173 191 255 255 255 204 136 0 41 181 253 196 255 255 255 255 214 199 230 208 255 216 214 224 255 198 255 227 234 248 136 251 255 58 0 170 255 255 255 255 255 255 255 191 255 255 255 255 216 238 255 234 246 255 174 255 175 217 255 213 4 14 182 255 255 255 255 255 255 255 255 255 255 246 255 254 157 205 255 255 255 204 255 255 255 194 161 41
19 117 255 255 255 255 197 247 255 255 255 255 255 255 223 212 255 255 171 255 255 255 255 255 255 47 0 82 176 240 255 255 238 212 255 255 255 246 242 255 255 191 255 255 255 255 250 255 222 206 255 255 16 0 53 164 185 255 255 255 242 152 255 255 223 255 255 234 168 255 255 178 217 212 255 255 255 192 145 0 33 212 255 233 229 255 255 255 224 203 238 212 255 216 214 221 255 208 255 238 238 232 136 247 255 31 0 172 255 255 255 255 255 255 246 178 255 255 255 255 219 247 255 242 242 255 198 255 180 199 255 225 33 16 211 255 255 255 255 219 255 255 255 255 255 255 255 254 158 212 255 255 255 229 255 255 255 184 160 45
9 115 255 255 255 255 223 243 255 255 255 255 255 255 234 216 255 255 165 255 255 255 255 255 251 30 0 71 183 210 255 255 246 212 255 255 255 246 238 255 255 216 255 255 255 255 255 255 222 199 255 255 128 0 50 155 185 255 255 255 216 158 255 255 223 255 255 234 171 255 255 181 228 255 255 255 255 209 145 0 59 253 245 241 255 255 211 255 214 196 253 231 255 205 210 224 255 201 255 255 255 243 130 251 255 33 0 172 255 255 255 255 255 255 249 184 255 255 255 255 201 228 255 234 242 255 198 255 167 196 255 237 35 0 157 255 255 255 255 238 255 255 255 255 255 255 255 255 171 208 255 255 255 218 255 255 255 194 146 41
12 142 255 255 235 242 201 219 255 255 255 255 255 255 242 216 255 255 162 254 255 255 246 255 251 30 0 84 224 198 255 255 242 201 255 255 255 246 242 255 255 216 255 255 255 246 255 255 233 214 255 255 90 0 52 177 216 255 255 255 205 216 255 255 231 255 255 242 181 255 255 184 166 255 255 255 255 255 148 0 32 244 234 255 255 206 169 255 224 206 255 255 255 205 210 232 255 198 255 255 255 239 130 255 255 35 0 175 255 255 255 255 223 255 255 188 255 255 255 255 198 228 255 238 238 255 194 255 177 199 255 225 35 0 122 255 255 255 255 255 255 255 255 255 255 255 255 255 181 205 255 255 255 215 255 255 255 204 134 39
11 158 255 168 153 181 174 204 255 255 255 246 255 255 238 208 255 255 168 255 255 255 234 255 255 35 0 61 192 181 255 255 238 205 255 255 255 246 249 255 255 216 255 255 191 162 255 255 204 192 255 255 9 0 37 208 255 255 255 255 198 234 255 255 231 255 255 253 184 255 255 184 130 249 255 255 255 255 145 0 0 198 241 255 255 192 169 255 221 199 255 255 255 205 206 228 255 201 255 227 246 236 142 251 255 30 0 179 255 255 255 255 216 255 255 181 255 255 255 255 198 232 255 242 242 255 194 255 167 186 255 233 41 0 111 255 255 255 255 255 255 255 255 255 255 255 255 255 181 205 255 255 255 229 247 255 255 201 146 46
39 222 252 149 156 181 167 194 255 255 255 238 255 255 230 212 255 255 178 255 255 255 219 255 173 20 0 53 185 201 255 255 249 216 255 255 255 255 255 246 255 219 255 255 171 143 255 255 238 194 255 175 0 0 43 255 255 255 255 227 140 174 255 255 219 255 255 255 184 255 255 184 189 255 255 255 255 255 136 0 0 174 233 255 255 234 179 255 214 189 255 255 255 212 206 228 255 205 255 205 230 239 154 251 255 16 0 171 255 255 255 253 208 255 255 181 255 255 255 255 191 224 255 242 242 255 198 255 177 186 255 224 29 0 124 255 255 255 255 255 255 255 255 255 255 255 255 255 174 201 255 255 255 255 232 255 255 197 179 57
45 255 255 164 157 152 152 189 255 255 255 227 255 255 234 223 255 255 184 255 255 255 201 238 146 23 0 47 166 219 255 255 246 208 255 255 255 255 255 230 255 198 255 255 223 161 238 255 219 201 255 204 0 0 59 255 255 255 255 223 158 178 255 255 212 255 255 249 181 255 255 191 249 255 255 255 255 255 136 0 0 162 226 255 255 255 169 255 221 192 255 255 255 223 206 224 255 198 255 194 234 236 160 255 255 7 0 134 255 255 255 241 194 255 253 184 255 255 255 255 187 221 255 238 234 255 194 255 171 166 255 181 0 0 102 255 255 255 255 255 255 255 255 255 255 255 255 255 174 201 255 255 255 255 247 255 255 190 210 64
27 251 255 233 215 204 230 255 255 255 255 216 255 255 242 230 255 255 188 255 255 255 198 223 143 46 0 77 190 226 255 255 242 201 255 255 255 255 255 255 255 191 255 255 255 181 216 255 215 212 255 190 0 0 65 255 255 255 255 249 253 255 255 255 238 255 255 253 188 255 255 198 255 255 255 255 255 255 139 0 0 178 255 255 255 255 197 255 217 192 255 255 255 234 210 236 255 194 255 188 230 236 169 255 255 8 0 78 255 255 255 233 188 255 253 188 255 255 255 255 191 224 253 242 234 255 194 255 174 166 255 210 8 0 89 255 255 255 255 255 255 255 255 255 255 255 255 255 187 198 255 255 255 255 255 255 255 190 221 66
41 247 255 255 255 255 255 255 239 255 255 212 255 255 249 227 255 255 188 255 255 255 201 227 194 84 0 101 207 228 255 255 246 208 255 255 255 255 255 255 255 223 255 255 255 201 223 255 223 201 255 158 49 0 51 255 255 255 255 191 227 255 255 255 255 255 255 255 198 255 255 201 255 255 255 255 255 255 138 0 24 227 255 255 255 255 255 255 214 196 255 255 255 255 243 255 255 198 255 191 242 255 186 255 255 14 0 40 255 255 255 226 191 255 255 184 255 255 255 255 187 224 249 246 238 255 208 255 180 157 255 203 13 0 73 255 255 255 255 255 255 255 255 238 255 255 255 255 201 198 255 255 255 255 255 255 255 197 217 64
51 247 255 255 255 255 255 255 255 255 255 227 255 255 249 212 255 255 171 255 255 255 198 255 222 47 0 95 208 255 255 255 255 209 255 255 255 255 255 255 230 198 255 255 255 178 209 255 227 201 255 175 35 0 44 255 255 255 255 208 208 255 255 255 255 255 255 254 181 255 255 209 242 255 255 255 255 255 129 0 24 237 255 255 255 255 255 255 217 194 255 254 255 255 255 255 255 208 255 198 234 246 205 255 255 65 0 31 255 255 255 212 195 255 255 186 255 255 255 255 187 219 255 243 227 255 255 255 177 161 255 212 9 0 102 255 255 255 255 255 255 255 239 232 249 216 255 255 184 194 255 255 255 255 255 255 255 185 229 61
73 255 255 255 255 227 255 255 255 255 255 212 255 255 223 178 255 255 171 255 255 255 198 255 255 30 0 111 197 226 255 255 255 216 255 255 255 255 255 255 249 174 255 255 255 212 205 255 231 205 255 120 0 0 50 255 255 255 255 253 216 255 255 255 255 255 255 254 184 255 255 209 242 255 255 255 255 255 110 0 24 233 255 255 255 255 255 255 224 188 250 246 255 255 255 255 255 208 255 198 227 253 223 255 255 74 0 30 255 255 255 255 223 255 249 182 255 249 255 255 187 219 255 239 238 255 255 255 171 161 255 198 9 0 105 255 255 255 255 255 227 191 179 230 255 219 255 255 188 205 255 255 255 255 255 255 255 192 222 66
108 255 255 255 255 205 255 255 255 255 255 198 249 255 198 171 255 255 168 255 255 255 198 255 255 62 0 111 184 215 255 255 255 242 255 255 255 255 255 255 255 155 255 255 255 242 201 255 231 198 255 134 0 0 59 255 255 221 228 221 199 255 255 255 250 242 255 255 195 255 255 212 231 255 255 242 255 255 98 0 24 230 255 255 255 255 255 255 217 194 255 255 255 255 255 255 255 205 255 212 238 249 230 255 255 79 0 46 255 255 255 255 255 255 249 189 255 227 255 255 191 222 255 236 249 255 255 255 161 164 255 183 0 0 69 255 255 255 255 255 173 144 155 230 255 227 255 255 184 212 255 255 236 255 255 255 255 199 206 68
127 255 255 255 255 208 196 255 255 255 255 201 255 255 181 188 255 255 165 255 255 255 191 255 255 95 0 73 155 232 255 255 255 254 255 255 255 255 255 255 255 158 255 255 255 255 231 255 219 194 255 149 2 0 50 255 161 152 184 187 163 255 255 255 246 234 255 255 205 255 255 212 235 255 255 231 255 255 90 0 24 222 255 255 255 255 255 255 210 198 255 255 255 255 255 255 255 198 255 238 253 242 227 255 255 76 0 79 255 255 216 255 255 255 253 192 255 212 255 255 194 226 255 234 249 255 246 255 179 160 255 218 11 0 59 255 255 255 255 228 161 158 155 219 255 227 255 255 178 216 255 246 180 255 255 255 255 199 182 59
124 255 247 255 255 238 166 196 255 255 255 205 255 255 178 188 255 255 161 255 255 255 181 255 255 95 0 67 149 244 255 255 255 255 255 255 255 255 255 255 255 174 255 255 255 255 255 255 223 212 255 123 0 0 63 255 161 152 164 168 151 255 255 255 250 234 255 255 209 255 255 209 255 255 255 227 255 212 80 0 24 211 255 255 255 255 255 255 217 188 255 255 255 255 255 255 255 198 255 246 254 255 250 255 252 75 0 91 255 255 201 255 255 255 253 186 243 198 255 255 189 224 255 238 246 255 219 255 179 160 255 222 18 0 59 255 255 255 255 201 161 161 158 224 253 227 255 255 178 230 255 223 164 255 255 255 255 192 166 49
124 255 202 255 255 255 177 148 255 255 255 205 253 255 198 188 255 255 161 255 255 255 174 255 255 83 0 116 174 238 255 255 255 255 255 255 255 255 255 255 246 188 255 255 255 255 255 255 219 187 230 106 0 0 65 255 189 157 144 169 182 255 255 255 246 227 255 255 205 255 255 205 255 255 255 220 241 161 79 0 23 208 255 255 255 255 255 255 217 188 255 255 255 250 255 255 255 205 255 242 250 255 255 255 255 80 0 71 255 255 211 255 255 255 255 182 247 198 255 255 192 217 255 242 246 255 205 255 164 168 255 193 0 0 63 255 255 255 255 205 161 155 189 255 246 227 255 255 181 249 255 219 164 255 255 255 255 192 185 55
124 235 195 255 255 255 187 166 254 255 255 205 249 255 223 212 255 255 161 255 255 255 171 255 255 81 0 145 193 234 255 255 255 255 212 219 255 253 188 255 238 184 255 255 255 255 255 255 234 198 255 159 0 0 84 255 255 255 255 255 255 255 255 255 250 227 255 255 205 255 255 201 255 255 255 200 249 184 89 0 23 204 255 255 255 255 255 255 214 194 255 255 255 227 255 255 255 201 255 255 255 255 255 255 255 77 0 66 255 255 208 255 255 255 255 182 255 198 255 255 201 212 255 246 246 255 198 255 168 164 255 198 12 0 89 255 255 255 255 208 158 174 253 255 242 230 255 255 181 255 255 216 167 255 255 255 255 192 217 68
110 193 220 255 255 255 229 255 255 255 255 216 249 255 234 238 255 255 161 255 255 255 174 255 255 111 0 143 197 245 255 255 255 255 171 178 255 255 174 255 234 174 255 255 255 255 255 255 198 208 255 195 0 0 121 255 255 255 255 255 255 255 255 255 254 234 255 255 205 255 255 201 255 255 255 189 255 233 100 0 23 204 255 255 255 255 255 255 224 188 255 255 255 227 254 255 255 191 255 255 255 255 255 255 255 70 0 77 255 255 208 255 255 255 255 176 255 191 255 255 219 216 255 246 246 253 194 255 171 164 255 201 3 0 82 255 255 255 255 205 152 199 255 255 242 234 255 255 178 255 255 208 167 250 255 255 255 188 228 66
111 201 201 255 255 255 255 255 255 255 255 209 254 255 231 255 255 255 174 255 255 254 178 255 255 109 0 124 174 255 255 255 255 255 195 181 255 255 192 255 234 161 255 255 255 255 255 255 218 227 255 167 0 0 122 255 255 255 242 255 255 255 255 255 255 234 255 255 188 255 255 194 255 255 255 207 255 255 143 0 21 213 231 255 255 255 222 255 216 209 255 255 255 242 253 255 255 198 255 255 255 255 254 255 255 77 0 139 246 236 229 255 255 255 255 188 242 198 255 255 226 221 255 255 254 255 188 255 177 162 255 210 14 0 58 255 255 255 255 198 146 188 255 255 246 234 255 255 174 255 255 219 158 234 255 255 255 198 165 51
119 211 211 255 255 255 255 255 255 255 255 195 227 253 216 255 255 255 216 255 255 250 174 255 255 96 0 139 181 255 255 255 255 255 255 255 255 255 179 255 230 205 255 255 255 254 255 255 218 227 255 193 0 0 131 255 255 255 238 227 255 255 255 255 242 230 255 249 168 255 255 188 223 255 255 193 255 255 174 0 17 209 234 255 255 255 194 255 255 254 255 255 255 238 242 255 255 205 255 255 255 255 242 255 255 87 0 157 242 211 241 255 255 255 246 178 246 198 255 255 222 206 255 255 255 255 184 255 170 165 255 193 0 0 60 255 255 255 255 188 171 216 255 255 242 234 255 255 174 255 255 219 158 230 255 255 255 198 165 53
113 208 204 255 255 255 255 255 255 255 255 205 234 255 186 255 255 255 238 255 255 255 168 255 255 120 0 124 168 255 255 255 255 255 255 255 255 255 184 255 227 255 255 255 255 209 255 255 218 232 255 204 0 0 140 255 255 255 234 188 255 255 255 255 223 219 255 238 152 255 255 181 220 255 255 197 255 255 181 0 17 213 246 255 255 255 174 255 255 255 255 255 255 227 230 255 255 227 255 255 255 255 231 255 255 97 0 167 230 176 248 255 255 255 249 184 249 195 255 255 215 192 255 255 255 255 188 255 174 165 255 194 0 0 57 255 255 255 255 227 246 255 255 255 238 231 255 255 178 255 255 219 155 219 255 255 255 198 165 53
90 201 211 255 255 255 255 221 155 230 255 186 236 255 166 236 255 255 255 255 255 255 165 255 255 149 0 113 183 255 255 255 255 255 255 255 255 255 191 255 238 255 255 255 238 181 255 255 223 236 255 183 0 0 118 255 255 255 255 182 179 255 255 255 212 208 255 242 152 253 255 174 223 255 255 200 255 255 178 0 16 216 246 255 255 255 164 255 255 255 255 255 255 227 227 255 255 255 255 242 255 255 223 255 255 120 0 177 234 173 255 255 255 255 255 199 246 188 255 255 215 189 253 255 255 255 194 255 177 159 255 201 0 0 55 255 255 255 255 255 255 255 255 255 238 231 255 255 178 255 255 219 152 208 255 255 255 198 168 53
38 170 208 255 255 255 255 196 155 255 255 173 224 255 163 239 255 255 255 255 255 242 174 255 248 152 2 89 173 255 255 255 255 234 255 255 255 242 184 255 255 230 255 255 219 188 255 255 223 229 255 182 0 0 68 218 255 255 255 192 130 205 255 255 212 201 255 246 178 255 255 178 223 255 255 193 255 255 178 0 14 209 231 255 255 255 164 255 255 255 255 255 255 238 227 242 255 255 255 227 255 255 219 255 255 137 0 170 230 170 255 228 191 255 255 196 239 188 255 255 215 192 253 255 255 254 205 255 173 161 255 194 0 0 57 255 255 255 255 255 255 255 255 255 242 231 255 255 178 255 255 219 149 198 255 255 255 194 168 53
36 180 204 255 255 255 255 240 174 255 255 171 223 255 182 255 255 255 255 255 255 255 188 255 240 126 0 72 148 255 255 255 251 140 178 255 255 250 191 255 255 184 246 255 219 201 255 255 227 221 255 203 0 0 35 197 255 255 255 227 188 242 255 255 216 201 255 249 212 255 255 184 223 255 255 183 241 255 185 0 24 220 216 255 255 255 174 255 255 255 255 255 255 255 223 223 255 255 255 223 255 255 219 255 255 134 0 163 227 164 255 204 155 255 255 192 247 212 255 255 215 196 253 255 255 246 212 253 164 168 255 181 0 0 62 255 255 255 255 255 255 255 255 255 246 231 255 255 178 255 255 223 149 191 255 255 255 194 168 53
105 249 215 255 255 255 255 255 254 255 255 246 255 255 198 255 255 255 255 255 255 255 191 249 211 101 0 90 202 255 255 255 236 139 198 255 255 255 209 255 255 165 227 255 227 191 255 255 224 225 255 209 0 0 45 191 255 255 255 255 255 255 255 255 216 205 255 238 246 255 255 191 235 255 255 183 241 255 195 0 43 235 209 255 255 255 174 255 255 255 255 255 255 255 212 212 255 255 255 219 255 255 216 255 255 132 0 172 255 183 255 214 143 255 255 196 255 230 255 255 212 192 253 255 255 242 219 255 164 165 255 201 17 0 62 255 255 255 255 255 255 255 255 255 246 231 255 255 178 255 255 234 149 184 255 255 255 191 168 53
145 255 183 255 255 255 255 255 255 255 255 255 255 255 198 250 255 255 255 255 255 255 188 255 246 128 0 108 255 255 255 255 189 169 255 255 255 242 216 255 255 165 227 255 231 168 255 255 221 240 255 198 0 0 78 191 255 255 255 255 255 255 255 255 212 208 255 227 255 255 255 194 255 255 255 200 245 255 178 0 53 239 202 255 255 255 161 255 255 255 255 231 255 255 198 208 255 255 255 216 255 255 209 255 255 123 0 176 255 200 255 218 131 236 255 194 251 223 255 255 212 186 253 255 255 238 223 255 173 152 255 237 48 0 56 255 255 255 231 255 255 255 255 255 242 227 255 255 178 255 255 242 149 181 255 255 255 191 168 53
104 255 175 255 255 255 244 255 255 255 255 255 255 255 188 234 255 255 255 227 255 255 198 255 212 173 10 149 255 255 255 255 179 255 255 255 255 246 212 255 255 161 216 255 249 191 255 255 227 218 255 207 0 0 226 168 255 255 255 255 255 255 255 255 216 205 255 186 236 255 255 235 255 255 255 186 248 255 164 0 58 238 187 255 255 254 173 255 255 255 254 205 255 255 219 242 255 255 255 191 255 254 208 255 255 121 0 177 255 255 255 255 181 255 255 192 255 234 255 255 243 188 255 255 255 242 216 253 162 174 255 200 7 0 60 255 255 255 238 255 255 255 255 255 242 227 255 255 188 255 255 255 152 184 255 255 255 194 170 48
104 255 172 255 255 255 237 255 255 255 255 255 255 255 165 223 255 255 255 201 255 255 198 255 211 122 0 165 255 255 255 250 214 255 255 255 255 250 216 255 255 178 223 255 246 184 255 255 212 236 255 183 0 0 124 183 255 255 255 255 255 181 219 255 219 208 255 176 214 255 255 255 255 255 255 193 241 255 155 0 58 242 194 255 255 250 170 255 255 255 255 209 255 255 223 246 255 255 255 184 255 255 205 255 255 102 0 154 255 255 255 255 255 255 255 199 251 219 255 255 247 181 250 255 255 255 246 255 165 167 255 187 0 0 60 255 255 255 238 212 255 255 255 255 246 231 255 255 191 255 255 255 146 171 255 255 255 204 139 46
104 255 178 255 255 255 222 255 255 255 255 255 255 255 168 238 255 255 255 181 255 255 191 238 246 64 0 161 255 255 255 255 255 255 255 255 255 250 199 255 255 201 227 255 249 178 255 255 212 244 255 145 0 0 53 186 255 255 255 255 254 149 227 255 216 212 255 186 214 255 255 255 255 255 255 186 248 255 146 0 55 242 197 255 255 250 170 255 255 255 255 209 255 255 219 255 255 255 255 212 255 255 198 255 255 66 0 110 255 255 255 255 255 255 255 196 243 201 255 255 255 184 250 255 255 255 255 255 165 161 255 183 0 0 62 255 255 255 255 168 249 246 255 255 246 231 255 255 191 255 255 255 155 171 255 255 255 197 95 29
112 255 188 255 255 255 211 255 255 255 255 255 255 255 188 253 255 255 246 184 255 255 181 249 218 41 0 159 255 255 255 255 255 255 255 255 255 255 224 255 255 219 230 255 255 184 255 255 222 231 237 114 0 0 51 193 255 255 255 255 255 184 255 255 219 219 255 199 216 255 255 255 255 255 255 196 222 241 125 4 55 238 194 255 255 254 173 255 255 255 255 205 255 255 198 255 255 255 255 255 255 255 184 255 255 51 0 95 255 255 255 255 255 255 238 203 247 191 255 255 255 184 254 255 255 255 255 255 165 158 255 190 0 0 64 255 255 255 255 171 188 195 255 255 242 223 255 255 191 255 255 255 152 174 255 255 255 211 119 42
110 255 185 255 255 255 204 255 255 255 255 255 255 255 227 255 255 255 234 191 255 255 181 255 255 121 0 145 255 255 255 255 255 255 255 255 255 255 223 255 255 230 230 255 255 195 255 255 229 220 194 111 0 0 77 218 255 255 255 255 255 255 255 255 255 255 255 223 227 255 255 255 255 255 255 189 204 211 108 1 58 234 184 255 255 255 173 255 255 255 255 205 255 255 198 255 255 255 255 255 255 255 184 255 255 53 0 97 255 255 255 255 255 250 253 221 251 191 255 255 255 181 254 255 255 255 255 255 165 158 255 187 0 0 64 255 255 255 255 198 143 174 255 255 242 223 255 255 195 255 255 255 149 174 255 255 255 211 163 52
77 255 185 255 255 255 190 255 255 255 255 255 255 255 255 255 255 255 223 188 255 255 188 253 255 182 7 159 255 218 167 145 157 178 250 255 255 255 246 255 255 223 234 255 255 205 255 255 223 237 190 119 0 0 85 217 255 255 255 250 255 255 255 255 255 255 255 198 194 255 255 255 255 255 255 200 252 255 122 1 58 234 180 255 255 254 173 255 255 255 255 216 255 255 216 255 255 234 178 249 255 255 192 255 255 51 0 92 255 255 255 255 255 254 255 217 243 201 255 255 255 184 255 255 255 255 255 255 165 161 255 170 0 0 62 255 255 255 255 223 152 205 255 255 250 227 255 255 198 255 255 255 158 177 255 255 255 191 176 46
52 255 188 255 255 255 183 255 255 255 255 255 255 242 249 255 255 255 184 181 255 255 188 249 255 215 4 155 255 186 146 164 158 155 230 255 255 255 250 255 255 216 242 255 255 205 255 255 219 255 237 127 0 0 107 196 250 255 255 234 255 255 255 255 255 255 255 194 188 255 255 255 190 253 255 196 241 248 111 2 55 238 190 255 255 250 170 255 255 255 255 246 249 255 227 255 255 216 134 191 255 255 189 255 255 52 0 92 255 255 255 255 255 246 255 196 232 223 255 255 255 188 255 255 255 255 255 255 165 164 255 157 0 0 60 255 255 255 255 242 219 255 255 255 250 227 255 255 195 255 255 255 171 171 255 255 255 197 179 52
54 255 188 255 255 241 187 255 255 255 255 255 227 205 242 255 255 238 143 181 255 255 181 255 255 223 0 139 255 177 149 161 210 164 236 255 255 255 255 255 255 205 249 255 255 198 255 255 216 255 255 133 0 0 164 191 246 255 255 238 255 255 255 255 255 255 255 208 194 255 255 255 200 255 255 189 241 255 114 1 55 242 201 255 255 246 166 255 255 255 255 255 208 223 227 255 255 246 149 184 255 255 173 255 255 48 0 87 255 255 255 255 255 250 255 186 232 246 255 255 255 181 250 255 255 255 255 249 165 167 255 157 0 0 60 255 255 255 255 253 255 255 255 255 246 219 255 250 188 255 255 255 177 158 248 255 255 201 163 52
53 255 205 255 255 239 194 255 255 255 255 219 255 255 246 255 255 209 137 191 255 255 184 254 255 198 24 111 255 255 234 198 231 181 242 255 255 255 255 255 255 205 255 255 255 201 255 255 221 255 255 202 0 0 136 208 246 255 255 208 249 255 255 255 255 255 255 216 223 255 255 255 174 255 255 189 241 255 136 0 59 223 219 255 255 255 173 255 255 255 255 255 255 255 253 255 255 255 195 181 255 255 194 255 255 49 0 42 255 255 255 255 255 238 255 198 223 250 255 255 255 178 248 255 255 255 238 251 163 163 255 165 0 0 87 255 255 255 223 168 255 255 255 255 246 227 255 242 188 255 255 255 147 175 246 255 255 194 173 46
38 229 184 246 255 239 194 255 255 255 255 209 255 255 242 253 255 242 178 238 255 255 181 255 255 216 31 90 255 255 255 255 255 216 255 255 255 255 255 255 255 198 255 255 254 188 255 255 255 255 255 188 0 0 119 206 250 255 255 194 246 255 255 255 255 255 255 238 238 255 255 255 168 255 255 189 253 255 154 0 55 219 211 255 255 255 176 255 255 255 255 255 255 255 227 255 255 255 219 188 255 255 191 253 255 39 0 37 255 255 255 255 255 234 255 212 212 255 255 255 255 185 255 255 255 255 227 251 169 163 255 161 0 0 80 255 255 255 188 161 255 255 255 255 246 227 255 246 184 255 255 255 153 175 242 255 255 208 167 59
33 218 191 255 255 247 191 255 255 255 255 198 255 255 230 246 255 255 255 255 255 255 184 255 255 216 27 83 255 255 255 255 253 198 255 255 255 255 255 255 255 205 255 255 250 178 255 255 255 255 255 167 0 0 113 173 246 255 255 181 242 255 255 255 255 255 255 255 254 255 255 255 164 255 255 183 249 255 184 0 55 216 204 255 255 255 190 255 255 255 255 255 255 255 181 255 255 255 223 191 255 255 178 255 233 33 0 37 255 255 255 255 255 234 255 238 194 255 255 255 255 185 255 255 255 255 219 255 163 172 255 161 0 0 58 255 255 255 165 184 255 255 255 255 249 227 255 255 178 255 255 255 153 167 248 255 255 204 119 39
33 207 191 255 255 247 191 255 255 255 255 188 255 255 223 234 255 255 255 255 255 255 188 255 255 198 22 122 255 255 255 255 246 191 255 255 255 255 255 255 255 198 255 255 249 181 255 255 255 255 255 197 0 0 180 218 239 255 255 171 246 255 255 255 255 255 231 231 255 255 255 191 147 255 255 190 236 255 203 0 57 212 197 255 255 255 207 255 255 255 255 255 255 255 174 238 255 255 250 194 255 255 188 249 211 32 0 38 255 255 255 255 255 234 255 255 174 255 255 255 255 185 252 255 255 250 216 255 166 166 255 158 0 0 59 255 255 255 161 230 255 255 255 255 246 227 255 255 174 255 255 255 150 167 255 255 255 197 81 17
44 214 201 255 255 243 191 255 255 255 255 188 255 255 216 230 255 255 255 219 255 255 191 255 255 204 23 170 255 255 255 255 255 216 255 255 255 254 250 255 255 198 253 255 246 184 255 255 255 255 255 194 0 0 110 183 231 255 255 171 249 255 255 255 255 246 249 242 253 255 255 152 176 255 255 195 222 255 214 0 59 208 187 255 255 255 229 255 255 255 255 255 255 255 181 238 255 255 255 201 255 255 201 234 215 30 0 38 255 255 255 255 255 234 255 255 168 246 255 255 255 188 244 255 255 250 216 255 169 155 255 168 0 0 124 255 255 255 168 255 255 255 255 255 246 227 255 255 174 255 255 255 160 180 255 255 255 208 83 28
35 193 205 255 255 247 184 255 255 255 255 191 255 255 212 230 255 255 255 181 255 255 195 255 255 187 22 186 255 255 255 255 255 184 208 255 255 246 238 255 255 194 253 255 253 191 255 255 255 255 255 201 0 0 64 193 231 255 255 178 253 255 255 255 242 255 255 255 249 255 253 161 179 255 255 223 245 255 145 0 68 212 197 255 255 255 255 255 255 255 255 255 255 255 174 238 255 255 255 255 255 253 205 255 233 35 0 37 255 255 255 255 255 227 255 255 178 246 255 255 255 198 248 255 255 246 212 255 169 167 255 156 0 0 78 255 255 255 188 255 255 253 255 255 246 227 255 255 171 255 255 255 160 197 248 255 255 212 99 37
17 163 198 255 255 251 184 255 255 255 255 195 255 255 212 242 255 255 255 198 255 255 195 255 255 163 16 176 255 255 255 255 243 157 149 238 255 255 242 255 255 168 234 255 255 181 255 255 255 255 255 251 10 0 108 224 239 255 255 178 249 255 255 255 234 242 255 249 249 255 255 208 255 255 255 214 233 255 142 0 66 212 208 255 255 255 255 255 255 255 255 255 255 255 174 255 255 255 255 255 255 255 219 255 226 37 0 35 255 255 255 255 255 219 255 255 201 250 255 255 255 209 252 255 255 246 216 255 162 174 255 159 0 0 78 255 255 255 238 255 255 198 238 255 246 230 255 255 168 255 255 255 156 215 241 255 255 204 107 33
44 200 230 255 255 251 187 255 255 255 255 198 255 255 216 249 255 255 255 212 255 255 191 255 255 92 0 113 255 255 255 255 255 192 171 253 255 242 238 255 255 161 230 255 234 140 230 255 255 255 255 255 15 1 205 226 246 255 255 178 242 255 255 255 212 242 255 249 219 255 255 255 255 255 255 219 237 255 136 0 57 194 204 255 255 255 255 255 231 255 255 216 250 255 178 255 255 255 255 255 255 255 216 194 194 30 0 37 255 255 255 255 255 208 255 255 223 255 255 255 255 209 255 255 255 246 219 255 172 151 255 162 0 9 164 255 255 255 255 255 255 168 227 255 246 230 255 255 165 255 255 246 166 233 237 255 255 194 118 35
64 255 213 255 255 249 182 255 255 255 255 223 255 255 198 219 255 255 255 195 255 255 194 255 255 73 0 111 168 240 255 255 255 219 205 255 255 242 246 255 255 171 219 255 219 133 186 255 255 255 255 213 0 0 215 218 246 255 255 178 249 255 255 255 219 234 255 253 208 255 255 255 244 255 255 219 239 255 148 0 5 106 237 255 255 255 255 195 174 255 255 174 246 255 158 255 255 255 255 255 255 234 212 255 249 35 0 29 255 255 255 255 255 201 255 255 234 254 255 255 255 212 249 255 255 249 215 255 173 154 255 136 0 15 166 255 255 255 255 255 255 158 253 255 253 234 255 255 174 253 255 216 167 255 237 255 255 216 111 35
37 227 201 255 255 255 187 255 255 255 255 255 255 255 212 227 255 255 255 201 255 255 198 255 255 78 0 111 168 186 255 255 255 242 205 255 255 250 250 255 255 168 230 255 219 166 232 255 255 255 237 255 11 0 151 237 246 255 255 178 246 255 255 255 219 238 255 253 205 255 255 255 208 255 255 223 235 255 177 0 0 103 237 255 255 255 255 209 158 234 255 184 249 255 155 255 255 255 255 255 255 246 208 255 255 37 0 33 255 255 255 255 255 198 253 255 234 254 255 255 255 215 249 255 255 249 215 255 169 160 255 139 0 0 61 255 255 255 255 238 255 161 246 255 242 230 255 255 171 242 255 216 187 255 255 255 255 234 95 37
16 142 199 255 255 255 207 255 255 255 255 255 255 255 201 227 255 255 255 209 255 255 208 255 255 86 0 98 164 151 255 255 255 246 168 212 255 246 238 255 255 161 238 255 216 189 251 255 255 255 183 255 33 0 113 233 250 255 255 174 246 255 255 255 216 238 255 249 208 255 255 255 187 255 255 223 233 255 209 6 0 95 233 255 255 255 255 255 219 242 255 178 234 246 165 255 255 255 246 255 255 255 205 255 255 30 0 35 255 255 255 255 255 194 253 255 231 254 255 255 255 212 245 255 255 245 215 255 169 173 255 142 0 0 80 255 255 255 255 246 255 201 253 255 234 227 255 255 165 234 255 227 183 255 255 255 255 242 67 16
21 130 230 255 255 255 194 255 255 255 255 255 255 255 194 246 255 255 255 223 255 255 223 255 255 82 0 85 173 160 255 255 255 255 174 201 255 250 242 255 255 168 253 255 230 182 217 243 255 255 173 233 43 0 154 219 246 255 255 174 249 255 255 255 219 238 255 242 216 255 255 255 197 255 255 219 237 255 223 13 2 117 244 255 255 255 255 255 255 255 255 181 246 255 234 255 255 255 209 255 255 255 205 255 255 24 0 37 255 255 255 255 255 198 255 255 231 250 255 255 255 208 245 255 255 245 215 255 169 193 255 133 0 0 95 255 255 255 255 255 255 253 255 255 242 230 255 255 165 238 255 246 158 198 255 255 255 255 85 16
24 138 255 255 255 255 180 255 255 255 255 255 255 255 184 255 255 255 255 246 255 255 227 255 255 64 0 87 186 180 255 195 242 255 255 246 255 250 246 255 255 171 255 255 255 169 176 243 255 255 186 232 43 0 222 215 242 255 255 174 249 255 255 255 255 255 255 230 227 255 255 255 208 255 255 217 240 255 227 11 18 125 244 255 255 255 255 255 255 255 255 184 246 255 253 253 255 255 178 255 255 255 205 255 255 37 0 38 255 255 255 255 255 205 255 255 234 246 255 255 255 205 241 255 255 249 215 255 173 197 255 136 0 0 97 255 255 255 255 255 210 255 255 255 246 230 255 255 168 242 255 238 155 177 255 255 255 255 106 21
17 141 255 255 255 255 187 255 255 255 255 255 255 250 178 255 255 250 255 255 255 255 223 255 255 35 0 76 173 177 255 181 165 255 255 255 255 242 250 255 255 165 255 255 255 163 154 255 255 255 174 250 39 0 218 215 238 255 255 178 249 255 255 255 255 255 255 219 230 255 255 255 204 255 255 217 244 255 230 16 4 111 229 255 255 255 245 235 255 255 255 205 253 255 253 234 255 255 168 255 255 255 205 255 255 64 0 37 255 255 255 255 255 208 249 255 238 246 255 255 255 201 234 255 255 249 215 255 189 190 255 146 0 43 255 255 255 255 255 255 176 245 255 255 246 227 255 255 171 238 255 219 152 177 255 255 255 255 165 75
26 157 246 255 255 255 194 255 255 255 255 255 255 255 198 255 255 201 255 255 255 255 227 255 231 22 0 58 155 170 255 242 181 250 255 255 255 250 254 255 255 165 255 255 255 166 160 255 255 255 164 242 73 0 193 212 234 255 255 181 249 255 255 255 255 255 255 208 230 255 255 255 210 255 255 213 248 255 236 15 4 137 241 255 255 255 171 165 255 255 255 201 246 255 212 216 255 255 165 255 255 255 208 255 255 96 0 33 255 255 255 255 255 208 230 255 238 250 255 255 255 198 226 255 255 253 215 255 207 197 255 143 0 72 255 255 255 255 255 255 189 208 255 255 246 227 255 255 168 234 255 227 155 184 255 255 255 255 131 64
33 158 234 255 255 255 214 255 242 254 255 255 255 255 212 255 255 195 255 255 255 255 234 255 241 24 0 54 158 164 255 255 255 212 250 255 255 246 234 255 255 181 255 255 255 179 176 255 255 255 177 235 148 0 204 222 238 255 255 184 249 255 255 255 255 255 255 201 234 255 255 255 228 255 255 210 251 255 236 12 21 181 255 255 255 255 155 175 255 255 255 205 246 255 168 181 255 255 168 255 255 255 216 255 255 126 0 31 255 255 255 255 255 205 212 255 238 254 255 255 255 198 222 255 255 253 215 255 196 204 255 146 0 1 161 255 255 255 255 255 199 171 255 255 249 230 255 255 165 234 255 253 155 187 255 255 255 255 85 35
42 241 254 255 255 255 255 255 221 191 255 255 255 255 216 255 255 195 255 255 255 255 234 255 239 26 0 71 165 149 255 255 245 149 184 255 255 234 220 255 255 181 255 255 255 168 177 255 255 255 167 249 124 0 120 234 250 255 255 181 238 255 255 255 255 255 255 219 234 255 234 255 254 255 255 231 255 255 208 16 17 219 255 255 255 200 185 243 255 255 255 198 253 255 178 181 255 255 171 255 255 255 201 255 255 130 0 13 184 255 255 255 255 212 234 255 230 253 255 255 255 198 184 255 255 249 208 255 201 199 255 168 7 0 129 255 255 255 255 196 160 168 255 255 250 223 255 255 168 231 255 255 171 255 255 255 255 255 149 33
29 190 254 255 255 255 255 255 228 194 255 255 255 255 231 255 255 201 255 255 255 255 255 255 239 23 0 83 178 174 255 255 182 203 255 255 255 254 242 255 255 184 255 255 255 161 184 255 255 255 173 255 105 0 182 253 255 255 255 198 250 255 255 255 255 255 255 212 242 255 223 255 255 255 255 254 255 255 170 5 10 234 255 255 255 193 243 255 255 255 255 205 255 255 191 178 255 255 181 255 255 255 205 255 255 164 0 13 165 255 255 255 255 209 238 255 234 253 255 255 255 201 198 255 255 245 208 255 194 203 255 150 4 20 205 255 255 255 255 199 166 174 255 255 246 219 255 255 168 238 255 250 195 255 255 255 255 255 128 15
19 145 246 255 255 255 255 255 228 194 255 255 255 255 246 255 255 209 255 255 255 255 255 255 249 21 0 82 178 208 255 255 216 255 255 255 255 250 238 255 255 191 255 255 254 152 194 255 255 255 167 222 151 0 217 255 255 255 255 216 255 255 242 255 255 255 255 223 255 255 223 255 255 255 255 255 255 255 151 0 13 237 255 255 255 218 255 255 255 255 255 205 249 255 212 184 255 255 191 255 255 255 212 255 255 180 0 16 151 213 255 255 255 205 246 255 234 253 255 255 255 201 219 255 255 241 208 255 201 203 255 123 0 12 191 254 255 255 255 203 151 155 242 255 246 219 255 255 165 254 255 254 198 255 255 255 255 255 149 31
24 139 255 255 255 255 255 255 224 194 255 255 255 255 254 255 255 209 255 238 255 255 250 255 237 18 0 82 204 255 255 255 255 255 255 255 255 234 242 255 255 201 255 255 242 140 208 255 255 255 183 245 145 0 213 253 255 255 255 246 255 255 205 255 255 255 255 231 255 255 208 253 255 255 255 255 255 255 154 1 6 211 255 255 255 255 255 255 255 255 255 212 255 255 242 194 255 255 188 255 255 255 216 255 197 87 0 15 151 180 239 255 255 201 249 255 230 253 255 255 255 198 227 255 255 245 208 255 205 196 255 147 0 2 165 255 255 255 255 234 178 191 255 255 250 223 255 255 165 255 255 255 202 255 255 255 255 255 137 35
17 142 255 255 255 255 255 255 224 194 255 255 255 255 255 255 255 205 255 223 255 255 230 255 249 19 0 53 191 255 255 255 255 255 255 255 255 246 250 255 255 205 255 255 227 137 222 255 255 255 180 255 30 0 213 255 255 255 255 255 255 255 194 255 255 255 255 250 255 255 208 255 255 255 255 255 255 255 151 2 0 185 255 255 255 255 255 255 255 255 255 231 255 255 255 208 255 255 188 255 255 255 212 216 184 82 0 25 155 141 201 255 255 201 253 255 223 255 255 255 255 194 219 255 255 249 208 255 222 196 255 159 8 0 100 255 255 255 255 255 255 255 255 255 242 227 255 255 168 255 255 255 198 255 255 255 255 255 95 12
31 183 255 255 255 255 255 255 228 201 255 255 255 255 255 255 255 201 255 216 255 255 219 255 241 26 0 23 135 207 255 255 242 178 216 255 255 246 238 255 255 205 255 255 220 146 237 255 255 255 167 222 33 0 199 255 255 255 255 255 255 255 191 255 255 255 255 255 255 255 216 255 255 253 255 255 255 255 145 4 0 183 255 218 194 216 197 245 255 255 255 234 255 255 255 219 255 255 195 255 255 255 208 194 161 92 0 24 174 134 209 255 255 209 255 255 227 255 255 255 255 194 216 255 255 253 198 255 237 206 255 156 16 0 80 255 255 255 255 255 255 255 255 255 242 234 255 255 174 255 255 250 198 255 255 255 255 255 90 14
52 245 255 255 255 255 255 255 224 201 255 255 255 255 255 255 255 198 255 205 255 255 212 255 226 28 0 21 136 160 228 255 243 144 182 255 255 250 223 255 255 201 255 255 220 161 249 255 255 255 176 208 151 1 199 255 255 255 255 255 255 255 188 255 255 255 255 255 255 255 212 255 255 219 255 255 255 255 151 4 0 192 245 148 146 158 138 171 255 255 255 238 255 255 249 223 255 255 195 255 255 255 227 230 171 92 0 37 246 197 217 255 255 219 255 255 234 255 255 255 255 198 219 255 255 255 187 255 241 202 255 153 17 0 71 255 255 255 255 246 198 255 255 255 255 255 255 255 181 255 255 255 212 255 255 255 255 255 109 24
24 215 255 255 255 255 255 255 217 198 255 255 255 255 255 255 255 198 255 198 255 255 201 255 255 33 0 16 173 183 243 255 230 146 164 199 255 255 231 255 255 198 255 255 220 177 255 255 255 255 173 187 157 0 236 255 255 255 255 255 255 255 188 255 255 255 255 255 255 255 219 255 240 212 255 225 255 255 161 0 0 202 219 140 158 179 167 199 255 255 255 255 255 255 242 216 255 255 188 255 255 249 249 255 253 90 0 31 255 255 219 255 255 227 255 255 242 255 255 255 255 205 223 255 255 253 181 255 230 189 255 162 19 0 71 255 255 255 255 230 191 255 255 255 255 255 255 255 181 255 255 255 198 255 255 255 255 255 122 26
22 166 255 255 255 255 255 255 228 203 231 209 255 255 255 255 255 201 255 191 255 255 178 255 255 48 0 60 255 255 255 255 255 166 139 139 214 251 236 255 255 208 212 255 234 198 255 255 255 255 184 192 172 0 255 255 255 255 255 255 255 255 171 255 255 255 255 255 255 255 205 255 248 215 255 206 255 255 154 2 0 188 255 223 197 201 181 214 255 255 255 239 255 255 238 221 255 255 188 242 255 242 250 255 255 120 0 31 255 255 242 255 255 227 255 255 250 255 255 255 255 194 223 255 255 255 181 255 231 192 255 144 6 0 69 255 255 255 255 205 205 255 255 255 255 255 255 255 178 255 255 255 201 255 255 255 255 255 104 20
20 166 255 255 255 255 255 255 214 182 250 235 255 255 255 255 255 209 255 194 249 255 178 255 255 52 0 95 255 255 255 255 255 230 205 171 208 238 249 255 255 191 194 255 255 255 255 255 255 255 174 224 153 1 255 255 255 255 255 255 255 255 165 255 216 255 255 255 255 255 227 255 244 219 255 195 255 255 154 3 0 146 255 255 255 255 238 225 255 255 255 255 255 255 238 214 255 255 184 250 255 255 255 255 255 115 0 33 255 255 254 255 255 223 255 255 242 255 255 255 255 198 223 255 255 254 178 255 255 201 255 141 0 0 68 255 255 255 255 212 223 255 255 255 255 255 255 255 174 255 255 255 169 255 255 255 255 255 94 16
19 163 255 255 255 255 255 255 243 198 255 255 255 255 246 255 255 201 255 201 230 249 171 255 255 44 0 73 223 255 255 255 255 255 255 255 255 255 255 255 255 181 198 255 255 255 255 255 255 255 164 224 172 1 255 255 255 255 255 255 255 255 165 255 174 255 255 255 255 255 227 249 240 223 255 179 255 255 154 3 0 134 255 255 255 255 205 225 255 255 255 255 255 255 230 221 255 255 184 255 255 255 255 255 255 120 0 35 255 221 255 255 255 223 255 255 234 255 255 255 255 198 227 255 255 254 178 255 255 191 255 167 0 0 66 255 255 255 255 230 201 255 255 255 255 255 255 255 178 255 255 255 173 255 255 255 255 255 95 12
17 166 255 255 255 255 255 255 221 188 255 255 255 255 227 255 255 198 255 216 223 242 165 255 255 51 0 54 223 255 255 255 255 255 255 255 255 255 255 255 255 174 201 255 255 255 250 250 255 255 175 202 224 18 255 255 255 255 255 255 255 255 165 255 249 255 255 255 255 255 231 255 236 223 255 166 255 255 151 3 0 172 255 255 255 255 181 255 255 255 255 255 255 255 219 221 255 255 191 255 255 255 255 255 255 126 0 33 255 207 255 255 255 223 255 255 231 250 255 255 255 198 227 255 255 254 178 255 255 192 255 170 0 0 62 255 255 255 255 255 171 255 255 255 255 255 255 255 181 255 255 255 170 255 255 255 255 255 145 35
17 166 255 255 255 255 255 255 224 201 255 255 255 255 189 247 255 205 255 230 227 246 168 255 255 55 0 27 226 255 255 255 255 255 255 255 255 255 255 255 255 161 191 255 255 255 227 246 255 255 184 177 152 39 255 255 255 255 255 255 255 255 165 255 255 255 255 230 255 255 201 255 240 223 255 159 255 255 148 3 0 165 255 255 255 255 234 255 255 255 255 231 255 255 208 210 255 255 195 255 255 255 255 255 255 141 0 31 255 200 255 255 255 223 255 255 231 234 255 255 255 198 227 255 255 255 181 255 255 202 255 154 0 0 75 255 255 255 255 255 168 255 255 255 255 255 255 255 178 255 255 255 166 255 255 255 255 255 187 45
17 166 255 255 255 227 240 255 219 201 255 255 255 255 173 245 255 209 255 230 223 242 165 255 255 75 0 36 255 255 255 255 255 255 255 255 255 250 255 255 255 158 198 255 255 255 219 255 255 255 177 184 31 45 255 255 255 255 255 255 255 255 168 255 255 255 255 192 247 255 212 255 251 219 255 159 241 255 148 2 0 185 255 255 255 255 177 190 227 255 255 216 255 255 201 217 255 255 195 255 255 255 255 255 255 175 0 35 255 179 255 255 255 227 255 255 234 219 255 255 255 198 227 255 255 255 184 255 255 198 255 170 0 0 86 255 255 255 253 255 173 255 255 255 254 250 255 255 181 255 255 255 176 255 255 255 255 255 151 24
15 163 255 255 255 198 221 255 227 205 255 255 255 239 171 226 255 205 255 234 227 238 152 253 255 78 0 71 255 255 255 255 255 255 255 255 255 242 255 255 255 165 208 255 255 250 219 255 255 255 178 218 0 30 255 255 255 255 255 231 255 255 168 255 255 255 255 181 234 255 223 255 255 219 255 159 226 255 148 2 0 172 255 255 255 255 164 142 198 255 255 231 255 255 201 210 255 255 174 227 255 255 255 255 255 217 0 35 247 163 255 255 255 234 255 255 246 216 255 255 255 198 223 255 255 255 188 255 255 195 255 193 13 0 121 255 255 242 184 239 166 255 255 255 255 254 255 255 184 255 255 255 169 255 255 255 254 255 102 13
14 160 255 255 255 185 211 255 227 198 255 255 255 228 177 226 255 209 255 253 242 246 146 238 255 73 0 81 255 255 255 255 255 255 255 255 255 238 250 255 255 168 198 255 255 255 238 255 255 255 170 233 0 9 255 255 255 255 254 205 255 255 165 255 255 255 243 177 230 255 216 255 255 215 255 159 215 255 151 3 0 117 255 255 255 255 245 160 255 255 255 227 255 255 205 186 255 255 149 178 255 255 255 255 255 232 0 33 240 166 255 255 255 238 255 255 250 212 255 255 255 198 223 255 255 255 191 255 255 194 255 196 46 22 244 255 209 149 137 239 163 255 255 255 254 242 255 255 178 255 255 255 171 255 255 247 250 255 72 14
11 185 255 255 255 205 236 255 221 203 255 254 255 227 189 228 255 205 255 255 255 239 151 245 255 78 0 78 255 255 255 255 255 255 255 255 255 216 253 216 235 155 191 255 255 255 255 255 255 255 181 220 0 0 255 255 255 255 223 181 255 255 158 255 255 255 246 189 214 255 230 253 255 255 255 162 205 255 154 5 0 89 185 255 255 255 255 213 255 255 255 238 255 255 194 188 255 255 137 187 255 255 255 255 255 226 0 35 216 154 248 255 255 223 255 255 255 195 255 255 255 212 250 255 255 255 194 255 255 194 255 216 46 55 255 243 151 163 163 214 168 255 255 255 242 223 255 255 174 255 255 255 181 255 255 255 249 255 96 8
36 250 255 237 255 255 254 255 224 196 255 227 255 234 189 224 255 205 255 255 255 239 151 237 255 80 0 76 255 255 255 255 255 255 255 255 255 188 242 238 215 168 216 255 255 255 255 255 255 255 177 206 0 0 255 255 255 255 253 201 255 255 161 255 253 255 255 189 221 255 212 255 255 255 255 162 212 255 151 1 0 107 162 242 255 255 249 195 198 255 255 234 255 255 205 198 255 255 171 222 255 255 255 214 255 219 0 35 227 154 221 255 255 227 255 255 255 191 255 255 255 212 250 255 255 255 194 255 255 235 255 195 37 49 255 234 157 151 148 184 163 255 255 255 242 223 255 255 174 255 255 255 171 255 255 249 242 255 72 10
43 250 255 218 238 255 231 255 232 196 242 209 255 246 192 228 255 201 255 242 255 239 154 237 255 83 0 84 255 255 255 255 220 255 255 255 255 188 249 255 191 155 198 255 255 255 255 255 255 255 187 199 0 0 230 255 255 246 255 238 255 255 165 253 181 255 255 183 232 255 216 255 255 245 255 156 212 255 145 0 8 122 144 238 255 255 255 192 165 255 255 227 255 255 212 212 255 255 187 208 246 255 255 186 226 208 0 35 246 154 193 255 255 227 255 255 255 191 255 255 255 212 250 255 255 255 194 255 255 220 255 209 35 49 255 253 173 154 155 171 160 255 255 255 246 227 255 255 181 255 255 255 174 255 255 237 239 255 51 11
29 227 255 240 235 255 255 255 232 196 242 205 255 246 192 232 255 212 255 223 234 236 157 245 255 78 0 80 216 255 255 242 202 255 255 255 255 184 255 255 230 157 178 255 255 255 255 255 255 255 187 202 0 0 148 255 255 212 255 255 255 255 165 238 174 255 255 179 232 255 216 255 232 219 250 162 219 255 167 15 9 122 161 255 251 228 255 255 219 255 254 223 255 255 205 219 255 255 187 168 205 255 255 189 201 204 0 30 253 148 173 255 255 227 255 255 255 191 255 255 255 212 250 255 255 255 194 255 255 226 255 205 33 47 255 255 179 151 155 155 158 255 255 255 246 227 255 255 188 255 255 255 194 255 255 237 243 253 43 11
52 255 240 207 246 255 255 255 221 192 249 212 255 234 186 224 255 242 255 219 227 224 157 249 255 43 0 84 227 255 255 255 191 255 255 255 255 191 246 255 255 173 166 255 255 250 255 255 255 255 191 217 0 0 167 255 242 219 255 255 255 255 165 249 201 255 255 196 221 255 234 255 240 226 255 159 212 255 174 24 0 122 177 255 217 163 255 255 255 255 255 231 255 255 184 230 255 255 201 155 216 255 255 192 197 204 0 26 255 145 179 255 255 223 255 255 255 195 255 255 255 212 250 255 255 255 194 255 255 255 255 199 31 4 213 255 200 157 154 143 164 251 255 255 246 227 255 255 195 250 255 255 208 255 255 245 228 230 45 13
55 255 190 167 255 255 255 255 228 196 255 227 255 238 196 228 255 255 255 223 230 210 154 241 246 23 0 87 255 255 255 255 202 255 255 255 255 201 249 255 255 165 163 255 214 174 227 255 255 255 177 224 0 0 255 253 178 227 255 255 255 255 158 249 205 255 255 218 218 255 255 255 244 226 250 153 208 255 158 8 0 131 161 245 252 187 222 255 255 255 255 238 255 255 171 246 255 255 212 155 230 255 255 196 201 208 0 26 255 145 200 255 255 223 255 255 255 195 255 255 255 212 250 255 255 255 194 255 255 255 255 203 26 2 206 255 202 162 166 173 214 255 255 255 246 227 255 255 201 246 255 255 203 255 255 248 210 208 45 14
50 255 213 190 255 211 220 255 251 199 255 238 255 253 214 232 255 255 255 227 246 206 151 241 255 47 0 48 255 255 255 255 255 255 255 255 255 191 246 255 255 161 169 255 184 169 253 255 255 255 194 235 0 0 253 249 155 253 253 219 255 255 158 246 205 255 255 225 214 255 255 255 232 223 254 159 219 255 154 0 5 129 155 237 255 255 204 248 255 255 255 234 255 255 178 255 255 255 212 152 227 255 255 196 204 208 0 34 255 148 229 255 255 227 255 255 255 191 255 255 255 212 250 255 255 255 194 255 255 255 255 182 13 44 255 255 255 255 255 255 255 255 255 255 246 227 255 255 205 242 255 255 199 255 255 241 212 211 47 14
23 231 243 218 255 188 166 255 255 192 253 231 255 255 221 224 255 255 255 227 255 206 154 241 255 81 0 24 255 255 255 255 255 255 255 255 255 201 238 255 255 165 176 255 174 182 255 255 255 255 212 243 0 0 145 255 198 255 205 143 255 255 165 246 198 255 255 218 214 255 255 255 229 223 250 153 212 255 154 1 1 121 170 237 255 253 161 167 254 255 255 219 255 255 194 255 255 255 215 161 227 255 255 196 204 208 0 41 255 154 248 255 255 227 255 255 255 191 255 255 255 212 250 255 255 255 194 255 255 255 255 175 10 19 255 255 255 255 255 255 255 246 255 255 246 227 255 255 209 238 255 255 206 255 255 229 226 226 47 13
21 195 255 255 255 239 208 255 255 192 255 223 255 255 212 222 255 255 255 254 255 206 157 239 255 82 0 42 250 255 255 255 255 255 255 255 255 194 255 255 255 151 169 230 181 205 255 255 255 255 201 250 0 0 136 255 255 255 255 205 230 255 169 247 205 255 255 235 198 255 255 255 246 241 246 151 222 255 148 1 1 124 164 253 255 194 219 250 255 255 255 223 255 255 205 242 255 255 191 181 246 255 255 201 193 255 0 41 255 160 247 255 255 230 255 255 255 194 255 255 255 205 254 255 255 255 201 255 255 255 255 184 13 38 255 255 255 255 255 255 255 234 255 255 242 227 255 255 212 246 255 255 196 255 255 255 213 255 45 14
47 255 255 255 255 255 255 244 254 189 255 223 255 255 219 215 255 255 255 255 255 210 154 236 255 84 0 50 255 255 255 255 254 255 255 255 255 184 238 255 255 160 163 227 194 250 255 255 255 255 215 246 0 0 133 255 255 255 255 255 246 255 176 236 201 255 255 255 212 255 255 255 255 255 255 148 215 255 151 1 2 131 216 255 255 246 255 255 255 255 255 238 255 255 209 223 255 255 164 174 255 255 255 205 190 255 5 25 255 160 247 255 255 234 255 255 255 194 255 255 255 208 254 255 255 255 194 255 255 255 255 209 23 17 255 255 255 255 255 255 255 255 255 255 246 227 255 255 201 242 255 255 199 255 255 250 213 255 60 11
54 255 255 255 255 255 255 225 255 192 239 219 255 255 230 219 255 255 255 255 255 210 151 239 255 82 0 48 255 255 255 255 210 243 236 221 255 205 246 255 255 163 163 230 201 255 255 255 255 255 222 247 0 0 133 255 255 255 255 255 230 255 186 247 208 255 255 255 216 255 255 255 255 255 255 145 212 255 158 1 0 122 255 255 255 255 255 255 255 255 255 234 255 255 212 212 255 255 143 173 255 255 255 198 193 255 5 26 255 169 255 255 255 219 242 255 249 194 255 255 255 208 254 255 255 255 194 255 255 255 255 201 27 3 191 255 255 255 255 255 255 255 255 255 246 223 255 255 191 234 255 255 203 255 255 246 210 255 78 9
37 255 255 255 255 255 255 239 255 189 228 242 255 255 230 219 255 255 255 255 255 206 154 239 255 82 0 33 255 255 255 255 201 152 143 140 236 216 246 255 253 157 169 246 191 255 255 255 255 255 237 255 0 0 131 255 255 255 255 255 216 255 196 239 219 255 255 255 208 255 255 255 255 255 255 148 215 255 148 1 2 121 255 255 255 255 249 247 255 255 255 223 255 255 205 216 255 255 140 189 255 255 255 198 197 255 3 94 220 171 255 255 255 216 242 255 242 191 255 255 255 208 250 255 255 255 194 255 255 255 255 181 19 1 184 255 255 255 255 255 255 255 255 255 250 223 255 255 181 231 255 254 206 255 255 246 210 255 93 9
19 223 255 255 255 255 255 232 255 179 210 255 255 255 230 198 255 255 255 238 255 206 157 236 255 89 0 24 242 255 255 255 255 194 143 168 255 223 255 255 255 151 169 255 201 255 255 255 255 255 255 255 14 0 134 255 255 255 255 255 212 255 221 186 234 255 255 255 208 255 255 255 255 237 254 154 215 255 133 1 4 117 187 205 255 255 155 173 255 255 255 227 255 255 198 219 255 255 143 206 255 255 255 203 187 255 4 221 184 164 255 255 255 230 255 255 246 188 255 255 255 216 250 255 255 255 194 255 255 255 255 163 0 0 156 255 255 255 209 255 255 255 255 255 250 219 255 255 174 231 255 254 203 255 255 250 210 255 95 12
14 177 255 255 255 255 255 224 255 199 182 255 255 255 238 191 255 255 255 209 246 206 157 236 255 99 0 27 246 255 255 255 255 255 142 196 255 208 255 255 255 151 166 255 238 255 255 255 255 255 255 255 45 0 161 255 255 255 255 255 194 255 255 163 234 255 255 255 216 255 255 255 234 215 242 154 219 255 127 5 0 126 173 198 255 255 155 168 201 255 255 227 255 255 198 212 255 255 147 210 255 255 255 199 167 255 0 255 182 178 255 255 255 230 255 255 242 184 255 255 255 227 250 255 255 255 191 255 255 255 255 175 0 0 130 255 255 255 205 250 255 255 255 255 246 212 255 255 171 231 255 254 196 255 255 246 206 255 93 15
17 160 255 255 255 255 255 228 255 247 169 255 255 255 234 198 255 255 255 195 246 206 154 251 255 97 0 33 255 255 255 255 255 255 184 246 255 212 246 255 249 160 163 255 255 255 255 255 255 255 255 255 68 0 195 255 255 255 255 255 194 255 255 189 230 255 255 255 208 255 255 255 227 212 246 154 215 255 122 0 7 182 237 249 255 255 164 148 149 208 230 227 255 255 205 191 255 255 179 238 255 255 255 192 161 255 7 255 186 185 255 255 255 216 255 255 234 181 255 255 255 234 246 255 255 255 198 255 255 255 255 192 19 0 142 255 255 255 238 238 255 255 255 255 242 205 255 255 174 231 255 250 179 255 255 231 199 255 93 15
12 166 255 255 255 255 255 199 255 255 182 255 255 255 219 194 255 255 255 191 249 203 154 255 250 89 0 35 255 255 255 255 255 231 255 255 255 198 205 255 219 166 166 255 255 255 255 255 255 255 255 255 76 0 205 255 255 255 255 255 219 253 255 217 222 255 255 255 194 239 255 255 234 222 254 154 212 255 108 0 12 219 255 255 255 255 230 186 146 184 227 234 255 255 208 168 255 255 236 255 255 255 255 196 167 255 48 253 180 165 255 255 255 223 255 255 234 181 255 255 255 230 242 255 255 255 205 255 255 255 255 153 0 0 113 255 255 255 238 205 255 255 255 255 238 201 255 255 178 227 255 246 169 255 255 219 192 255 95 14
19 144 255 255 255 255 255 190 255 255 214 255 255 255 225 189 255 255 255 191 248 218 163 251 240 104 0 26 248 255 244 232 255 255 255 255 255 190 197 255 225 157 170 250 231 254 255 255 255 255 222 254 35 0 202 255 255 255 255 255 197 248 255 218 233 255 255 251 200 227 255 255 231 212 255 152 211 255 85 0 17 160 255 255 255 255 255 255 237 229 247 254 255 255 203 160 255 255 255 255 255 255 255 191 164 255 46 255 158 179 255 255 255 211 255 255 229 195 255 255 255 229 240 255 255 255 193 255 255 255 255 154 0 0 73 255 255 255 255 163 229 255 255 255 242 202 255 255 165 227 255 238 174 255 255 220 183 255 90 15
25 212 255 255 255 255 255 185 255 255 211 248 255 255 229 186 255 255 255 188 248 221 163 255 236 94 0 35 240 255 211 163 176 203 236 255 255 193 197 255 244 160 166 254 171 238 255 255 255 255 230 255 24 0 199 255 255 255 255 255 205 254 255 216 214 255 255 251 196 220 255 255 220 209 255 159 204 255 83 0 4 154 255 255 255 255 255 255 255 255 255 255 255 255 200 160 255 255 255 250 231 255 255 195 164 255 33 254 162 183 255 255 255 211 255 255 229 202 255 255 255 229 233 255 255 255 207 255 255 255 255 161 4 0 78 255 255 255 255 163 189 255 255 255 231 195 255 255 165 227 255 235 174 255 255 220 183 255 90 15
42 255 255 255 255 255 253 185 255 255 207 248 255 255 225 189 254 255 255 185 248 225 157 248 248 101 0 56 255 255 255 206 148 157 160 220 255 193 211 255 248 166 163 255 156 238 255 255 255 255 255 221 3 0 154 255 255 255 255 255 191 242 255 212 211 255 255 255 186 205 255 255 229 208 255 159 201 255 121 1 0 157 255 255 255 255 255 255 255 255 255 255 255 255 193 160 255 255 255 223 212 255 255 191 158 255 14 235 160 179 255 255 255 214 254 255 229 209 255 255 255 225 222 255 255 255 225 248 255 255 255 161 2 0 85 255 248 255 255 170 163 218 255 255 220 188 255 255 168 227 255 235 174 255 255 216 183 255 88 15
73 255 255 255 255 255 253 189 235 242 211 252 255 255 218 189 235 255 255 181 248 232 157 244 236 99 0 61 244 255 255 236 166 154 136 210 255 202 214 255 236 170 173 255 202 254 255 255 250 255 255 192 0 0 51 179 227 255 255 255 191 235 255 212 214 255 255 251 183 202 255 255 222 201 255 173 208 255 127 5 0 167 255 255 255 254 243 255 255 255 255 248 255 255 186 160 254 255 255 216 205 255 255 188 158 255 4 228 160 179 255 255 252 222 255 255 214 205 255 255 255 227 220 255 255 255 235 235 255 255 255 176 0 0 75 242 240 255 255 186 157 196 255 255 212 181 255 255 168 223 255 231 174 255 255 212 180 255 85 14
73 174 214 255 255 255 247 187 227 238 207 248 255 255 214 189 216 255 255 181 248 244 163 248 233 106 0 77 255 255 255 224 183 166 142 207 255 202 211 252 236 160 193 255 238 235 255 255 255 254 255 254 24 0 36 157 159 212 255 255 205 242 255 209 218 255 255 244 183 212 255 255 222 198 255 182 205 252 122 2 0 167 255 252 255 255 247 255 255 255 240 237 255 255 179 155 255 255 255 212 209 255 255 195 167 255 2 236 167 189 255 255 244 233 255 255 200 195 255 255 255 227 223 255 255 255 235 212 255 251 255 190 0 0 62 236 240 255 255 200 151 173 255 255 212 181 255 255 168 220 255 227 174 255 255 212 180 255 83 14
32 88 164 212 246 255 241 180 250 246 200 237 255 255 214 183 227 255 255 181 232 244 160 232 233 96 0 74 255 255 244 210 166 160 151 200 255 195 209 255 255 151 203 255 223 205 255 255 255 255 226 223 26 0 95 203 154 196 255 255 200 240 255 210 233 252 255 240 183 216 255 255 225 198 250 182 204 255 139 11 0 167 255 252 255 255 255 255 255 255 225 222 254 255 173 155 255 255 255 235 231 255 255 185 169 255 2 228 167 200 255 255 240 244 255 255 183 188 248 255 254 223 227 255 255 255 223 198 255 255 255 173 0 0 74 225 240 255 255 207 148 163 246 255 212 178 254 255 171 223 254 223 171 255 255 209 180 255 80 14
13 93 164 157 229 255 241 180 254 250 200 233 255 255 210 179 238 255 255 181 218 240 163 225 248 81 0 63 233 255 252 224 145 154 163 203 255 209 202 242 255 163 186 254 212 216 255 248 251 255 208 160 26 0 119 255 200 207 255 251 183 225 255 207 244 252 255 236 179 212 252 252 207 194 255 195 208 244 134 2 0 160 255 252 255 246 251 247 246 254 212 204 231 229 163 158 242 250 238 255 255 255 255 185 166 254 0 217 161 211 255 248 244 248 255 248 170 188 248 255 250 220 231 254 254 255 212 195 236 255 255 160 0 0 74 207 233 255 255 214 166 186 246 255 209 175 246 255 178 231 254 223 171 255 255 205 177 255 78 14
24 160 210 139 229 249 245 181 235 242 204 237 248 254 203 179 235 250 246 178 210 244 179 236 218 49 0 48 186 234 255 247 181 166 163 179 255 216 209 250 251 183 163 238 223 254 242 240 251 251 218 157 57 0 58 255 225 210 255 248 179 229 255 200 237 244 255 232 176 216 255 255 210 201 254 186 191 237 140 8 0 148 254 248 246 235 247 239 246 255 212 198 220 214 157 162 242 242 212 250 255 246 255 202 172 255 0 213 164 225 255 245 244 248 250 240 163 191 252 252 246 216 231 242 250 255 209 195 255 240 248 180 0 0 42 204 225 250 251 221 193 229 255 248 202 171 242 255 185 235 254 220 171 255 255 205 177 255 76 12
21 167 255 201 226 241 223 200 240 240 203 244 244 255 207 179 232 251 240 179 210 229 176 225 208 43 0 32 181 255 241 239 225 200 170 151 221 225 200 244 237 204 161 229 248 245 248 233 244 245 225 150 67 0 57 253 193 221 251 229 183 231 238 209 205 250 246 231 181 202 250 246 207 188 245 217 189 244 127 8 0 121 255 242 243 176 255 236 242 246 212 196 232 207 148 157 244 244 236 248 241 241 252 201 164 236 0 211 167 242 248 248 245 248 242 255 176 188 237 245 242 223 202 221 255 248 210 196 230 243 247 177 6 0 39 200 235 250 242 227 238 254 250 238 202 168 242 220 188 220 238 223 187 248 249 203 180 255 73 14
11 127 255 201 215 249 227 200 236 232 196 232 240 251 203 176 229 244 240 183 207 229 183 221 222 57 0 37 184 244 241 232 232 236 193 154 200 207 200 232 248 204 164 215 226 226 233 237 247 241 237 179 65 0 66 226 176 210 251 232 183 227 242 216 191 242 242 227 178 202 250 242 200 178 233 217 196 244 127 6 0 127 241 234 232 157 237 239 238 242 202 186 236 232 170 163 236 248 240 245 237 237 241 194 171 236 0 207 164 234 240 241 237 241 231 247 173 185 233 241 231 220 205 225 244 221 189 193 234 247 236 168 9 0 39 214 227 235 235 231 235 238 238 246 202 171 242 220 198 231 238 220 184 241 245 199 177 255 71 12
27 161 233 194 220 233 223 190 229 229 193 221 232 244 200 173 225 232 236 186 203 229 189 214 237 70 0 18 149 201 237 234 207 236 193 154 196 214 221 225 252 222 207 237 229 229 226 237 221 218 237 213 72 0 100 233 154 193 240 229 179 220 238 220 175 235 238 220 175 202 246 235 204 178 226 221 203 237 125 4 8 144 241 231 227 163 230 241 231 242 202 183 236 244 176 157 207 203 176 183 204 226 241 207 174 236 0 200 164 223 237 229 233 229 220 239 169 185 229 233 235 223 212 225 240 214 189 196 227 243 249 155 0 0 45 191 223 231 235 235 235 227 231 250 202 175 235 212 209 238 227 209 184 233 237 200 174 255 69 9
58 249 197 177 243 215 223 183 225 225 190 211 233 240 200 173 221 225 236 193 196 225 196 203 222 74 0 15 139 187 233 229 211 237 190 164 211 218 214 186 164 170 214 237 237 248 233 233 207 222 237 232 74 0 108 219 139 176 229 218 173 212 227 209 164 233 237 218 176 204 240 229 207 178 222 221 210 226 130 9 3 162 252 227 223 196 241 222 216 231 205 186 232 232 170 151 200 186 154 180 229 237 229 190 181 234 1 193 164 212 233 229 226 222 210 232 170 183 226 226 235 227 209 218 240 229 200 193 216 221 255 158 0 0 101 194 222 229 229 229 229 222 222 237 193 170 218 200 210 240 221 207 182 226 234 200 174 255 67 7
56 245 177 158 228 211 223 193 222 225 190 200 229 237 200 173 218 225 233 193 193 222 200 200 215 80 0 16 136 180 226 221 225 237 197 183 225 214 204 176 157 173 225 222 222 229 186 157 176 215 218 224 72 0 116 226 145 176 221 214 173 212 223 202 160 229 237 214 176 200 237 222 200 171 215 221 214 222 145 20 0 167 245 216 220 222 245 211 212 216 195 186 229 225 170 160 210 186 157 200 248 237 218 190 184 230 1 183 166 205 233 229 226 215 203 228 170 183 222 222 222 226 204 204 229 233 200 183 231 210 232 143 0 3 119 167 214 225 225 218 222 225 222 225 189 166 207 186 203 236 218 210 186 222 230 200 174 252 67 9
31 170 180 152 189 218 210 190 218 222 190 193 225 229 200 176 214 222 229 190 190 218 204 197 222 92 0 28 143 183 219 218 222 225 207 200 229 211 211 211 200 204 229 214 225 229 190 145 183 229 225 224 69 0 113 219 157 183 221 214 176 212 220 198 164 229 229 214 180 200 229 218 200 175 215 217 217 215 148 19 8 170 233 218 221 222 230 222 227 220 188 179 225 225 170 160 193 176 163 204 229 214 222 211 184 223 0 173 166 194 233 225 222 209 197 225 166 180 217 219 218 226 207 204 222 222 197 183 220 221 228 143 0 0 100 194 211 225 225 218 225 229 225 225 193 166 207 183 193 232 225 218 189 219 223 200 171 249 66 9
26 157 190 152 177 222 192 183 211 222 190 183 222 222 197 176 207 222 222 183 190 218 207 204 211 108 0 71 188 214 215 206 222 218 225 211 222 207 204 222 218 207 225 211 214 197 180 151 176 211 218 224 61 0 121 222 166 186 225 214 170 205 216 198 160 222 222 211 183 200 225 218 207 178 211 213 221 208 139 5 22 186 229 215 215 211 208 216 212 216 191 179 214 221 170 154 176 179 189 225 229 211 214 193 187 219 0 167 166 184 225 218 215 206 193 225 163 173 213 215 218 211 194 197 222 218 193 180 209 225 230 137 0 0 73 182 214 222 222 222 218 211 211 222 193 163 210 183 179 218 221 218 192 215 219 197 167 245 64 9
35 197 190 146 190 226 192 186 207 218 186 180 218 214 197 176 200 218 218 180 190 222 207 207 207 113 0 87 194 218 207 213 211 204 225 207 218 211 197 214 197 197 218 211 197 154 157 151 186 200 218 217 44 0 105 187 163 186 221 207 160 191 209 195 160 218 214 207 183 200 222 218 200 171 204 210 225 208 133 0 28 200 233 207 193 197 188 191 171 202 198 179 207 218 173 154 183 183 186 211 204 207 225 193 189 216 0 160 162 174 222 211 211 202 190 221 160 170 206 211 218 187 161 183 225 214 183 173 212 207 216 131 0 0 102 185 207 207 211 214 204 180 180 204 189 160 210 179 170 203 214 210 196 211 216 193 164 241 64 9
41 176 205 152 197 209 193 183 197 208 180 180 211 208 187 174 203 213 206 182 192 213 206 206 221 89 0 92 182 216 206 206 215 218 213 210 210 206 199 199 219 204 196 203 198 161 146 158 182 203 218 170 0 0 87 179 158 197 218 197 180 203 213 192 166 203 214 203 189 189 210 210 201 164 199 221 199 217 121 0 49 221 201 207 199 189 151 154 149 177 184 187 215 204 171 158 180 190 183 204 221 210 206 199 182 225 2 144 153 184 215 211 213 186 176 211 184 177 196 210 201 195 149 177 211 201 197 164 197 203 216 127 0 0 73 187 200 210 207 207 212 152 168 208 189 163 201 180 158 199 206 203 202 203 228 184 174 239 57 8
7 117 189 167 200 205 197 177 191 201 171 174 205 205 188 178 193 204 204 176 176 197 200 211 201 55 0 87 188 194 190 195 203 200 197 199 199 199 193 186 194 194 200 211 200 168 157 171 194 207 204 175 8 0 90 181 161 200 221 193 173 190 200 180 176 203 203 189 179 186 203 199 198 180 201 194 191 214 105 0 59 224 207 217 207 200 174 167 151 180 180 176 197 193 164 151 196 186 193 210 193 190 209 199 198 204 0 155 176 180 201 201 207 196 189 204 160 164 198 203 207 194 151 177 214 196 189 164 200 207 208 125 0 0 62 200 189 199 199 195 202 153 167 207 180 160 200 186 166 200 204 199 206 203 197 176 168 216 62 4
17 108 183 169 180 186 195 181 190 197 170 174 200 200 187 177 206 206 199 175 185 206 199 199 207 51 0 89 178 171 197 217 183 173 183 195 195 195 190 167 196 200 200 197 194 177 172 181 201 200 191 164 29 0 73 181 167 186 197 183 176 194 197 171 169 200 203 196 193 196 207 196 189 186 200 191 197 222 104 0 45 190 192 204 190 194 180 164 166 192 186 179 196 192 169 159 197 180 167 194 215 194 184 194 209 185 0 168 206 184 197 197 203 172 172 201 171 170 190 190 215 194 146 174 218 201 186 158 194 192 189 134 0 0 51 183 189 200 200 196 196 160 169 210 190 167 193 176 160 190 195 195 200 199 183 178 173 212 87 14
11 93 176 173 196 199 189 168 189 196 170 170 193 193 179 170 179 189 196 176 173 189 193 203 204 62 0 99 165 155 193 193 164 155 172 199 199 199 186 157 183 191 189 193 200 198 188 189 198 192 197 160 49 0 59 171 177 191 201 189 182 196 196 169 177 197 194 183 177 180 197 194 207 179 187 185 184 208 103 0 32 179 196 201 191 202 186 175 187 204 186 173 190 186 160 151 189 196 203 189 176 193 214 196 192 143 0 144 204 186 203 199 207 186 193 207 160 164 192 206 184 195 168 178 190 177 177 161 184 201 198 125 0 0 90 184 190 201 201 194 190 164 170 204 172 158 187 183 174 192 193 193 197 191 182 174 171 217 103 29
20 103 176 163 186 193 187 182 189 195 172 172 189 189 182 172 200 194 190 174 174 190 190 187 170 43 0 88 175 174 197 167 158 146 164 187 190 197 186 157 189 192 186 183 186 186 187 201 187 189 196 173 49 0 105 186 170 185 202 193 180 183 187 177 165 188 194 191 184 184 194 188 190 166 186 200 197 218 97 0 32 188 206 188 189 196 187 191 188 194 174 171 194 191 164 161 174 190 190 187 200 186 173 193 215 104 0 109 191 183 193 186 184 174 177 188 165 184 193 183 192 193 169 172 185 192 185 150 170 191 199 117 0 13 143 179 180 191 191 188 181 171 168 194 183 168 181 178 171 186 187 197 199 176 186 161 163 207 84 16
19 93 171 168 193 190 177 184 181 191 174 178 191 191 188 181 179 186 200 193 186 196 193 193 166 24 0 47 151 182 200 173 174 162 167 180 184 194 194 178 183 188 189 189 180 158 154 176 189 197 177 179 41 0 157 170 194 187 186 193 196 203 197 170 181 198 194 194 187 187 198 191 182 173 196 195 190 204 87 0 68 203 207 183 180 181 184 196 203 200 179 179 199 186 162 169 190 180 193 200 196 189 183 196 189 57 0 76 179 189 196 202 207 176 173 200 182 176 177 218 192 179 167 172 178 202 206 161 170 183 222 138 0 0 82 185 186 193 193 193 189 198 187 205 183 171 181 184 185 191 190 201 207 186 206 186 186 199 62 3
1 35 100 116 119 87 57 42 110 121 116 116 121 121 121 116 126 126 118 70 35 45 87 138 110 12 0 0 29 35 36 29 30 27 25 26 28 32 32 32 32 45 82 138 172 160 158 177 197 165 92 67 2 0 121 148 148 116 91 84 81 75 51 29 68 62 43 34 32 37 47 45 33 33 33 27 31 47 16 0 3 41 35 33 28 24 31 34 34 34 30 39 53 47 43 61 99 35 43 49 57 165 193 59 107 28 0 20 47 38 29 34 33 27 31 39 26 27 56 145 189 179 187 169 116 107 136 122 159 99 79 51 0 0 14 63 31 35 35 37 34 45 34 39 26 30 45 60 67 60 49 51 28 31 44 57 68 65 14 0
0 0 0 0 0 0 0 0 0 0 0 0 0 0 0 0 0 0 0 0 0 0 0 0 0 0 0 0 0 0 0 0 0 0 0 0 0 0 0 0 0 0 0 5 17 2 0 0 0 0 0 0 0 0 0 0 0 0 0 0 0 0 0 0 0 0 0 0 0 0 0 0 0 0 0 0 0 0 0 0 0 0 0 0 0 0 0 0 0 0 0 0 0 0 0 0 0 0 0 0 0 0 0 0 0 0 0 0 0 0 0 0 0 0 0 0 0 5 8 25 11 0 0 0 0 0 0 0 0 0 0 0 0 0 0 0 0 0 0 0 0 0 0 0 0 0 0 0 0 0 0 0 0 0 0 0 0 0 0 0

