0 5 11 16 2 8 1 3 10 19 10 14 17 8 11 14 12 11 9 14 3 12 16 11 20 10 3 9 11 12 8 6 3 9 6 4 9 9 6 6 10 0 13 30 19 18 28 27 25 25 4 10 14 2 21 23 32 21 16 10 8 12 11 5 14 11 5 7 8 6 14 9 9 11 3 7 10 6 8 8 10 5 7 6 8 8 8 6 9 9 8 8 19 9 11 24 16 7 15 11 11 22 17 12 14 28 2 21 5 6 6 3 6 8 2 11 14 11 6 31 24 33 24 16 16 19 24 18 14 20 13 14 4 10 12 7 3 6 19 5 2 14 3 3 8 2 3 11 14 6 2 9 0 7 2 17 29 0 0 0
0 43 80 90 75 80 43 15 85 105 97 110 113 85 73 66 72 80 74 57 19 29 57 84 64 0 0 0 44 18 0 4 2 4 1 0 1 4 2 1 0 4 57 144 171 164 161 163 193 141 51 34 5 0 95 107 97 81 68 50 37 29 19 8 47 26 6 0 3 8 19 14 1 0 0 1 0 4 4 0 0 6 8 2 0 0 0 1 7 0 0 7 24 14 30 65 32 3 13 17 42 154 148 34 69 37 0 15 22 0 0 6 0 1 1 12 21 35 61 118 194 152 180 152 54 64 128 90 116 82 49 27 0 0 14 10 5 8 16 7 4 10 6 7 0 1 16 35 47 43 35 37 15 2 4 53 72 13 0 0
0 130 179 176 172 207 193 175 189 195 169 175 189 175 182 179 189 188 192 195 178 195 195 186 163 0 0 45 183 191 198 179 168 168 171 178 184 194 194 184 193 177 175 183 166 154 160 180 180 202 179 183 42 0 151 181 189 192 196 191 192 199 195 175 184 194 194 205 194 194 196 186 200 179 190 214 206 196 102 0 74 184 194 181 186 174 190 205 191 201 200 189 206 179 170 176 197 167 195 191 175 200 200 180 205 73 0 79 227 200 202 199 203 190 177 191 175 169 173 200 180 189 174 171 183 189 186 168 176 200 206 127 0 0 97 150 189 196 201 198 187 187 190 197 193 179 189 189 189 196 189 196 193 203 193 195 191 157 77 0
0 145 174 166 179 183 172 176 187 187 161 171 187 180 184 177 200 186 180 170 167 194 200 197 173 36 0 110 161 155 197 166 160 154 170 186 186 186 180 160 173 193 194 180 180 190 188 192 176 192 189 201 30 0 134 186 168 178 183 183 180 187 186 160 167 180 183 180 161 174 187 194 197 170 176 183 172 186 100 0 37 188 192 183 193 176 182 187 180 194 180 155 183 180 160 142 170 183 180 174 200 187 164 204 212 75 0 82 215 186 183 175 190 167 157 186 174 174 186 193 179 193 165 160 201 193 164 152 161 183 188 119 0 4 137 165 180 187 180 191 180 164 180 190 180 164 176 170 167 190 193 197 181 187 179 165 166 194 105 0
0 155 158 163 205 203 176 170 182 186 166 179 196 189 182 160 183 186 200 180 170 183 186 187 166 74 3 124 171 155 190 191 157 154 170 190 190 186 176 157 169 199 199 183 189 192 183 186 204 187 192 190 32 0 100 159 163 186 190 190 183 187 193 166 170 183 187 194 174 197 182 172 188 174 176 190 189 192 96 0 34 199 192 183 199 182 176 167 200 190 174 164 197 180 164 162 177 194 208 194 183 190 190 190 207 94 13 129 204 186 193 198 193 179 173 196 157 158 188 198 196 187 173 180 182 186 186 160 174 201 198 122 0 0 116 172 182 189 177 194 180 155 176 190 177 164 190 177 167 194 190 187 198 175 172 178 176 206 118 0
0 157 164 148 183 197 181 177 188 185 159 171 191 191 191 165 203 189 192 164 173 199 203 199 183 39 0 76 174 170 197 192 172 166 175 189 195 192 189 179 183 193 193 194 197 175 165 184 184 182 201 172 19 0 96 176 164 193 195 192 186 192 207 176 173 189 192 189 163 196 196 200 203 180 169 183 196 198 95 0 43 201 183 185 203 196 187 173 161 184 186 173 200 184 161 149 186 166 182 199 196 198 205 191 221 102 31 133 194 197 190 193 190 180 173 200 170 167 190 183 183 179 155 171 210 204 176 158 187 192 181 119 0 0 77 163 193 196 189 199 182 157 176 196 190 164 190 173 157 193 197 197 197 191 189 180 161 191 87 0
0 156 186 173 196 208 183 173 203 203 179 193 207 203 196 163 200 196 214 173 179 193 196 200 176 37 0 89 178 178 201 201 203 200 196 196 203 193 186 189 195 192 189 196 190 157 148 170 191 204 213 161 14 0 123 178 164 199 199 189 179 185 200 170 165 202 216 209 162 199 192 206 178 173 197 210 196 193 98 0 60 209 190 199 200 189 174 165 150 189 191 167 188 190 170 145 174 197 204 192 195 197 197 197 207 123 43 125 173 187 193 204 211 193 166 194 174 180 204 197 204 181 167 184 190 193 189 164 185 194 208 131 0 0 68 168 199 199 199 202 181 159 168 195 186 163 200 190 170 203 203 196 206 193 193 200 184 187 67 0
24 191 178 162 193 209 183 179 208 201 174 184 197 197 201 167 206 197 207 168 187 210 208 203 203 94 0 95 183 204 193 210 203 206 199 199 210 199 189 199 195 202 206 207 196 168 155 160 174 213 219 148 2 0 138 176 157 200 201 197 187 193 214 181 173 193 197 197 167 214 201 201 192 170 189 208 204 219 122 0 62 199 194 211 197 185 162 152 155 171 176 180 214 193 167 158 190 177 180 201 208 202 199 192 196 146 43 106 166 196 207 199 197 200 183 204 174 167 197 204 196 184 154 174 210 203 176 158 190 203 221 122 0 0 91 175 204 201 207 204 183 164 166 193 194 161 197 184 161 194 201 197 194 203 199 186 178 194 66 0
41 200 175 160 187 214 186 193 211 218 170 193 207 207 197 164 214 214 211 180 186 211 200 207 201 109 0 86 198 210 211 204 211 200 207 211 214 204 197 218 193 186 214 204 204 160 145 164 178 209 204 212 31 0 131 195 160 207 207 204 187 187 215 177 170 214 204 211 170 218 207 207 178 184 203 205 209 216 146 0 37 213 204 214 211 180 173 184 180 193 193 170 207 200 163 151 190 170 200 211 207 218 200 193 180 141 45 116 158 195 208 207 211 207 183 210 176 170 207 208 207 193 167 186 211 222 186 170 194 210 201 134 0 0 139 177 211 204 200 211 204 170 167 200 193 160 211 183 170 211 204 190 204 210 205 197 176 205 70 0
3 176 187 158 183 214 189 180 218 222 173 197 211 211 200 167 214 214 214 176 186 214 197 207 215 115 0 77 204 210 218 211 218 214 218 211 211 204 197 222 207 197 214 211 225 190 160 154 175 217 214 234 45 0 143 218 164 200 214 207 186 194 215 180 173 214 211 214 170 218 211 211 195 188 206 212 213 216 159 0 30 217 215 210 215 204 203 208 207 204 190 176 221 210 166 151 186 167 186 211 214 222 214 204 184 144 47 119 161 198 212 211 213 211 186 210 173 170 211 209 218 207 183 197 211 222 186 167 227 210 219 126 0 0 100 158 218 218 214 218 218 204 200 218 200 164 211 183 176 215 211 194 204 214 209 201 176 209 73 0
3 170 183 155 194 222 196 186 222 225 176 197 214 218 204 167 222 218 218 176 190 218 190 211 203 104 0 49 187 189 215 211 207 214 211 200 214 214 200 218 218 214 218 207 222 207 180 160 173 224 218 249 49 0 143 221 163 183 218 214 186 204 222 190 173 218 214 218 167 214 218 218 195 178 206 216 220 216 168 12 14 209 226 203 214 218 221 219 225 214 197 180 229 214 166 154 193 170 170 204 218 214 214 200 187 147 49 125 168 202 215 214 217 214 189 207 170 173 218 217 225 222 197 207 214 225 190 170 215 196 226 126 0 0 142 181 218 222 214 211 218 222 218 214 204 167 218 190 183 218 222 194 204 217 216 204 179 212 75 0
54 208 177 155 213 226 196 193 222 225 176 200 222 222 207 170 225 218 225 176 193 222 183 214 196 99 0 28 180 183 222 222 218 222 200 186 218 222 183 183 148 180 214 222 225 214 190 164 183 215 218 255 43 0 140 212 157 170 218 218 190 218 233 199 176 218 218 218 164 214 222 225 191 174 217 216 224 213 159 2 4 196 237 215 221 218 219 219 218 222 204 180 225 210 166 157 214 183 157 204 229 222 229 200 190 147 51 130 174 205 219 218 220 214 200 210 170 176 225 220 222 222 204 211 218 229 197 176 230 233 245 140 0 0 180 164 229 229 222 218 222 229 225 218 204 167 222 197 193 222 229 190 201 221 220 204 179 216 77 0
67 222 194 168 231 226 186 183 222 225 176 204 225 225 211 170 233 225 233 176 197 225 176 222 191 90 0 17 180 183 226 225 225 229 193 170 218 225 183 190 154 183 214 233 229 225 214 200 197 211 229 255 46 0 142 214 157 173 225 218 190 222 237 200 180 222 222 222 160 211 225 233 202 184 232 209 217 213 146 0 1 174 241 229 228 212 219 228 211 225 207 176 229 221 173 157 207 183 148 186 225 225 233 197 190 147 51 133 177 209 219 222 220 222 210 218 170 183 229 224 218 218 204 218 218 229 200 176 218 237 237 131 0 0 150 170 229 226 222 222 222 218 218 222 200 164 225 204 204 222 233 183 197 221 223 204 179 220 77 0
9 190 218 184 239 233 194 180 218 226 183 211 229 226 207 167 237 226 237 177 200 229 167 222 195 76 0 17 201 190 226 222 214 232 189 160 210 225 200 240 229 215 197 218 218 229 233 233 215 219 237 255 44 0 121 207 163 196 232 221 193 222 240 193 183 222 226 222 161 211 226 233 205 184 235 198 213 220 156 0 0 149 233 233 217 195 223 240 225 233 207 180 240 236 176 157 211 200 167 187 218 226 226 183 187 144 53 139 184 212 223 229 226 222 223 223 168 188 233 230 226 215 204 222 218 222 194 173 237 231 241 127 0 0 72 176 229 218 222 229 222 218 222 229 204 167 233 207 207 218 237 183 194 224 227 208 183 220 80 0
0 180 241 187 243 241 208 183 226 237 194 222 237 229 204 164 245 229 245 177 204 233 164 226 203 55 0 29 249 222 237 237 221 240 189 157 207 218 196 248 237 190 164 218 233 237 229 229 229 238 225 211 39 0 93 211 169 225 244 221 200 222 244 193 197 233 233 229 164 215 233 241 202 178 232 191 209 220 162 0 0 131 237 236 208 184 223 240 240 237 204 186 248 225 170 163 226 241 222 218 233 241 233 190 190 147 55 142 191 220 230 236 237 229 231 223 165 191 237 234 237 218 207 233 226 226 197 177 248 229 248 157 0 0 55 186 245 233 233 241 233 233 241 241 207 170 240 211 211 215 245 187 194 228 235 211 183 227 82 0
3 208 248 184 239 237 205 183 229 245 204 233 241 229 204 164 248 233 248 177 207 237 164 229 189 30 0 32 255 233 233 240 214 229 173 151 218 225 193 244 255 190 151 222 241 241 233 237 237 249 207 167 35 0 83 237 169 239 244 221 207 225 255 197 204 237 237 233 167 218 241 245 202 174 235 195 206 209 152 0 0 133 255 255 212 188 230 232 244 237 207 193 244 203 154 173 204 241 245 226 226 241 229 190 190 147 55 148 198 223 234 240 241 237 235 223 165 191 241 241 241 218 211 241 233 229 200 187 248 233 252 198 0 0 73 170 245 233 229 229 226 233 237 222 214 176 244 211 211 211 248 190 194 232 238 215 186 231 84 0
11 212 192 176 209 246 213 194 237 254 188 223 242 248 200 166 254 238 254 181 210 240 157 232 193 38 0 27 213 242 246 244 176 166 151 176 236 221 200 255 255 183 160 244 220 246 252 237 253 240 226 182 26 0 102 248 196 229 255 221 203 236 244 203 222 244 242 240 160 231 237 248 210 162 255 184 197 222 157 0 0 152 255 239 250 218 244 243 254 238 220 186 232 186 166 179 227 242 198 235 242 235 242 198 184 157 53 145 215 216 245 243 246 246 250 223 165 195 255 238 251 207 242 233 248 250 207 186 253 235 255 156 0 0 70 177 245 248 252 200 190 244 248 237 221 189 244 244 207 218 251 200 190 238 249 217 183 252 84 0
0 137 155 157 201 255 220 180 237 255 195 231 254 255 210 176 255 246 254 178 210 240 163 248 217 82 0 51 255 238 246 221 157 157 163 207 255 229 189 251 232 176 183 236 202 231 252 248 245 255 205 180 28 0 138 255 214 221 255 240 203 236 255 218 222 248 246 244 163 235 244 255 203 174 255 180 207 229 156 0 0 149 255 239 254 240 252 247 242 246 227 179 225 189 166 173 220 254 238 246 255 246 246 198 187 160 55 148 208 209 245 247 250 238 250 238 171 181 250 246 248 196 242 240 252 255 214 186 255 255 255 141 0 0 99 171 249 245 255 200 160 200 237 253 221 186 248 244 196 218 255 200 190 238 253 220 186 252 84 0
0 126 161 204 242 255 210 187 244 255 202 238 255 255 210 170 255 238 246 175 210 232 160 244 206 119 0 73 255 242 255 208 166 154 157 203 255 218 193 255 221 163 210 251 212 227 248 255 251 255 225 230 45 0 125 200 166 189 251 251 200 236 255 200 222 252 254 251 166 238 252 255 206 202 255 184 215 234 155 0 0 152 255 243 255 255 255 255 250 255 235 185 240 218 176 173 231 255 255 216 254 254 250 198 191 163 57 151 201 195 245 255 254 223 254 255 181 175 246 255 255 189 246 252 252 255 218 183 255 255 255 142 0 0 126 177 255 246 255 203 139 176 235 255 225 186 255 244 179 214 255 203 190 241 255 224 186 255 87 0
47 166 198 252 255 255 205 200 225 254 191 235 255 255 218 179 250 238 250 181 225 229 157 240 210 130 0 71 255 246 255 216 170 154 157 210 255 214 188 255 232 148 218 255 242 246 248 255 247 255 255 255 49 0 90 151 156 202 255 255 205 250 255 191 222 255 255 255 166 238 255 255 206 202 255 176 204 234 152 0 0 155 255 255 255 255 245 255 255 255 238 202 255 251 183 173 250 255 255 185 246 255 250 191 187 163 59 154 191 181 249 255 255 216 255 255 195 181 254 255 255 186 254 255 252 255 221 183 255 255 255 171 0 0 109 168 255 254 255 200 139 186 250 255 232 186 255 244 166 218 255 207 190 249 255 228 189 255 89 0
75 233 255 255 254 255 219 196 229 255 188 238 255 255 221 176 255 254 255 191 240 229 163 251 210 111 0 51 255 255 255 230 166 154 160 214 255 216 191 255 236 145 207 251 216 250 255 255 255 255 255 207 11 0 78 151 216 254 255 250 205 231 255 205 225 255 255 255 163 235 255 255 210 194 255 179 204 253 157 0 0 158 255 255 255 250 238 255 255 255 250 227 255 254 176 166 250 255 255 191 246 255 254 185 184 160 59 157 184 171 253 255 255 209 255 255 202 195 255 255 255 186 255 255 255 255 225 196 255 255 255 184 0 0 101 182 255 255 255 186 142 210 255 255 236 186 255 244 160 218 255 210 190 253 255 231 193 255 92 0
61 255 255 255 255 255 219 201 255 255 202 250 255 255 218 166 255 255 255 188 244 218 163 255 224 113 0 58 255 255 255 212 151 151 163 214 255 216 198 255 225 154 193 218 165 246 255 255 255 255 255 191 8 0 163 255 255 255 255 250 205 209 246 212 229 255 255 255 166 238 255 255 217 194 255 177 207 253 136 0 0 167 255 255 255 254 249 255 255 255 255 255 255 254 178 171 246 255 255 209 231 255 254 191 184 160 59 164 181 165 255 255 255 202 255 255 209 202 255 255 255 186 255 255 255 255 232 218 255 255 255 171 0 0 113 228 255 255 255 170 151 229 255 255 240 189 255 248 160 225 255 214 193 255 255 235 196 255 94 0
12 223 255 255 255 255 219 208 255 255 198 250 255 255 232 173 255 255 255 185 244 207 157 248 213 119 0 45 255 255 196 158 163 189 218 254 255 223 198 255 228 160 176 232 159 254 255 255 255 255 255 224 23 0 196 255 255 255 255 255 209 227 255 212 233 255 255 255 170 246 255 255 211 195 249 161 205 237 88 0 0 194 255 255 255 255 255 255 255 255 255 255 255 255 198 171 254 255 255 238 231 255 255 195 187 163 63 170 181 165 255 255 255 195 255 255 209 195 255 255 255 189 255 255 255 255 232 232 255 255 255 167 0 0 103 255 255 255 247 166 179 255 255 255 240 189 255 248 166 229 255 218 193 255 255 239 196 255 94 0
0 235 255 255 255 255 237 197 255 255 198 250 255 255 229 166 255 255 255 195 255 210 154 244 217 130 0 33 255 255 217 197 255 255 255 255 255 220 205 255 244 157 163 255 195 255 255 255 255 255 229 255 57 0 206 255 255 255 255 252 190 244 255 200 233 255 255 255 173 254 255 255 215 205 255 161 227 252 71 0 2 219 255 255 255 255 255 255 255 240 252 244 255 255 212 162 255 255 255 255 255 255 255 185 194 166 68 176 184 165 255 255 255 191 255 255 209 185 255 255 255 196 255 255 255 255 229 232 255 255 255 171 0 0 87 255 255 255 239 176 217 255 255 255 240 189 255 251 173 232 255 218 193 255 255 243 196 255 97 0
0 233 255 255 255 255 240 204 255 255 199 255 255 255 223 177 255 255 255 195 249 199 147 239 232 122 0 43 255 255 255 255 254 250 255 255 255 205 205 255 237 154 166 255 255 255 255 255 255 255 255 255 49 0 210 255 255 255 255 255 216 255 255 214 239 255 255 255 171 249 255 255 215 219 255 154 229 238 120 0 15 255 255 255 255 255 241 198 166 168 255 191 255 255 230 169 254 255 237 255 255 255 255 187 194 188 56 170 205 161 255 255 255 198 255 255 219 178 255 255 255 195 255 255 255 255 195 246 255 255 255 171 0 0 159 255 255 255 242 201 255 255 255 255 246 194 255 249 171 227 255 219 197 255 255 246 201 255 95 0
0 239 255 255 255 255 244 197 255 228 182 255 255 255 230 177 255 255 255 209 255 196 147 251 243 122 0 45 255 255 255 255 255 234 223 254 255 223 212 255 245 157 166 255 255 255 255 255 255 255 255 255 51 0 221 255 255 255 255 255 216 255 255 192 231 255 255 255 168 249 255 255 222 205 239 157 230 255 143 0 0 241 255 247 255 254 174 140 154 184 255 191 255 255 216 176 255 253 181 255 255 255 255 194 181 168 39 158 200 174 255 255 255 195 255 255 212 178 255 255 255 198 255 255 255 255 191 242 255 255 255 215 1 0 214 255 255 255 250 242 255 255 255 255 249 194 255 255 171 223 255 219 194 255 255 249 197 255 100 0
0 243 255 255 255 255 253 215 255 196 176 255 255 255 230 177 255 255 255 219 255 189 147 255 255 125 0 43 255 255 255 255 255 221 169 205 255 227 208 255 245 157 169 255 242 255 255 255 255 255 255 255 45 0 210 255 255 255 255 255 216 255 255 157 242 255 255 255 168 255 255 255 236 208 238 160 219 255 149 0 0 180 177 199 255 255 174 155 206 246 255 191 255 255 212 203 255 242 158 228 255 255 255 201 191 174 35 142 195 171 255 255 255 201 255 255 231 191 255 255 255 201 255 255 255 255 184 246 255 255 255 197 0 0 165 255 255 255 212 234 255 255 255 255 255 194 255 255 174 223 255 219 200 255 255 255 197 255 103 0
0 254 255 255 255 255 255 255 255 199 196 255 255 255 230 181 255 255 255 231 255 192 154 251 255 116 0 41 255 255 255 255 255 196 142 169 255 238 223 255 237 154 176 255 201 255 255 255 255 255 255 236 31 0 189 255 255 255 255 255 223 255 236 139 255 255 255 255 168 255 255 255 229 223 241 166 223 255 171 3 3 153 161 211 255 254 152 137 255 255 255 191 255 255 219 219 255 253 171 214 255 255 255 194 208 212 31 125 202 168 255 255 255 201 255 255 246 205 255 255 255 201 255 255 255 255 188 255 255 255 255 164 0 0 170 255 255 255 216 231 255 255 255 255 255 194 255 255 181 223 255 223 215 255 255 255 201 255 100 0
0 255 255 255 255 255 253 255 255 224 210 255 255 255 234 181 255 255 255 255 255 192 151 251 255 100 0 45 255 255 255 255 186 169 144 157 243 242 242 255 237 151 166 255 184 255 255 255 255 255 255 165 21 0 185 255 255 255 255 255 238 255 228 173 250 255 255 255 168 255 255 255 255 255 245 155 215 255 159 9 0 175 241 255 255 255 232 231 255 255 255 195 255 255 223 205 255 249 171 189 255 255 255 184 211 234 16 92 224 173 255 255 255 191 255 255 234 212 255 255 255 201 255 255 255 255 191 255 255 255 255 163 8 0 196 255 255 255 255 255 255 255 255 255 255 198 255 255 191 227 255 234 233 255 255 255 208 255 88 0
50 255 255 255 255 255 255 255 246 243 206 242 255 255 246 177 255 255 255 255 255 189 144 255 253 83 0 49 255 255 255 255 199 221 217 201 253 242 246 255 249 151 151 242 188 255 255 255 255 255 250 138 15 0 189 255 255 255 255 255 255 255 224 210 216 255 255 255 165 255 255 255 255 255 238 146 208 255 164 16 0 204 255 255 255 255 255 255 255 255 255 198 255 255 223 198 255 249 161 166 255 255 255 191 211 238 0 68 238 177 255 255 255 195 255 255 242 216 255 255 255 195 255 255 255 255 195 255 255 255 255 200 21 0 255 255 255 255 255 255 255 255 255 255 255 205 255 255 201 227 255 242 241 255 255 253 208 255 71 0
61 255 255 255 255 255 255 255 231 239 203 249 255 255 246 181 255 255 255 255 255 186 151 255 255 76 0 54 255 255 255 255 255 255 255 255 255 250 246 255 253 157 147 223 181 255 255 255 255 255 243 147 12 0 186 255 255 255 255 255 255 246 221 221 220 255 255 255 168 255 255 255 255 255 249 161 204 255 164 12 0 187 228 255 255 255 255 255 255 255 255 202 255 255 219 212 255 255 174 151 255 255 255 198 215 242 0 65 246 167 255 255 255 205 255 255 254 216 255 255 255 184 255 255 255 255 195 255 255 255 255 200 21 7 255 255 255 255 255 255 255 255 255 255 255 219 255 255 212 227 255 246 241 255 255 249 208 255 56 0
0 255 255 255 255 255 215 255 223 232 206 255 255 239 238 184 255 255 255 250 255 182 160 251 255 76 0 52 255 255 255 255 255 255 255 255 255 239 235 255 249 163 154 216 171 227 255 255 255 255 239 161 11 0 186 255 255 255 255 223 255 255 224 214 250 255 255 255 174 255 255 255 231 244 227 161 187 255 167 12 2 164 172 255 255 197 223 255 255 255 255 205 255 255 212 223 255 255 198 139 255 255 255 191 211 242 2 74 242 158 255 255 255 205 255 255 238 209 255 255 255 181 255 255 255 255 188 255 255 255 255 183 24 53 255 255 255 255 255 255 255 238 255 255 255 227 255 255 219 227 255 246 237 255 255 249 208 254 47 0
0 243 255 218 255 181 180 255 232 228 212 255 255 223 247 203 255 255 255 223 255 210 147 253 255 66 0 47 255 255 255 255 255 255 255 255 255 246 246 255 255 164 164 255 176 174 255 255 255 255 226 140 14 0 162 255 203 255 216 155 255 255 214 226 242 255 231 255 165 255 255 255 211 218 255 158 204 255 158 16 3 161 163 242 255 222 149 155 255 255 255 194 255 255 219 234 255 255 187 149 255 255 255 189 212 225 0 71 240 158 255 255 255 201 255 255 246 209 255 255 255 178 255 255 255 255 191 255 255 255 255 177 0 24 255 255 255 255 255 255 255 246 255 255 255 238 255 255 223 219 255 246 244 255 255 255 208 205 47 0
55 255 218 207 255 201 211 255 228 232 205 255 255 208 251 210 255 255 255 205 249 228 160 253 255 44 0 47 255 255 255 255 255 255 255 255 255 246 246 255 237 164 191 255 178 161 255 255 255 255 237 131 8 0 232 249 166 255 249 212 255 253 199 219 250 255 230 255 168 255 255 255 229 211 238 152 207 255 155 2 5 180 157 238 255 248 201 223 255 255 255 201 255 255 208 238 255 255 198 155 253 255 255 196 212 185 0 69 240 171 247 255 255 201 255 255 246 209 255 255 255 174 255 255 255 255 195 255 255 255 255 185 23 42 255 255 255 255 255 255 255 255 255 255 255 234 255 255 223 223 255 242 240 255 255 255 190 201 51 0
75 255 174 170 255 255 255 255 224 236 201 254 255 198 247 206 255 255 255 198 238 232 157 249 255 6 0 70 255 255 255 241 254 255 255 255 255 246 242 255 249 161 192 255 191 165 238 255 255 255 226 129 8 8 244 226 165 255 255 255 255 242 196 222 242 255 230 255 168 255 255 255 229 200 234 155 207 255 145 0 0 180 170 252 255 186 241 255 255 255 255 201 255 255 198 238 255 255 198 152 249 255 255 186 226 172 0 71 228 171 210 255 255 201 255 255 246 209 255 255 255 174 255 255 255 255 195 255 255 255 255 182 33 11 255 255 209 192 182 205 228 255 255 255 255 227 255 255 223 227 255 242 240 255 255 255 180 205 56 0
31 231 226 193 255 255 255 255 214 232 198 254 255 198 243 196 255 255 255 205 246 228 147 255 255 16 0 59 241 255 255 207 205 255 255 255 255 242 242 255 255 166 192 255 253 246 255 255 255 255 195 131 17 0 172 255 219 238 255 255 255 242 199 230 227 255 230 255 166 255 255 255 237 207 242 155 193 255 171 11 0 167 181 255 218 139 255 255 255 255 255 198 255 255 194 223 255 255 181 146 227 255 255 182 226 182 0 76 214 158 176 255 255 201 255 255 246 209 255 255 255 171 255 255 255 255 198 255 255 255 255 188 29 11 233 255 166 151 148 149 158 247 255 255 255 223 255 255 223 230 255 242 240 255 255 255 194 212 51 0
10 188 255 244 249 255 255 255 206 221 198 246 255 212 243 199 255 227 255 205 246 224 151 255 255 70 0 43 230 255 255 222 216 255 255 255 255 242 250 255 236 154 196 255 255 255 255 255 255 255 185 137 17 0 147 255 255 212 255 255 255 246 192 228 212 255 238 251 166 255 242 254 226 204 253 167 197 255 174 19 5 164 174 255 244 204 255 255 246 255 255 198 255 255 194 212 255 255 168 184 208 255 255 203 208 182 0 76 210 161 169 255 255 201 255 255 246 209 255 255 255 171 250 255 255 255 198 255 255 255 255 185 35 80 255 255 173 158 165 152 146 255 255 255 255 223 255 255 216 230 255 242 233 255 255 255 219 222 43 0
37 228 255 248 234 255 253 255 203 214 201 242 255 223 243 217 255 231 255 216 249 221 154 253 255 75 0 66 253 255 255 239 255 255 255 255 255 246 246 255 179 144 217 255 255 255 255 255 255 255 195 137 8 3 203 255 255 219 255 250 255 250 188 239 223 255 239 251 173 255 242 250 255 233 255 171 204 255 158 10 0 164 168 240 255 255 255 198 188 255 255 198 255 255 198 208 255 255 174 255 234 255 255 221 215 179 0 73 210 164 186 255 255 201 255 255 246 209 255 255 255 171 246 255 255 255 198 255 255 241 255 188 36 113 255 255 158 149 168 162 151 255 255 255 255 223 255 255 208 227 255 246 218 255 255 254 237 245 45 0
24 255 255 255 255 255 255 255 199 214 227 250 255 230 228 217 255 234 255 253 255 217 154 249 255 62 0 87 253 255 255 255 255 255 255 255 255 246 242 250 182 160 238 255 255 255 255 255 255 255 202 137 4 24 255 255 255 255 255 209 255 250 191 255 255 255 239 243 173 255 249 246 255 255 255 158 200 255 161 17 0 140 171 239 255 255 255 194 198 255 255 194 255 255 198 201 255 242 177 241 255 255 255 236 255 175 0 73 203 161 217 255 255 201 255 255 246 209 255 255 255 171 250 255 255 255 198 255 255 246 255 194 53 94 255 255 151 151 181 176 160 255 255 255 255 227 255 255 201 227 255 246 211 255 255 255 241 255 64 0
0 252 255 255 255 218 215 255 199 217 253 255 255 230 210 210 255 219 255 255 255 217 154 255 255 77 0 90 255 255 255 255 255 255 255 255 255 238 242 250 203 157 216 255 255 255 255 255 255 255 195 134 7 29 255 255 255 255 220 168 255 246 191 255 255 255 232 232 166 255 246 238 255 248 255 161 214 255 155 11 0 112 171 255 255 255 255 230 250 255 255 188 255 255 194 194 255 255 161 161 255 255 255 255 255 175 0 78 193 155 255 255 255 201 255 255 246 209 255 255 255 174 250 255 255 255 198 255 255 243 255 184 73 92 255 226 145 154 193 189 163 255 255 255 255 230 255 255 194 223 255 249 214 255 255 255 245 255 88 0
0 246 255 255 255 191 218 255 208 201 255 255 255 219 224 217 255 227 255 230 255 228 154 251 255 70 0 94 255 255 255 255 255 255 255 255 255 255 234 255 238 149 219 255 255 255 216 255 255 255 197 143 5 29 246 255 255 255 254 162 255 242 194 255 255 255 230 224 160 255 254 242 241 215 244 167 214 255 165 17 0 125 255 255 255 255 237 180 255 255 255 198 255 255 194 196 255 255 144 157 255 255 255 255 255 161 0 71 211 173 255 255 255 201 255 255 238 216 255 255 255 168 254 255 255 255 198 255 255 236 255 207 37 90 213 255 178 146 174 210 182 255 255 255 255 223 255 255 205 254 255 255 206 255 255 255 255 255 102 0
0 250 255 255 255 208 214 255 198 201 255 255 255 223 214 210 255 227 255 212 255 221 154 255 255 73 0 71 255 255 255 255 255 255 255 255 255 255 246 255 253 152 216 255 255 255 198 255 255 255 202 122 3 53 255 255 255 255 255 205 255 234 191 255 255 255 238 243 179 255 250 254 255 226 255 167 232 255 162 5 1 198 255 255 255 255 180 137 230 255 255 202 255 255 191 196 255 255 192 224 255 255 255 255 255 174 0 74 215 183 255 255 255 194 255 255 234 219 255 255 255 168 254 255 255 255 198 255 255 232 255 178 5 37 142 255 255 208 191 199 179 255 255 255 255 231 255 255 205 250 255 250 221 255 255 255 255 255 128 0
0 254 255 255 255 241 218 255 192 208 255 255 255 227 216 217 255 223 255 198 238 221 157 255 255 64 0 49 255 255 255 255 231 255 255 255 255 255 250 255 255 155 219 255 255 255 191 255 255 255 202 136 28 80 255 255 255 255 255 255 255 234 191 255 255 255 234 253 206 255 242 254 255 230 255 161 252 255 158 0 0 249 255 255 255 255 177 167 230 255 255 195 255 255 198 210 255 255 206 255 255 255 255 255 255 155 0 74 233 193 255 255 255 188 255 255 231 223 255 255 255 168 254 255 255 255 198 255 255 222 255 161 0 13 116 255 255 255 255 239 192 255 255 255 255 234 255 255 209 254 255 254 207 255 255 255 255 255 173 0
0 246 255 255 255 255 248 255 196 212 255 255 255 231 238 234 255 223 255 198 238 232 160 255 255 49 0 35 255 255 255 255 255 255 255 255 255 255 255 255 255 161 227 255 255 255 201 255 255 255 191 198 91 87 255 255 255 255 255 255 255 246 194 255 255 255 250 255 238 255 242 249 233 222 255 158 255 255 158 0 0 237 255 255 255 255 226 255 255 255 255 220 255 255 212 217 255 255 199 255 255 255 255 255 255 122 0 74 255 203 255 255 255 184 255 255 234 227 255 255 255 168 254 255 255 255 201 255 246 222 255 149 0 0 98 255 255 255 255 255 212 255 255 255 255 250 255 255 209 255 255 254 204 255 255 255 255 255 175 0
0 239 255 255 255 255 255 255 205 214 255 255 255 250 255 255 255 223 255 198 246 243 173 255 255 36 0 34 250 255 255 255 255 255 255 255 255 255 255 255 255 171 223 255 255 255 231 255 255 255 173 245 148 71 247 255 255 255 255 255 255 255 191 242 255 255 255 255 255 255 238 246 222 218 255 171 255 255 164 0 5 207 255 255 255 255 177 255 255 255 255 255 255 255 219 206 255 255 203 255 255 255 255 255 255 108 0 76 255 217 255 255 255 184 255 255 242 227 255 255 255 171 254 255 255 255 198 255 238 233 255 142 0 0 101 255 255 255 255 255 219 255 255 255 255 255 255 255 205 250 255 250 180 255 255 255 255 255 146 0
0 235 255 255 255 255 255 255 201 214 255 255 255 255 255 255 255 230 255 191 246 251 192 255 255 34 0 55 255 255 255 255 255 255 255 255 250 255 255 255 255 181 212 255 255 255 255 255 255 255 159 241 145 53 250 255 255 255 255 255 255 255 188 230 219 255 255 255 255 255 238 255 226 219 255 201 255 255 164 0 0 154 255 255 255 255 173 255 255 255 255 255 255 255 219 210 255 255 182 255 255 255 255 255 255 105 0 74 255 217 255 255 255 191 255 255 254 238 255 255 255 171 254 255 255 255 198 255 226 231 255 142 0 0 117 255 255 255 255 234 212 255 255 255 255 255 255 255 205 254 255 250 198 255 255 255 255 255 95 0
0 246 255 255 255 255 255 255 201 219 238 255 255 255 255 255 255 238 255 181 246 251 210 255 255 34 0 61 255 255 255 255 255 255 230 208 212 255 212 255 255 188 208 255 255 255 255 255 255 255 162 234 116 41 254 255 255 255 255 255 255 249 184 249 227 255 255 255 255 255 239 255 228 216 255 233 255 255 163 0 0 178 255 255 255 255 207 255 255 255 255 255 255 255 216 221 255 255 160 255 255 255 254 255 255 92 0 71 255 217 255 255 255 194 255 255 255 254 255 255 255 171 254 255 255 255 195 255 232 212 255 145 0 0 106 255 255 255 255 227 208 255 255 255 255 255 255 255 205 255 255 254 212 255 255 255 255 255 93 0
0 255 255 255 255 255 255 255 201 222 206 223 255 255 255 255 255 238 255 181 249 255 217 255 255 30 0 38 255 255 255 255 243 166 133 144 217 255 196 255 255 194 216 255 250 209 255 255 255 247 171 245 102 37 250 255 255 255 255 255 255 246 188 255 255 255 255 255 255 255 236 255 224 205 255 248 255 255 160 0 0 194 255 248 205 238 183 215 255 255 255 231 255 255 212 210 255 255 166 255 255 255 231 255 255 83 0 79 255 225 255 255 255 198 255 255 255 255 255 255 255 171 254 255 255 255 195 255 239 191 255 148 0 0 104 255 255 255 255 212 208 255 255 255 255 255 255 255 205 254 255 242 230 255 255 255 255 255 104 0
0 250 255 255 255 255 255 255 199 212 255 242 255 255 255 255 255 227 255 171 253 238 234 255 255 29 0 24 221 201 255 255 208 158 155 208 247 255 214 255 255 184 238 255 191 168 255 255 255 255 148 228 105 5 224 250 255 255 255 255 255 255 186 255 255 255 255 255 255 255 249 253 235 217 255 246 255 255 155 0 2 219 226 127 160 184 174 204 255 255 255 234 255 255 227 212 255 255 181 255 255 255 212 255 255 67 0 74 255 245 255 255 255 194 255 255 255 254 255 255 255 174 249 255 255 255 171 255 202 200 255 195 0 0 112 255 255 255 255 208 191 255 255 255 255 255 255 255 212 250 255 254 246 255 255 255 255 255 148 0
21 255 255 255 255 255 255 255 199 216 255 255 255 255 255 255 255 230 255 188 253 238 246 255 255 35 0 21 168 155 223 255 224 151 169 255 255 255 212 255 255 184 242 255 194 165 255 255 255 255 167 255 119 5 216 250 255 255 255 255 255 250 186 255 255 255 255 255 255 255 249 255 239 213 255 255 255 255 167 0 0 233 244 138 143 142 144 201 255 255 255 227 255 255 230 212 255 255 188 255 255 255 184 255 171 54 0 78 255 190 237 255 255 194 255 255 250 246 255 255 255 174 249 255 255 255 174 255 216 200 255 191 0 0 104 255 255 255 255 227 208 255 255 255 255 255 255 255 216 254 255 250 250 255 255 255 255 255 139 0
8 255 255 255 255 255 255 255 203 216 255 255 255 255 255 255 255 227 255 216 255 246 255 255 255 35 0 25 171 201 246 255 212 171 208 255 255 255 198 255 255 184 242 255 201 158 246 255 255 255 157 189 55 0 220 242 255 255 255 255 255 246 178 255 255 255 255 255 255 255 246 253 255 236 255 255 255 255 167 0 0 237 255 197 192 181 190 245 255 255 255 216 255 255 242 212 255 255 191 255 255 255 168 231 171 60 0 54 183 142 213 255 255 194 255 255 242 242 255 255 255 171 253 255 255 255 177 255 209 200 255 198 0 0 98 255 255 255 255 255 255 255 255 255 246 255 255 255 216 254 255 246 242 255 255 255 255 255 108 0
0 246 255 255 255 255 255 255 217 216 255 255 255 246 255 255 255 223 255 223 249 255 255 255 255 32 0 47 212 255 255 255 255 255 255 255 255 255 216 255 255 188 242 255 212 152 219 255 255 255 164 179 39 0 231 246 255 255 255 255 255 249 181 255 255 255 255 255 255 255 238 246 255 255 255 255 255 255 161 0 0 237 255 255 255 255 255 255 255 255 255 201 255 255 246 212 255 255 195 255 255 255 171 250 177 60 0 44 164 145 216 255 255 194 255 255 238 234 255 255 255 171 255 255 255 253 177 255 201 207 255 195 0 0 156 255 255 255 255 255 255 255 255 255 227 255 255 255 209 250 255 238 216 255 255 255 255 255 105 0
0 250 244 255 255 255 255 255 228 219 255 255 255 231 255 255 255 231 255 227 246 255 255 255 255 32 0 75 208 255 255 255 255 255 255 255 255 255 198 255 255 194 249 255 223 152 198 255 255 248 180 255 95 1 224 242 255 255 255 255 255 242 181 255 255 255 255 255 255 255 238 238 255 255 255 242 255 255 158 0 2 244 255 255 255 255 255 255 255 255 255 191 255 255 230 201 255 255 198 255 255 255 181 255 204 87 0 42 148 166 246 255 255 198 255 255 238 231 255 255 255 171 255 255 255 253 177 255 207 214 255 161 0 0 225 255 255 255 255 238 174 188 255 255 223 255 255 255 195 242 255 227 205 255 255 255 255 255 148 0
0 255 233 255 255 255 255 255 228 223 255 255 255 227 255 255 255 231 255 255 255 255 255 255 255 33 0 80 177 240 255 244 249 255 255 255 255 255 202 255 255 201 253 255 238 158 181 255 255 248 176 255 108 0 224 231 255 255 255 234 255 255 223 255 255 255 255 255 246 255 242 242 255 255 255 235 255 255 161 0 16 255 255 255 255 233 255 255 255 255 255 191 255 255 212 188 255 255 201 255 255 255 181 255 255 151 0 35 142 210 255 255 255 198 255 255 231 223 255 255 255 171 255 255 255 253 181 255 200 211 255 149 0 0 255 253 255 255 255 221 133 146 255 255 231 255 255 255 178 234 255 223 227 255 255 255 255 255 171 0
0 255 222 255 255 255 255 255 224 223 255 255 255 227 255 255 255 227 255 255 255 255 255 255 255 31 0 64 171 197 255 255 188 234 255 255 255 255 216 255 255 208 255 255 253 168 168 255 255 255 173 255 85 0 224 223 255 255 255 210 255 255 255 255 255 255 255 254 223 255 249 249 255 255 255 238 255 255 180 0 10 255 255 255 255 214 240 255 255 255 255 198 255 255 201 184 255 255 195 255 255 255 174 255 255 153 0 33 170 255 255 255 255 194 255 255 223 216 255 255 255 168 255 255 255 255 191 255 183 207 255 180 1 12 239 255 255 255 255 206 144 152 255 255 234 255 255 255 168 231 255 223 223 255 255 255 255 255 161 0
26 255 204 255 255 255 255 255 217 219 255 255 255 220 255 234 255 227 255 255 255 255 255 255 255 31 0 53 168 167 255 255 214 163 174 255 255 255 219 255 255 212 255 255 255 174 165 255 255 255 167 255 97 0 181 195 255 255 255 203 251 255 255 255 255 255 255 250 209 255 255 255 255 255 255 238 255 255 211 0 14 255 255 255 255 200 175 255 255 255 255 201 255 255 201 191 255 255 181 255 255 255 171 255 255 126 0 31 175 255 255 255 255 194 255 255 216 209 255 255 255 168 253 255 255 255 194 255 186 218 255 191 0 8 165 255 255 255 255 203 157 155 255 255 234 255 255 255 165 234 255 223 185 255 255 255 255 255 158 0
2 255 207 255 255 255 228 255 250 250 255 255 255 231 255 236 255 219 255 255 255 255 212 255 255 34 0 53 171 176 255 255 242 205 223 255 255 255 223 255 255 201 255 255 255 168 165 255 255 255 174 255 116 5 222 212 255 255 255 212 249 255 255 255 255 255 255 231 188 255 255 255 255 237 255 215 255 255 255 0 14 255 218 255 255 249 173 181 255 255 255 198 255 255 191 194 255 242 191 255 255 255 165 255 255 114 0 65 255 255 255 255 255 194 242 255 209 219 255 255 255 168 250 255 255 250 191 255 205 180 255 164 0 5 134 255 255 255 255 255 184 184 255 255 227 255 255 255 171 230 255 223 151 215 255 255 255 255 111 0
0 238 197 255 255 255 204 255 255 255 255 255 255 223 255 247 255 216 255 255 255 255 205 255 255 38 0 55 168 197 255 243 188 255 255 255 255 255 205 255 249 208 255 255 255 158 155 255 255 255 194 250 66 0 229 191 255 255 255 205 246 255 255 255 255 255 255 227 191 255 255 255 249 255 255 187 255 255 255 0 9 203 229 255 255 255 167 158 255 255 255 194 255 255 201 208 255 238 191 255 255 255 174 255 255 93 0 74 255 255 255 255 255 198 255 255 219 223 255 255 255 168 250 255 255 250 191 255 188 187 255 134 0 92 255 255 255 255 255 255 178 216 255 255 227 255 255 255 174 230 255 216 145 208 255 255 255 255 128 0
0 246 197 255 255 255 196 255 255 255 255 255 255 234 247 247 255 254 255 255 255 255 201 255 255 44 0 71 164 211 255 184 165 255 255 255 255 255 198 255 230 194 255 255 255 158 171 255 255 255 201 247 43 0 233 181 255 255 255 194 242 255 255 255 255 255 255 234 195 255 255 255 230 255 255 171 255 255 255 0 17 141 233 255 255 255 225 219 255 255 255 194 255 255 212 230 255 246 181 255 255 255 184 255 255 58 0 77 255 255 255 255 255 201 255 255 223 219 255 255 255 168 250 255 255 254 191 255 202 182 255 146 0 48 255 255 255 255 255 255 171 242 255 255 230 255 255 255 174 230 255 212 148 201 255 255 255 255 194 0
0 255 197 255 255 255 206 255 255 255 255 255 255 250 232 236 255 255 255 242 255 255 205 255 255 64 0 95 167 190 255 185 246 255 255 255 255 255 209 255 255 188 249 255 255 155 184 255 255 255 203 240 47 0 249 191 255 255 255 191 238 255 255 255 238 255 255 250 195 255 255 255 233 255 255 174 255 255 255 0 33 132 241 255 255 255 255 255 255 255 255 188 246 255 223 255 255 254 184 255 255 255 174 255 255 41 0 81 255 255 255 255 255 194 255 255 212 212 255 255 255 168 254 255 255 254 191 255 196 166 255 154 0 0 145 255 255 255 255 255 212 254 255 255 230 255 255 255 174 230 255 216 151 198 255 255 255 255 174 0
0 255 187 255 255 255 210 255 255 255 255 255 255 255 224 217 255 255 255 242 255 255 205 255 255 66 0 105 167 176 255 255 255 255 174 238 255 255 216 255 255 178 242 255 227 161 223 255 255 255 207 218 36 0 222 184 255 255 255 188 238 255 255 255 181 246 255 255 198 255 255 255 233 253 255 184 255 255 250 0 14 133 233 255 255 255 255 255 255 255 255 188 238 255 219 255 255 255 205 255 255 255 168 255 255 34 0 79 255 255 255 255 255 191 255 255 216 219 255 255 255 168 254 255 255 254 191 255 168 179 255 144 0 0 133 255 255 255 255 255 255 238 255 255 227 255 255 255 171 227 255 227 163 208 255 255 255 218 105 0
0 238 183 255 255 253 204 255 255 255 255 255 255 255 214 206 255 255 255 242 255 255 205 255 255 64 0 100 161 176 255 255 253 255 158 227 255 255 212 255 253 161 246 255 205 191 255 255 255 255 214 231 30 0 164 177 255 255 255 188 242 255 255 255 181 250 255 255 201 255 255 255 211 253 255 181 255 255 220 0 0 139 222 255 255 255 255 255 223 255 255 194 253 255 188 255 255 255 242 255 255 255 168 255 253 30 0 72 255 255 255 255 255 191 255 255 234 234 255 255 255 168 254 255 255 254 191 255 178 185 255 147 0 0 110 255 255 255 255 255 255 188 255 255 227 255 255 255 171 230 255 227 196 249 255 255 255 218 90 0
7 251 185 255 255 255 196 255 255 255 255 255 255 255 203 203 255 255 255 242 255 255 201 255 255 68 0 108 163 193 255 255 255 255 205 255 255 255 209 255 255 165 255 255 201 181 242 255 255 255 255 251 28 0 180 194 255 255 255 184 246 255 255 255 191 255 255 255 205 255 255 255 211 255 255 177 255 255 158 0 0 161 222 255 255 255 255 200 162 254 255 191 255 255 171 238 255 255 255 255 255 255 165 255 245 35 0 77 255 255 255 255 255 198 255 255 246 238 255 255 255 165 254 255 255 254 195 255 181 171 255 147 0 0 87 255 255 255 255 255 223 152 255 255 230 255 255 255 174 230 255 208 210 255 255 255 255 229 105 0
55 255 175 255 255 255 189 255 255 255 255 235 255 255 189 214 255 255 250 246 255 255 195 255 255 59 0 121 172 226 255 255 255 219 223 255 255 255 216 255 255 161 249 255 205 149 188 255 255 255 255 206 2 0 245 187 255 255 255 184 242 255 255 255 178 254 255 255 205 255 255 255 245 255 255 184 255 255 101 0 0 154 209 255 255 255 255 180 165 255 255 174 246 255 184 255 255 255 255 255 227 255 178 255 222 34 0 72 255 255 255 255 255 201 255 255 238 234 255 255 255 165 254 255 255 255 195 255 168 177 255 141 0 25 150 255 255 255 255 255 205 152 255 255 230 255 255 255 178 234 255 191 176 255 255 255 255 248 131 0
48 253 175 255 255 249 180 255 255 255 255 198 255 255 223 205 255 255 250 238 255 255 194 255 255 57 0 139 235 255 255 255 255 186 169 255 255 255 209 255 255 182 238 255 216 161 219 255 255 255 255 255 34 0 241 191 255 255 255 184 246 255 255 255 188 246 255 255 227 255 255 255 255 255 255 180 255 255 75 0 32 230 187 255 255 255 255 255 223 255 255 209 254 255 199 255 255 255 255 255 255 255 168 255 189 30 0 77 255 255 255 255 255 205 255 255 238 234 255 255 255 171 255 255 255 238 198 255 161 186 255 145 0 0 225 255 255 255 255 255 255 147 255 255 227 255 255 253 174 253 255 223 187 188 248 255 255 225 125 0
0 197 185 255 255 245 176 255 255 255 255 198 255 255 234 223 255 255 254 227 255 255 184 255 255 141 1 187 255 255 255 255 224 160 154 255 255 255 205 255 255 182 238 255 238 212 255 255 255 255 255 255 31 0 191 181 246 255 255 194 246 255 255 255 188 254 255 255 242 255 255 234 255 255 255 180 255 255 80 0 53 249 190 255 255 255 255 255 255 255 255 255 255 255 203 255 255 255 255 255 255 255 152 250 196 32 0 74 255 255 255 255 255 194 255 255 216 234 255 255 255 171 255 255 255 246 198 255 155 193 255 136 0 0 126 255 255 255 255 255 255 171 255 255 227 255 255 255 181 253 255 238 183 190 255 255 255 221 117 0
0 218 188 255 255 245 186 255 255 255 255 198 255 255 242 238 255 255 254 219 255 255 168 255 255 163 10 208 255 255 255 255 251 199 199 255 255 255 209 255 255 181 238 255 227 227 255 255 255 255 255 220 10 0 129 170 239 255 255 194 249 255 255 255 188 255 255 255 255 255 255 158 215 255 255 183 255 255 105 0 62 242 180 255 255 255 255 255 255 255 255 255 255 255 192 249 255 255 255 231 255 255 168 255 196 30 0 72 255 255 255 255 255 188 255 255 191 242 255 255 255 174 255 255 255 254 198 255 161 186 255 139 0 0 112 255 255 255 209 255 255 234 255 255 227 255 255 255 191 253 255 255 167 170 255 255 255 210 103 0
19 226 178 255 255 249 180 255 255 255 255 201 255 255 230 242 255 255 255 242 255 255 158 255 255 174 29 177 255 255 255 255 255 239 255 255 255 255 231 255 255 198 255 255 231 219 255 255 255 255 255 220 7 0 133 160 255 255 255 188 253 255 255 255 212 255 238 255 255 255 255 137 176 255 255 183 255 255 157 0 57 238 184 255 255 255 248 255 255 255 255 255 255 255 192 245 255 255 255 195 255 255 168 255 189 28 0 74 255 255 255 255 255 188 255 255 174 254 255 255 255 168 255 255 255 254 191 255 171 176 255 148 0 0 153 255 255 255 174 246 255 255 255 255 227 255 255 255 191 253 255 255 180 167 255 255 255 203 98 0
14 222 182 255 255 241 173 255 255 255 255 201 255 255 223 246 255 255 255 255 255 255 165 255 255 167 22 111 255 255 255 255 236 194 255 255 255 255 255 255 255 212 255 255 255 216 255 255 255 255 255 195 6 0 160 173 255 255 255 184 253 255 255 255 255 255 205 238 255 255 255 184 167 255 255 185 253 255 211 0 53 246 190 255 255 255 237 255 255 255 255 255 255 255 179 245 255 255 255 184 255 255 165 253 186 26 0 77 255 255 255 255 255 191 255 249 161 255 255 255 255 161 255 255 255 254 191 255 166 180 255 133 0 0 81 255 255 255 165 230 255 255 255 255 227 255 255 255 184 255 255 255 179 146 255 255 255 179 85 0
20 233 182 255 255 249 183 255 255 255 255 201 255 255 223 255 255 255 255 255 255 255 165 255 255 161 22 103 243 255 255 255 253 174 255 255 255 255 255 255 255 208 246 255 255 209 255 255 255 255 255 188 17 0 127 176 255 255 255 198 246 255 255 255 255 255 255 255 255 255 255 250 180 255 255 181 244 255 218 0 55 255 190 255 255 255 225 255 255 255 254 255 255 255 179 245 255 255 219 181 255 255 168 255 196 26 0 77 255 255 255 255 255 208 255 246 161 255 255 255 255 161 255 255 255 254 201 255 151 186 255 145 0 0 74 255 255 253 165 221 255 255 255 255 227 255 255 253 174 255 255 255 189 149 255 255 255 197 115 0
24 222 162 255 255 255 180 255 255 255 255 198 255 255 227 255 255 242 191 255 255 255 161 255 255 148 31 122 251 255 255 255 255 181 255 255 255 255 255 255 255 205 250 255 255 202 255 255 255 255 255 224 29 0 115 166 255 255 255 212 246 255 255 255 255 255 255 255 234 255 255 254 192 255 255 175 248 255 182 0 64 255 194 255 255 255 218 255 255 255 255 255 255 255 214 255 255 255 201 208 255 255 163 255 225 30 0 77 255 255 255 255 255 230 255 249 171 255 255 255 255 171 255 255 255 255 223 255 151 190 255 148 0 0 95 255 255 255 178 192 255 255 255 255 227 255 255 253 171 255 255 255 170 143 255 255 255 197 140 0
48 241 165 255 255 237 173 255 255 255 255 195 255 255 227 255 255 209 128 209 255 255 165 255 255 149 22 85 255 255 255 188 255 158 255 255 255 255 235 255 255 191 254 255 254 191 255 255 250 255 255 191 1 0 167 183 255 255 255 227 249 255 255 254 255 255 255 231 212 255 255 246 201 255 255 171 255 239 154 0 57 255 180 255 255 239 200 255 255 255 255 255 255 255 236 253 255 255 191 212 255 255 179 255 251 34 0 74 255 255 255 255 255 234 255 246 171 255 255 255 255 181 255 255 255 255 242 255 160 190 255 136 0 0 109 255 255 255 206 166 255 255 255 255 227 255 255 255 168 255 255 255 163 152 255 255 255 191 143 0
72 247 174 255 255 242 179 255 255 255 255 242 255 198 238 255 255 234 131 205 255 255 157 255 255 152 18 147 255 190 164 136 219 166 255 255 255 255 227 255 255 188 238 255 255 191 255 255 255 251 255 171 0 0 208 168 255 255 255 255 242 255 255 255 255 255 255 188 201 255 255 255 228 249 255 169 255 209 145 0 60 255 177 255 255 220 200 255 255 255 255 255 255 191 242 255 255 246 161 205 255 255 160 255 255 63 0 71 255 255 255 255 255 234 255 217 196 230 255 255 255 174 255 255 255 255 255 254 164 182 255 174 0 0 75 255 255 255 255 238 255 255 255 255 227 255 255 255 191 255 255 255 173 148 255 255 255 191 143 0
67 243 201 255 255 242 186 255 255 255 255 255 255 219 234 255 255 255 168 201 255 255 169 255 255 167 29 156 255 176 146 170 164 151 249 255 255 255 212 255 255 194 238 255 255 205 255 255 227 236 248 116 6 0 124 171 255 255 255 255 246 255 255 255 255 255 255 184 194 255 255 255 228 234 255 175 255 205 145 0 62 255 171 255 255 224 200 255 255 255 255 238 255 242 253 255 255 198 134 208 255 255 166 255 255 50 0 95 255 255 255 255 255 234 255 217 206 242 255 255 255 174 255 255 255 255 255 254 161 186 255 184 0 0 75 255 255 255 255 238 230 255 255 255 231 255 255 255 198 255 255 255 186 157 255 255 255 191 146 0
104 251 204 255 255 255 196 255 255 255 255 255 255 255 255 255 255 255 201 208 255 255 173 255 249 155 31 150 255 214 137 133 154 158 238 255 255 255 219 255 255 198 238 255 255 219 255 255 242 200 215 100 8 0 113 173 255 255 255 255 255 255 255 255 255 255 255 201 212 255 255 255 255 255 255 178 255 250 166 0 62 255 167 255 255 228 200 255 255 255 255 212 255 255 242 255 255 212 171 249 255 255 169 255 255 45 0 119 255 255 255 255 255 238 255 228 214 234 255 255 255 174 255 255 255 255 255 250 161 186 255 171 0 0 73 255 255 255 255 214 154 216 255 255 231 255 255 255 201 255 255 255 160 145 255 255 255 197 140 0
144 247 201 255 255 255 210 255 255 255 255 255 255 255 223 230 255 255 209 219 255 255 161 255 242 105 4 117 255 255 255 255 255 255 255 255 255 255 216 255 255 205 234 255 255 227 255 255 237 180 230 100 3 0 148 207 255 255 255 255 255 255 255 255 255 255 255 210 246 255 255 255 255 255 255 169 229 227 160 0 62 255 171 255 255 224 200 255 255 255 255 201 255 255 227 255 255 255 255 255 255 255 171 255 255 49 0 136 255 255 255 255 255 238 255 232 217 212 255 255 255 174 255 255 255 255 255 242 161 186 255 158 0 0 71 255 255 255 255 199 130 203 255 255 223 255 255 255 201 255 255 255 182 164 255 255 255 197 143 0
138 228 204 255 255 255 224 255 255 255 246 255 255 255 191 238 255 255 219 219 255 255 158 255 180 40 0 155 255 255 255 255 255 255 255 255 255 255 216 255 255 198 234 255 255 223 255 255 244 229 255 103 3 0 102 193 255 255 255 255 255 205 255 255 205 205 255 189 247 255 255 255 255 255 255 172 233 242 163 0 57 255 174 255 255 220 200 255 255 255 255 198 255 255 234 246 255 255 255 255 255 255 165 255 255 57 0 133 255 255 255 255 255 250 255 221 221 212 255 255 255 174 255 255 255 255 255 242 158 186 255 167 0 0 66 255 255 255 255 182 157 224 255 255 223 255 255 255 205 255 255 254 176 167 255 255 255 191 131 0
144 221 191 255 255 255 239 255 255 255 255 255 255 255 165 242 255 255 250 209 255 255 171 255 167 44 0 165 255 255 255 255 255 255 255 255 255 255 205 255 255 188 234 255 242 219 255 255 227 222 255 136 6 0 87 193 255 255 255 255 246 128 223 255 184 191 255 169 228 255 255 255 255 255 230 169 255 255 154 0 57 255 177 255 255 220 200 255 255 255 255 201 255 255 242 230 255 255 255 238 255 255 161 255 255 73 0 121 255 255 255 255 255 255 255 206 228 219 255 255 255 171 255 255 255 255 255 254 161 186 255 161 0 0 64 255 255 255 253 182 214 255 255 255 231 255 255 255 212 255 255 255 169 176 255 255 255 174 101 0
138 224 177 255 255 255 255 255 255 255 255 255 255 255 178 249 255 255 255 212 255 255 174 255 179 98 13 140 255 255 255 221 234 255 255 255 255 255 186 255 255 171 234 255 227 216 255 255 242 210 255 197 3 0 110 184 255 255 255 255 255 155 219 255 191 203 255 166 232 255 255 255 255 255 255 195 255 255 170 0 60 255 177 255 255 224 200 255 255 255 255 201 255 255 230 223 255 255 255 223 255 255 165 255 255 87 0 139 255 255 255 255 254 255 255 203 228 227 255 254 255 171 255 255 255 255 239 255 171 186 255 155 0 0 62 255 255 255 238 208 255 255 255 255 231 255 255 255 216 255 255 255 163 170 255 255 255 194 137 0
99 221 194 255 255 255 255 255 255 255 255 255 255 255 194 238 255 255 255 223 255 255 165 255 199 143 19 126 255 255 255 255 209 255 255 255 255 255 182 255 255 161 238 255 223 212 255 255 230 214 255 216 4 0 142 201 255 255 255 255 255 254 255 255 188 199 255 168 243 255 255 255 255 255 255 172 255 255 186 0 62 255 174 255 255 232 204 255 255 255 255 198 255 255 219 227 255 255 255 227 255 255 174 255 255 92 0 184 255 255 255 255 178 255 255 206 232 234 255 234 255 171 255 255 255 255 213 255 174 189 255 171 0 0 62 255 255 255 223 223 255 255 255 255 227 255 255 255 212 254 255 255 166 176 255 255 255 197 140 3
172 221 200 255 255 255 255 255 255 255 255 255 255 255 184 255 255 255 255 255 255 255 188 255 209 128 7 95 255 255 255 255 169 192 255 255 255 255 181 255 255 166 242 255 230 201 255 255 225 224 255 207 9 0 109 186 255 255 255 255 255 255 255 255 194 205 255 184 255 255 255 230 249 255 255 177 255 255 185 0 68 255 198 255 255 248 219 255 255 255 255 213 255 255 191 228 255 255 255 216 255 255 184 255 255 95 0 172 255 229 255 219 165 242 255 205 212 234 255 234 255 174 255 255 255 250 219 255 181 180 255 243 41 0 67 255 255 255 250 249 255 255 255 255 227 255 255 255 205 255 255 223 151 197 255 255 255 204 144 0
175 235 193 255 255 255 255 255 255 255 255 246 255 255 178 255 255 255 255 255 255 255 194 216 191 120 0 85 255 253 255 255 203 146 219 255 255 250 181 255 255 166 238 255 223 194 255 255 228 214 255 204 9 0 72 186 255 255 255 255 255 255 255 255 194 209 255 219 245 255 255 212 242 255 255 171 255 255 195 0 49 255 205 255 255 253 200 255 255 255 255 254 255 255 188 210 255 255 255 231 255 255 191 255 255 109 0 182 255 214 255 205 158 255 255 201 223 227 255 242 255 168 255 255 255 255 227 255 175 187 255 196 14 0 68 255 255 255 255 255 255 255 255 255 227 255 255 255 205 255 255 219 154 204 255 255 255 197 138 0
30 168 194 255 255 255 255 222 195 255 255 171 249 255 173 255 255 255 255 255 254 255 201 234 231 117 0 41 242 255 255 255 253 140 171 255 255 254 178 255 255 174 238 255 223 195 255 255 236 218 255 200 9 0 67 193 255 255 255 253 198 255 255 255 194 213 255 255 191 255 255 198 234 255 255 168 255 255 199 0 21 255 213 255 255 255 201 255 255 255 255 255 255 255 194 214 255 255 255 231 255 255 208 255 255 106 0 182 230 183 255 194 165 255 255 201 234 216 255 246 255 174 255 255 255 255 227 255 174 186 255 164 0 0 69 255 255 255 255 255 255 255 255 255 223 255 255 255 205 249 255 212 145 204 255 255 255 200 138 0
4 155 230 255 255 255 255 180 158 255 255 160 247 255 163 255 255 255 255 255 255 246 205 255 246 137 5 68 212 255 255 255 255 230 253 255 255 250 162 255 255 201 249 255 234 205 255 255 225 218 255 173 0 0 103 203 255 255 255 186 142 227 255 255 198 216 255 255 168 255 255 201 227 255 255 168 255 255 192 0 1 222 215 255 255 255 215 255 255 255 255 255 255 255 188 224 255 255 255 212 255 255 219 255 255 109 0 200 223 170 255 223 201 255 255 201 234 208 255 246 255 178 255 255 255 255 212 255 180 179 255 161 0 0 64 255 255 255 255 255 255 255 255 255 227 255 255 255 198 242 255 208 139 211 255 255 255 200 141 0
104 188 233 255 255 255 255 215 137 223 255 163 247 255 160 247 255 255 255 255 255 255 194 255 255 131 35 111 188 255 255 255 255 255 255 255 255 255 174 255 255 230 255 255 242 219 255 255 223 222 255 170 0 0 171 247 255 255 255 163 173 255 255 255 201 223 255 234 164 255 255 201 227 255 255 168 255 255 189 0 0 222 215 255 255 253 208 255 255 255 255 255 255 255 194 255 255 255 255 209 255 255 212 255 255 104 0 197 234 164 255 255 255 255 255 205 227 205 255 242 255 171 255 255 255 255 194 255 181 176 255 161 0 0 62 255 255 255 255 255 255 255 255 255 230 255 255 255 194 238 255 208 142 230 255 255 255 197 141 0
154 164 222 255 255 255 255 255 254 255 255 188 246 251 169 255 255 255 255 255 255 255 191 255 255 91 7 108 178 255 255 255 255 255 255 255 255 255 188 255 223 238 255 255 246 231 255 255 235 214 255 183 0 0 210 255 255 255 246 174 242 255 255 255 208 231 255 219 164 255 255 198 227 255 255 164 255 255 185 0 4 255 215 255 255 249 192 255 255 255 255 255 255 255 205 255 255 246 255 238 255 255 201 255 255 76 0 154 254 164 255 255 255 255 255 209 223 212 255 238 255 171 255 255 255 255 198 255 177 182 255 161 0 0 67 255 255 255 255 238 242 255 255 255 234 255 255 255 191 230 255 208 139 241 255 255 255 197 141 0
149 159 233 255 255 255 255 255 255 255 255 178 234 255 194 255 255 255 238 255 255 255 194 255 255 77 0 125 191 249 255 255 255 255 255 255 255 242 171 255 212 209 255 255 254 254 255 255 224 193 255 170 0 0 196 255 255 255 234 212 255 255 255 255 212 242 255 237 168 255 255 205 227 255 255 174 255 255 175 0 12 255 216 255 255 255 218 255 255 255 255 255 255 242 212 255 255 220 255 255 255 255 212 255 255 65 0 116 255 186 255 255 255 255 255 209 227 219 255 242 255 178 255 255 255 255 205 255 177 182 255 181 0 0 66 255 255 255 255 191 161 234 255 255 230 255 255 255 191 230 255 205 136 245 255 255 255 197 138 0
210 186 218 255 255 255 255 255 255 255 255 178 242 255 216 255 255 231 201 255 255 255 201 255 255 86 0 113 185 238 255 255 255 255 184 168 255 255 173 255 216 178 255 255 255 255 255 255 220 190 255 154 0 0 186 255 255 255 246 255 255 255 255 255 215 254 255 255 171 255 255 215 223 255 255 187 255 255 162 0 14 255 216 255 255 255 255 255 238 234 255 255 255 250 242 255 255 213 255 255 255 255 238 255 255 69 0 95 255 197 250 255 255 255 255 205 234 223 255 246 255 178 255 254 242 255 201 251 183 179 255 212 0 0 62 255 255 255 255 194 137 216 255 255 227 255 255 255 194 230 255 205 139 255 255 255 255 190 129 0
236 173 223 255 255 255 255 255 255 255 255 168 255 255 246 216 255 246 192 255 255 255 195 255 255 80 0 135 194 245 255 255 255 255 149 178 255 255 155 255 210 178 255 255 255 255 255 255 222 203 255 153 0 0 171 255 255 255 255 255 255 255 255 255 212 255 255 255 181 255 255 246 247 255 255 212 255 232 95 0 12 255 219 255 255 255 255 255 227 219 255 255 255 254 238 255 255 223 255 255 255 255 255 255 255 69 0 67 255 252 251 255 255 255 249 189 236 212 255 242 255 168 255 255 238 255 198 255 178 180 255 192 0 0 76 255 255 255 255 205 146 196 255 255 234 255 255 255 196 230 255 202 134 255 255 255 255 175 146 33
245 197 225 255 255 255 199 175 255 255 255 168 255 255 242 201 255 246 192 255 255 255 195 255 255 80 0 132 211 234 255 255 255 255 194 223 255 255 178 255 221 198 255 255 255 255 255 234 230 176 255 153 1 0 140 255 255 255 255 255 255 250 255 255 212 255 255 255 184 255 255 234 247 255 255 216 245 184 92 0 12 255 234 255 255 255 255 255 238 219 255 255 255 255 255 255 255 223 255 255 255 255 255 255 255 73 0 99 255 255 239 255 255 255 255 182 232 216 255 246 255 161 255 253 238 255 205 255 174 194 255 185 0 0 100 255 255 255 255 198 146 187 255 255 226 255 255 255 189 230 255 209 143 255 255 255 255 185 157 37
237 234 221 255 255 255 154 152 250 255 255 168 255 255 219 181 255 246 189 255 255 255 195 255 255 75 0 76 234 248 255 255 255 255 255 255 255 255 231 255 224 201 255 255 255 255 255 255 219 160 255 135 0 0 122 255 199 184 168 184 228 255 255 255 212 255 255 255 181 255 255 227 243 255 255 219 233 161 100 0 12 255 253 255 255 255 255 255 238 212 255 255 255 254 255 255 255 227 255 223 255 255 255 255 255 66 0 120 255 252 226 255 254 255 255 176 224 216 255 238 253 165 255 253 238 255 209 255 174 196 255 181 0 0 78 255 255 255 255 201 155 158 189 255 230 255 255 255 196 237 255 202 155 255 255 255 255 185 148 24
239 255 255 255 255 246 140 206 255 255 255 168 255 255 205 174 255 249 189 255 255 255 195 255 255 75 0 35 240 251 255 255 255 255 255 255 255 255 255 255 243 205 255 255 255 255 255 255 234 199 255 144 1 0 119 255 161 155 155 149 166 255 255 255 212 255 255 255 168 255 255 227 236 255 255 214 255 194 110 0 11 255 255 255 255 255 255 255 227 216 255 255 255 255 255 255 255 230 255 205 254 255 255 255 255 69 0 135 255 255 229 255 234 255 255 179 232 212 255 234 253 171 255 253 238 255 219 255 180 193 255 201 14 0 62 255 255 255 255 201 152 158 152 247 234 255 255 255 199 241 255 191 168 255 255 255 255 181 136 11
235 255 255 255 255 212 188 255 255 255 255 171 255 255 205 181 255 253 192 255 255 255 195 255 255 73 0 50 236 213 255 255 255 255 255 255 255 255 255 255 243 194 255 255 255 255 212 255 212 199 255 138 0 0 100 246 161 146 171 177 173 255 255 255 212 255 255 255 165 255 255 223 223 255 255 211 255 255 111 0 9 255 255 255 255 255 255 255 219 227 255 255 255 255 255 255 255 227 255 198 250 255 231 255 255 71 0 108 255 255 243 255 242 255 255 182 247 219 255 250 253 174 255 255 238 255 246 255 174 182 255 181 11 0 53 255 255 255 255 210 143 168 152 212 234 255 255 255 192 226 255 216 188 255 255 255 255 181 136 14
193 255 255 255 255 198 255 255 255 255 255 174 255 255 208 178 255 255 199 255 255 255 191 255 255 44 0 88 240 199 255 255 255 255 255 255 255 255 255 255 232 181 255 255 255 255 198 255 226 189 255 135 2 0 95 255 255 201 215 219 196 255 255 255 223 255 255 255 165 255 255 216 212 255 255 225 255 255 100 0 14 255 255 255 255 255 255 255 205 223 255 255 255 255 255 255 255 219 255 191 249 246 212 255 255 68 0 54 254 255 255 255 242 255 253 176 255 230 255 255 249 171 255 255 234 255 255 255 170 186 255 155 0 0 62 255 255 255 255 249 163 157 140 219 222 255 255 255 176 208 255 255 246 255 255 255 255 181 148 31
92 255 255 255 255 223 255 255 255 255 255 178 255 255 223 171 255 255 206 255 255 255 191 255 255 29 0 97 240 213 255 255 255 255 255 255 255 254 255 255 251 201 255 255 255 227 223 255 234 186 255 129 1 0 71 255 255 255 255 246 198 255 255 255 255 255 255 255 165 255 255 209 205 255 255 255 255 255 95 0 12 255 255 255 255 255 255 255 198 216 242 234 255 255 255 255 255 221 255 181 249 246 205 255 255 68 0 26 238 255 255 255 216 255 246 173 255 253 255 246 253 168 255 255 227 255 255 255 180 194 255 196 0 0 113 255 255 255 255 255 231 184 151 241 222 255 255 255 176 201 255 255 255 255 255 255 255 178 163 53
3 255 255 255 255 255 255 255 255 255 255 174 255 255 253 181 255 255 210 255 255 255 191 255 209 43 0 92 228 220 255 255 239 246 255 255 255 213 255 255 255 216 255 255 255 195 238 255 212 192 255 156 9 0 71 255 255 255 255 208 198 255 255 255 255 255 255 255 162 255 255 212 202 255 255 255 255 255 100 0 2 255 255 255 255 255 255 255 205 216 230 230 255 255 255 255 255 224 255 174 246 246 198 255 255 61 0 23 250 255 255 222 198 255 253 179 255 255 255 238 255 168 255 255 219 255 255 255 175 177 255 239 0 0 143 255 255 255 255 255 255 255 206 255 230 254 255 255 189 208 255 255 255 255 255 255 255 181 176 74
0 236 255 255 255 255 255 255 254 255 255 198 255 255 255 171 255 255 212 255 255 255 184 245 171 95 0 94 228 216 255 255 223 255 255 255 255 255 255 255 255 227 255 255 255 174 238 255 230 180 255 167 33 0 95 255 255 255 255 205 216 255 255 255 255 255 255 255 168 255 255 230 246 255 255 255 255 255 107 0 0 235 255 255 255 255 255 255 201 226 255 255 255 255 255 255 255 219 255 194 255 255 186 255 231 18 0 43 242 255 255 208 198 255 249 178 255 255 255 238 249 168 255 255 238 255 230 255 173 184 255 236 0 0 90 255 255 255 255 255 255 255 234 255 255 255 255 255 177 205 255 255 255 255 255 255 255 184 160 35
0 251 255 244 230 246 245 255 255 255 255 209 255 255 255 191 255 255 212 255 255 255 181 219 155 51 0 75 236 206 255 255 205 242 255 255 255 255 255 255 255 231 255 255 255 165 234 255 212 204 255 160 11 0 121 255 255 255 255 249 253 255 255 255 234 255 255 255 161 255 255 234 238 255 255 255 255 255 108 0 0 216 233 255 255 255 237 255 201 215 255 255 255 242 198 221 255 223 255 174 249 236 169 255 223 8 0 89 255 255 255 226 194 255 249 171 255 255 255 242 246 171 255 255 230 255 216 253 176 184 255 221 0 0 98 255 255 255 255 255 255 255 254 255 255 255 255 255 174 205 255 255 255 255 255 255 255 184 150 31
0 251 255 176 161 158 151 211 255 255 255 223 255 255 253 212 255 255 212 255 255 255 191 222 140 15 0 44 244 192 255 255 212 242 255 255 255 255 255 230 223 250 255 255 234 162 246 255 216 196 255 204 12 0 130 255 255 255 255 208 155 208 255 255 205 255 255 255 165 255 255 223 238 255 255 255 255 255 98 0 5 205 208 255 255 238 204 255 211 215 255 255 255 238 174 214 255 234 255 171 249 232 160 255 223 5 0 123 255 255 255 253 194 255 249 168 255 255 255 246 223 165 255 255 227 255 208 253 190 180 255 186 0 0 111 255 255 255 255 255 255 255 255 255 255 255 255 255 168 212 255 255 255 244 255 255 255 185 148 33
0 247 222 148 164 174 164 194 255 255 255 234 255 255 242 212 255 255 208 255 255 255 219 255 173 8 0 35 255 192 255 255 208 231 255 255 255 255 238 255 219 255 255 255 168 152 255 255 229 176 255 215 12 0 97 255 255 255 255 205 134 178 255 255 208 255 255 255 168 255 255 198 214 255 255 255 255 255 100 0 4 192 233 255 255 223 197 255 208 212 255 255 255 246 178 240 255 238 255 181 242 224 163 255 223 16 0 129 255 255 255 255 191 255 255 168 255 255 255 242 223 168 255 255 230 255 205 255 176 184 255 210 16 0 125 255 255 255 255 255 255 255 255 255 255 255 255 255 161 215 255 255 255 208 255 255 255 185 142 28
0 243 226 160 149 158 186 208 255 255 255 234 255 255 238 205 255 255 199 255 255 255 242 255 240 13 0 57 248 199 255 255 205 238 255 255 255 255 223 255 255 255 255 255 165 165 255 255 221 186 255 198 14 0 72 215 255 255 255 255 198 223 255 255 208 255 255 253 158 255 255 181 154 249 255 255 255 255 105 0 0 206 222 255 255 194 193 255 208 223 255 255 255 246 174 236 255 223 255 212 246 206 166 255 219 28 0 135 255 255 255 255 191 255 255 168 255 255 255 246 246 188 255 255 242 255 201 255 173 204 255 237 28 0 146 255 255 255 255 255 255 255 255 255 255 255 255 255 155 215 255 255 255 190 255 255 255 192 139 22
0 247 255 255 211 201 211 215 255 255 255 238 255 255 242 205 255 255 196 255 255 255 255 255 255 9 0 77 229 206 255 255 205 254 255 255 255 255 205 255 255 246 255 255 231 246 255 255 209 199 255 255 64 0 68 164 227 255 255 255 219 223 255 255 205 255 255 255 158 255 255 191 163 249 255 255 249 253 100 0 13 255 205 255 255 184 200 255 208 230 255 255 255 250 174 221 255 212 255 255 255 206 163 255 234 28 0 132 255 255 255 255 205 255 255 171 255 255 255 250 253 191 255 253 238 255 198 255 180 219 255 226 20 0 158 255 255 255 255 255 255 255 255 255 255 255 255 255 155 219 255 255 255 183 255 255 255 188 132 9
0 189 255 255 255 255 222 204 255 255 255 255 255 255 246 208 255 255 196 249 255 255 255 255 237 11 0 65 236 210 255 255 201 238 255 255 255 255 205 255 255 231 255 255 255 255 255 255 213 191 255 255 90 0 73 158 198 255 255 255 227 178 255 255 208 255 255 255 161 255 255 198 210 255 255 255 236 212 103 0 43 255 220 255 255 237 233 255 201 215 249 242 255 250 181 218 255 219 255 255 255 217 166 255 255 31 0 129 255 255 255 255 242 255 253 171 255 255 255 246 253 194 255 246 234 255 198 255 170 207 255 230 25 0 158 255 255 255 255 255 255 255 255 255 255 255 255 255 149 219 255 255 255 197 255 255 255 177 115 0
0 162 255 255 255 255 201 249 255 255 255 255 255 255 242 205 255 255 199 242 255 255 255 255 231 31 0 47 255 213 255 255 216 227 255 255 255 255 209 255 255 223 255 255 255 255 255 255 235 184 255 231 36 0 71 161 195 255 255 255 238 174 255 255 208 255 255 249 165 255 255 188 196 238 255 255 232 194 100 0 49 254 241 233 221 255 255 255 211 208 219 227 255 254 194 229 255 238 255 208 255 217 169 247 255 39 0 141 255 255 255 255 255 255 253 174 255 255 255 234 255 219 255 255 238 255 201 255 193 211 255 226 30 29 171 255 255 255 255 246 255 255 255 255 255 255 255 255 140 212 255 255 255 200 255 255 255 184 124 0
0 227 255 255 255 255 173 249 255 255 255 255 255 255 242 206 255 255 219 255 255 255 255 255 255 89 0 73 255 205 255 255 210 242 255 255 255 255 198 255 255 212 255 255 255 223 254 255 255 189 255 207 21 0 107 164 214 255 184 255 255 242 255 255 205 255 255 230 168 255 255 227 152 208 255 255 237 192 95 0 48 201 241 255 238 255 255 255 226 210 223 227 255 255 198 224 255 216 255 201 255 217 160 255 255 60 0 157 255 255 255 255 255 255 255 178 255 255 255 235 255 223 255 255 238 255 198 255 189 216 255 189 13 33 172 255 255 255 255 255 255 255 255 255 255 255 255 255 140 212 255 255 255 197 255 255 255 192 127 0
0 243 255 255 255 255 240 255 255 255 255 235 255 255 230 206 255 255 208 255 255 255 255 255 255 59 0 55 254 209 255 255 206 246 255 255 255 255 181 255 255 201 255 255 255 231 255 255 244 183 255 255 53 0 102 161 243 255 134 216 255 255 255 255 208 255 255 234 188 255 255 246 143 201 255 255 245 199 98 0 61 255 208 203 255 255 255 255 237 221 227 234 255 249 194 224 255 219 255 198 255 217 160 255 255 58 0 170 255 255 255 255 255 255 253 171 255 255 255 239 255 238 255 254 242 255 191 255 193 216 255 202 0 13 150 255 255 255 255 255 255 255 255 255 243 255 255 255 137 219 255 255 255 187 255 255 255 185 115 0
0 255 255 255 255 255 240 230 249 255 255 188 255 255 212 210 255 255 212 255 255 255 255 255 255 24 0 80 255 216 255 255 203 249 255 255 255 246 178 255 255 188 249 255 255 238 255 255 255 189 255 255 60 0 102 174 201 255 198 219 255 255 255 255 205 255 255 227 201 255 255 246 137 198 255 255 249 192 95 0 67 255 184 172 255 255 255 255 234 228 219 234 255 234 201 221 255 227 255 194 251 217 163 255 255 41 0 183 255 255 255 255 255 255 246 171 255 255 255 255 255 255 255 254 242 255 181 255 184 234 255 228 1 35 185 255 255 255 255 255 255 255 255 255 221 255 255 253 131 212 255 255 255 208 255 255 255 195 118 6
0 255 255 255 255 255 173 146 208 255 255 188 255 255 206 203 255 255 215 255 255 255 255 255 255 13 0 83 255 205 255 255 206 242 255 255 255 255 212 255 255 181 253 255 255 242 254 255 255 189 255 255 43 0 103 167 178 255 255 198 201 250 255 255 216 255 255 238 219 255 255 249 143 208 255 255 241 179 95 0 66 255 204 210 255 182 201 255 212 224 208 227 255 238 216 214 255 230 255 188 247 217 166 255 246 18 0 183 255 255 255 255 255 255 249 171 255 255 255 255 255 255 255 250 242 255 174 255 191 239 255 244 21 40 189 255 255 255 255 255 255 255 255 255 232 255 255 255 143 219 255 255 255 255 255 255 255 219 117 0
0 209 255 255 255 255 173 134 230 255 255 198 255 255 203 191 255 255 181 215 255 255 255 255 255 23 0 51 255 209 255 255 214 234 255 255 255 255 255 255 255 178 255 255 255 246 242 255 244 192 255 223 14 0 116 165 191 255 255 152 155 223 255 255 216 255 255 246 219 255 255 238 140 215 255 255 241 166 92 0 65 255 255 255 255 189 201 255 198 221 208 227 255 253 230 203 255 230 255 188 251 214 166 255 229 5 0 180 255 255 255 255 255 255 253 174 238 227 255 255 255 255 255 254 238 255 171 255 208 236 255 233 21 0 125 255 255 255 255 255 255 255 255 255 232 255 255 246 143 215 255 255 255 255 255 255 255 222 95 0
0 141 245 255 255 255 244 184 255 255 255 198 255 255 203 177 255 255 143 171 255 255 255 255 255 70 0 41 255 209 255 255 214 234 255 255 255 255 255 255 255 184 255 255 255 255 231 255 255 210 255 189 1 0 116 170 219 255 234 191 242 255 255 255 205 255 255 249 198 255 255 216 135 219 255 255 249 163 92 0 57 255 255 255 255 255 255 255 198 224 219 234 255 255 234 192 255 230 255 191 251 206 163 255 230 3 0 180 255 255 255 255 255 255 255 181 223 201 255 255 255 255 255 255 238 255 171 255 212 247 255 218 24 0 125 255 255 255 255 255 255 255 255 255 210 255 223 212 134 212 255 255 255 255 255 255 255 208 67 0
0 121 184 255 255 255 255 214 255 255 255 195 255 255 203 181 255 251 149 187 255 255 255 253 255 110 0 45 255 195 255 255 210 238 255 255 255 255 255 255 255 191 255 255 255 255 227 255 255 217 255 210 8 0 105 188 255 255 250 255 255 255 255 255 208 255 255 255 181 255 255 198 146 230 255 255 253 163 95 0 53 255 255 255 255 255 255 255 201 214 227 246 255 255 219 192 255 230 255 194 255 199 157 255 229 2 0 179 255 255 255 255 255 255 253 184 246 208 255 255 255 255 255 255 234 255 174 255 204 255 255 222 31 35 170 255 255 255 255 255 255 255 255 255 203 255 223 208 140 222 255 255 255 255 255 255 255 215 67 0
0 141 155 224 255 255 248 203 210 255 255 198 255 255 206 194 255 255 187 241 255 255 255 223 239 66 0 53 255 223 255 255 206 246 255 255 255 255 255 255 255 194 255 255 255 255 227 255 255 213 255 205 8 0 112 250 255 255 255 255 255 255 255 255 205 255 255 255 158 255 255 174 165 241 255 255 249 160 95 0 57 255 255 255 255 240 222 255 198 199 223 249 255 249 201 192 255 234 255 201 255 192 154 255 218 1 0 176 255 255 255 255 255 255 246 181 255 216 255 255 255 255 255 255 234 255 178 255 211 239 255 229 22 48 170 255 255 255 255 255 255 255 255 255 196 255 235 216 143 222 255 255 255 255 255 255 255 233 85 0
0 137 161 227 255 255 255 187 181 255 255 198 255 255 220 202 255 255 161 230 255 255 255 217 195 27 0 49 255 223 255 255 234 234 255 255 255 255 255 255 255 209 255 246 250 255 238 255 255 222 255 193 5 0 88 237 255 255 255 255 234 255 255 255 219 255 255 255 166 255 255 169 165 255 255 255 241 171 89 0 50 255 255 255 255 196 220 255 196 166 219 255 255 241 187 208 255 227 255 191 255 182 164 255 219 0 0 173 255 255 255 255 255 255 255 174 255 254 255 255 255 255 255 255 242 255 178 255 207 255 255 208 43 63 169 255 255 255 255 255 255 255 255 255 192 255 255 191 164 219 255 243 255 255 255 255 255 217 87 0
2 137 161 238 239 226 255 237 227 255 255 195 255 255 209 212 255 255 181 177 230 255 255 199 178 25 0 47 255 231 255 255 234 249 255 255 255 255 255 255 255 216 255 246 255 255 255 255 255 225 255 156 0 0 80 151 191 255 255 206 151 219 255 255 212 255 255 255 168 255 255 163 168 255 255 255 249 171 91 0 63 255 255 255 255 185 205 237 193 160 184 255 255 249 181 191 255 219 255 178 255 192 171 255 212 0 0 176 255 255 255 255 255 255 246 171 255 255 255 255 255 255 255 255 238 255 181 255 233 255 255 234 53 67 169 255 255 255 238 253 255 255 255 255 199 255 255 174 146 215 255 255 255 255 255 255 255 219 90 0
8 137 177 255 216 161 255 255 255 255 255 191 255 255 198 223 255 255 205 140 219 255 255 192 168 25 0 57 255 242 255 255 230 255 255 231 255 255 255 255 255 234 255 238 254 255 255 255 255 238 255 162 0 0 53 169 171 255 255 196 133 186 253 255 209 255 255 255 168 255 255 154 194 255 255 255 249 161 84 0 59 255 255 255 255 247 198 211 193 173 165 238 255 255 181 191 255 223 255 178 255 203 168 255 205 0 0 176 255 255 255 255 255 255 246 174 255 255 255 255 255 255 255 253 234 255 188 255 233 255 255 223 44 65 160 255 255 255 205 223 255 255 255 255 199 255 255 174 140 219 255 255 255 255 255 255 255 222 90 0
2 136 175 255 237 143 236 255 255 255 255 191 255 255 195 235 255 255 215 134 242 255 255 203 171 22 0 84 255 254 255 255 249 255 255 198 255 255 255 255 255 255 255 234 254 255 255 255 255 245 255 156 0 0 80 255 249 255 255 210 139 144 168 255 209 255 255 255 165 255 255 179 219 255 255 255 249 161 84 0 40 255 255 239 222 255 205 219 203 206 181 234 255 255 194 208 255 231 255 184 255 203 161 255 208 7 0 179 255 255 255 255 255 255 255 188 255 255 255 255 255 255 255 249 234 255 198 255 224 255 255 216 42 64 168 255 255 255 212 234 255 255 255 255 196 255 255 201 146 212 255 255 255 255 255 255 255 226 85 0
6 139 162 230 255 219 222 255 255 255 255 191 255 255 198 238 255 255 219 137 255 255 255 206 178 17 0 107 255 250 255 255 255 255 255 195 255 255 255 255 255 255 255 234 255 255 255 255 255 255 255 159 0 0 160 255 255 255 255 255 196 166 158 255 219 255 255 255 168 255 255 246 255 255 255 255 249 168 84 0 47 229 241 224 251 255 242 222 217 228 191 238 255 253 201 208 255 242 255 174 255 206 158 255 215 14 0 182 255 255 255 255 255 255 255 201 255 255 255 255 255 255 255 253 238 255 205 255 224 255 255 218 48 43 155 255 255 255 216 249 255 255 255 255 196 255 255 238 152 194 255 255 255 255 255 255 255 222 85 0
19 142 170 222 255 255 200 201 255 255 255 191 255 255 212 242 255 255 215 134 249 255 255 196 178 14 0 97 255 250 255 255 255 255 255 191 255 255 255 255 255 255 255 234 254 255 242 255 255 255 255 168 5 0 145 255 255 255 255 255 255 255 231 255 255 255 255 255 168 255 255 255 255 255 255 255 249 168 77 0 62 255 183 180 255 255 225 219 221 224 184 238 255 245 205 191 255 255 255 168 251 217 161 253 220 23 0 187 255 255 255 255 255 255 255 201 255 255 255 255 255 255 255 255 242 255 208 255 246 255 255 225 57 5 115 226 255 255 201 234 255 255 255 255 199 255 255 255 161 197 255 255 255 255 255 255 255 218 96 0
33 144 173 241 255 249 167 146 255 255 255 195 255 255 220 242 255 255 205 143 246 255 255 192 171 17 0 64 255 255 255 255 255 255 255 188 255 255 255 255 255 255 255 234 246 255 178 255 255 255 255 159 29 0 109 255 255 255 255 255 255 255 255 255 255 255 255 254 162 238 255 255 255 249 255 255 245 174 79 0 62 255 222 197 255 199 163 226 221 217 184 253 255 241 215 187 255 255 255 171 247 224 161 249 216 27 0 191 255 255 255 255 255 255 255 201 255 255 255 255 255 255 255 255 242 255 216 255 255 255 255 223 66 0 125 241 255 255 198 219 255 255 255 255 199 255 255 255 164 201 255 255 234 251 255 255 255 215 107 2
36 144 165 250 255 215 218 255 255 255 255 198 255 255 223 242 255 255 191 161 255 255 255 199 168 22 0 39 255 255 255 255 255 255 255 188 255 255 255 255 255 255 255 238 250 255 152 255 249 255 255 192 70 27 146 255 255 255 255 255 255 255 255 255 255 255 255 242 155 231 255 255 255 216 255 255 237 171 72 0 73 186 201 255 255 213 163 211 217 214 198 255 255 241 234 201 246 255 255 168 239 217 161 255 212 26 0 194 255 255 255 255 255 255 255 205 255 255 255 255 255 255 255 253 242 255 219 255 255 255 255 205 68 0 167 255 255 255 209 216 255 255 255 255 196 255 255 255 152 191 255 209 161 203 255 255 255 220 110 10
32 134 216 255 255 249 255 255 255 255 255 188 255 255 214 208 255 255 184 157 255 255 255 201 174 29 0 49 255 255 255 255 255 255 255 191 255 255 255 255 255 255 255 234 254 255 174 255 255 255 255 240 82 45 149 255 255 255 255 250 255 255 255 255 255 255 255 210 169 232 255 255 242 225 255 255 243 164 70 0 87 156 159 226 255 255 235 217 234 221 192 223 255 255 234 191 255 255 255 188 246 214 163 253 255 27 0 187 255 255 255 255 255 255 255 198 255 255 255 255 255 255 255 255 242 254 223 255 255 255 255 226 38 0 162 255 255 255 250 254 255 255 255 255 198 255 255 254 140 198 255 190 140 255 255 255 255 220 111 0
30 163 255 255 255 255 255 255 255 255 255 185 255 255 214 215 255 249 164 166 255 255 255 205 187 79 0 41 255 255 255 255 255 255 255 205 255 255 255 255 255 255 255 234 250 255 174 255 207 255 255 238 62 21 149 255 255 255 255 255 255 255 255 255 231 255 255 210 151 239 255 255 212 225 255 255 243 168 79 0 110 195 156 166 248 255 247 210 255 199 196 255 255 255 227 194 255 255 255 194 253 217 166 255 244 23 0 187 255 255 255 255 255 255 255 198 255 255 255 255 255 255 255 249 242 255 250 255 255 255 255 212 27 0 135 255 255 255 255 255 255 255 255 255 198 255 255 255 140 201 255 190 140 255 255 255 255 220 111 0
29 166 255 255 255 255 255 255 255 255 255 195 255 255 210 208 255 249 161 182 255 255 255 201 197 138 0 39 255 255 255 255 255 255 255 194 223 216 238 255 255 255 255 234 250 255 174 255 211 255 255 239 53 5 148 255 255 255 255 255 255 255 255 255 254 255 255 232 157 236 255 255 255 255 255 255 239 174 84 0 130 255 236 193 245 255 253 221 255 182 189 255 255 255 219 198 255 255 255 198 255 214 163 255 252 25 0 183 255 255 255 255 255 255 255 198 255 255 255 255 255 255 255 246 238 255 255 255 255 255 255 212 24 0 99 255 255 255 255 255 255 255 255 255 198 255 255 255 137 201 255 190 154 255 255 255 255 234 135 0
39 150 194 238 255 255 180 188 255 255 255 188 255 255 214 208 255 255 164 196 255 255 255 198 194 150 0 43 255 255 255 255 255 255 255 191 216 219 254 255 255 255 255 238 250 255 171 255 214 229 255 255 53 0 134 255 255 255 255 255 255 255 255 255 212 238 203 206 163 247 255 255 255 255 255 255 239 168 79 0 116 255 255 232 255 255 234 212 255 203 176 255 255 255 219 198 255 255 255 191 255 206 157 255 255 34 0 183 255 255 255 255 255 255 255 195 255 255 255 255 255 255 255 249 234 255 255 255 255 255 255 227 31 0 91 255 255 255 255 255 255 255 255 255 201 255 255 255 140 201 255 186 157 255 255 255 255 252 141 0
7 130 154 187 255 255 146 156 242 255 255 188 255 255 221 206 255 253 155 214 255 255 255 194 183 144 0 47 255 255 255 255 255 255 255 188 253 255 255 255 255 255 255 242 249 255 171 255 200 204 255 228 27 0 130 255 255 255 255 255 255 255 255 255 219 255 228 192 166 255 255 255 255 255 255 255 247 155 79 0 121 255 255 218 255 255 230 205 255 255 176 255 255 255 227 191 255 255 255 184 255 203 157 255 255 34 0 183 255 255 255 255 255 255 255 191 255 255 255 255 255 255 255 255 234 255 255 255 255 255 255 223 31 0 94 255 255 255 255 255 255 255 255 255 198 255 255 255 140 191 255 186 176 255 255 255 255 255 142 0
0 136 202 216 255 255 167 156 192 255 255 195 255 255 208 189 255 238 149 236 255 255 255 198 174 132 0 45 255 255 255 255 255 255 255 181 246 255 255 255 255 255 255 242 253 255 171 255 203 201 255 206 17 0 136 255 255 255 209 255 255 255 255 255 223 255 247 186 157 247 255 255 255 255 255 255 255 161 84 0 139 255 225 207 255 255 241 221 255 255 189 255 255 255 230 187 255 255 255 181 255 210 160 255 241 25 0 183 255 255 255 255 255 255 255 195 255 255 255 255 255 254 255 255 234 255 255 255 255 255 255 227 29 0 96 255 255 255 255 255 255 255 255 255 198 255 255 255 143 178 247 186 197 255 255 255 255 249 105 0
3 211 255 255 255 255 187 140 140 179 246 191 255 255 198 179 255 255 194 255 255 255 255 201 161 104 0 43 255 255 255 255 255 255 255 188 227 255 255 255 246 231 255 238 253 255 176 255 196 191 255 243 37 0 133 245 255 255 188 250 255 255 255 255 234 255 255 221 166 232 255 255 255 255 255 255 255 174 89 0 124 255 209 186 255 255 239 217 255 255 196 246 255 255 227 191 255 255 255 178 255 217 166 253 222 20 0 183 255 255 255 255 234 255 255 198 255 255 255 255 254 255 255 253 234 255 255 255 255 255 255 227 22 0 94 255 255 255 255 255 255 255 255 255 198 255 255 254 143 165 221 186 203 255 255 255 255 228 58 0
73 255 255 255 255 255 255 190 171 182 246 198 255 255 194 186 255 255 255 255 255 255 255 201 151 69 0 45 255 255 255 255 209 255 255 191 234 255 255 250 223 212 255 234 253 255 176 255 196 187 255 255 37 0 139 255 255 255 219 255 255 255 255 255 198 255 255 232 157 217 255 209 209 255 255 255 255 174 91 0 113 255 178 152 252 255 251 214 254 255 196 227 255 255 219 191 255 255 255 171 255 221 166 245 222 21 0 183 255 255 255 255 216 255 255 205 255 255 255 255 254 255 255 249 234 255 255 255 249 239 255 181 0 0 81 255 255 255 255 255 255 255 255 255 198 255 255 254 146 155 207 183 244 255 255 255 255 247 73 0
73 191 255 255 255 255 255 255 250 234 255 250 255 255 200 176 255 255 255 255 255 255 255 194 152 58 0 42 255 255 255 255 205 255 255 179 227 255 255 250 234 181 253 246 255 255 195 255 197 173 255 255 42 0 206 255 255 255 234 255 255 255 254 255 201 255 255 195 151 207 255 134 176 255 255 255 255 168 103 0 82 158 158 146 227 255 249 215 255 255 188 238 255 255 216 191 255 255 255 168 255 214 163 244 234 28 0 180 255 255 255 255 199 255 255 255 255 255 255 255 255 216 255 255 231 255 255 255 230 243 255 150 0 0 139 255 255 255 255 255 255 255 255 255 199 255 255 255 149 152 183 212 255 255 255 255 255 247 108 0
45 180 255 255 255 255 255 255 255 255 255 255 255 255 218 173 255 255 255 254 255 255 255 201 171 116 0 42 255 255 255 235 174 255 255 196 255 255 255 254 242 184 242 246 249 255 234 255 170 176 255 222 25 0 224 255 255 255 255 255 255 255 255 255 198 255 255 205 163 210 255 140 210 255 255 255 255 171 83 0 102 174 164 140 230 255 242 215 255 255 188 230 255 255 227 198 255 255 255 165 255 218 166 244 242 41 0 180 255 255 255 255 192 255 255 255 255 255 255 255 253 198 255 255 234 255 255 255 219 251 255 159 0 0 160 255 255 255 250 255 255 255 255 255 192 255 255 255 143 155 193 216 255 255 255 255 255 255 98 0
41 194 255 255 255 255 255 255 255 255 255 255 255 255 210 166 255 255 255 219 254 255 255 198 171 116 0 44 255 255 255 255 184 255 255 196 255 255 255 255 246 191 238 253 242 255 255 255 168 186 255 210 15 0 219 255 255 255 255 255 255 255 255 255 198 255 255 216 163 196 255 155 247 255 255 255 255 177 75 0 200 255 208 161 249 255 234 215 255 255 191 234 255 255 219 184 255 255 255 168 255 218 166 240 253 53 0 169 255 255 255 255 192 255 255 255 255 255 255 255 255 198 255 253 231 255 255 255 216 251 255 203 0 0 175 255 255 255 242 236 255 246 246 255 192 255 255 255 146 171 214 227 255 255 255 255 255 255 80 0
45 194 255 255 255 255 255 255 255 255 255 255 255 255 189 179 255 255 255 205 255 255 255 191 151 73 0 50 255 255 229 255 223 255 255 192 224 212 255 255 242 188 242 253 238 255 242 255 163 173 255 214 16 0 199 255 255 255 255 255 255 255 255 255 198 255 255 216 154 173 243 180 255 255 255 255 255 177 114 6 221 255 204 180 255 255 238 222 230 255 188 238 255 255 238 205 255 255 255 174 255 210 163 244 255 45 0 160 230 254 255 255 199 255 255 255 255 255 255 255 255 198 255 255 246 255 250 255 223 243 255 249 1 0 174 255 255 255 255 214 191 160 173 255 196 255 255 254 146 184 232 220 255 255 255 255 255 255 69 0
41 194 255 255 255 255 255 255 255 255 255 250 255 255 170 179 255 255 255 195 250 255 255 194 160 64 0 27 255 255 203 249 255 255 255 199 214 194 255 255 242 181 246 246 238 255 181 255 184 183 255 206 7 0 159 255 255 255 255 205 255 227 238 255 194 255 255 205 154 176 239 191 255 255 255 255 255 203 233 41 153 255 167 197 255 255 249 222 255 255 208 242 255 255 238 205 255 255 255 178 255 196 166 255 254 28 0 163 212 255 255 255 199 255 255 255 255 255 255 255 255 188 255 255 255 255 250 255 233 243 255 255 1 0 191 255 255 255 255 177 149 155 151 251 196 255 255 242 137 184 236 202 255 255 255 255 255 255 63 0
36 201 255 255 255 255 255 255 255 255 255 227 255 255 166 170 255 255 255 223 255 255 255 201 160 58 0 19 255 249 229 255 255 255 255 199 214 199 255 255 255 188 249 255 253 255 155 255 161 176 255 188 1 0 178 255 255 255 255 152 163 144 186 253 208 255 255 195 163 193 239 180 255 255 255 255 255 213 255 34 132 255 152 194 255 255 249 215 255 255 208 238 255 255 253 212 255 255 255 178 242 183 166 255 245 18 0 160 216 255 255 255 192 255 255 255 255 255 255 255 255 191 255 255 255 255 242 255 222 249 255 255 14 0 230 255 255 255 255 176 152 168 154 255 199 255 255 246 137 184 244 195 255 255 255 255 255 255 68 0
43 201 255 255 255 255 255 255 255 255 255 227 255 255 183 176 255 255 255 255 255 255 255 212 145 33 0 44 255 180 218 255 255 255 255 188 217 199 255 255 255 198 246 255 255 255 165 255 167 186 255 189 1 0 178 255 255 255 255 224 176 142 203 255 208 255 255 191 163 207 255 197 255 255 255 255 255 255 255 42 126 255 143 155 246 255 249 215 255 255 216 238 255 255 242 198 255 255 255 184 242 183 166 255 249 21 0 138 222 255 255 255 189 255 255 255 255 255 255 255 255 194 255 255 255 255 238 255 219 249 255 255 40 0 255 255 255 255 255 232 169 144 157 255 199 255 255 255 143 188 255 205 255 255 255 255 255 255 77 0
64 204 255 255 255 255 255 255 255 255 254 223 219 191 186 170 255 255 255 255 255 255 255 227 148 16 0 48 255 171 214 255 254 255 255 188 224 196 255 255 249 191 230 255 255 255 174 255 174 179 255 194 2 0 155 255 255 255 255 255 214 161 251 255 187 255 255 185 160 218 255 245 255 255 255 255 255 255 255 80 126 253 155 143 227 255 253 215 255 255 219 238 255 255 249 216 255 255 255 194 249 186 163 255 251 28 0 109 218 255 255 255 189 255 255 255 255 255 255 255 234 181 255 255 255 255 234 255 230 238 255 255 53 0 255 255 255 255 255 255 206 142 189 255 192 255 255 255 140 181 255 212 255 255 255 255 255 255 87 0
85 209 255 255 255 255 255 255 255 255 236 236 255 186 157 188 255 255 250 255 255 255 255 227 154 11 0 39 255 162 245 255 168 242 255 199 210 203 255 255 243 194 234 255 255 255 155 255 170 179 255 161 0 0 130 255 255 255 255 255 238 255 255 255 198 255 255 206 147 196 255 255 255 255 255 255 255 255 255 100 124 255 141 189 255 255 241 211 255 255 230 247 255 255 242 212 255 255 255 194 246 203 160 255 251 25 0 63 155 255 255 255 198 255 255 255 255 255 255 255 247 192 255 255 255 255 242 255 244 225 255 255 50 0 254 255 255 255 255 255 198 149 219 255 199 255 255 242 152 187 255 227 250 255 255 255 255 255 122 0
75 195 255 255 255 201 255 255 255 255 232 214 255 211 160 165 255 255 255 255 255 255 255 227 161 58 0 38 255 249 255 255 168 219 255 199 214 199 255 255 247 184 234 255 255 255 184 255 164 179 255 177 0 0 130 255 255 255 255 255 255 255 255 255 198 255 255 199 154 214 255 255 255 255 255 255 255 255 255 103 124 255 138 193 255 255 255 225 250 255 208 232 255 255 250 215 255 255 255 194 246 206 163 255 251 23 0 68 167 255 255 255 194 255 255 255 255 255 255 255 236 182 255 255 255 255 238 255 225 248 255 255 49 0 255 255 255 255 255 255 194 137 242 255 203 255 255 230 140 174 255 242 255 255 255 255 255 255 146 0
69 171 255 255 255 187 255 255 255 255 239 210 255 255 189 174 255 255 255 255 255 255 255 216 165 118 0 48 255 255 255 255 255 255 255 214 217 196 255 255 255 178 242 255 255 255 242 255 167 182 255 181 0 0 111 255 255 201 227 255 255 255 255 255 208 255 255 196 154 214 249 219 255 255 255 255 255 206 255 83 127 255 138 200 255 255 245 211 246 255 205 228 255 255 242 208 255 255 255 198 249 210 163 255 255 26 0 91 197 255 255 255 184 255 255 255 255 255 255 255 239 186 255 255 255 255 234 255 222 249 255 255 45 0 164 255 255 255 255 255 208 155 255 255 199 255 255 227 146 177 255 255 255 255 255 255 255 255 168 0
78 195 255 255 255 204 255 255 255 255 251 214 255 255 193 168 255 255 227 238 255 255 255 219 166 197 0 47 255 255 255 255 255 255 255 217 214 199 255 255 255 181 246 255 255 255 255 255 174 186 255 177 0 0 119 255 255 194 155 163 186 234 255 255 191 255 255 196 160 221 212 181 255 255 255 255 255 231 255 90 124 237 147 210 255 255 230 214 255 255 205 236 255 255 234 215 255 255 255 198 246 214 163 255 251 28 0 115 233 255 255 255 173 255 255 255 255 255 255 255 255 196 255 255 255 250 234 255 223 245 255 252 17 0 118 255 255 255 255 255 255 246 255 255 196 255 255 234 155 181 255 255 255 255 255 255 255 255 178 0
80 251 255 255 255 230 255 255 255 255 239 214 255 255 176 162 247 224 143 198 255 255 255 231 199 234 0 43 255 255 255 255 255 249 251 228 206 206 255 255 255 178 246 255 255 255 255 255 167 176 255 164 0 0 113 255 255 255 182 149 140 154 242 255 201 255 255 199 157 228 216 188 255 255 255 255 255 255 255 98 108 190 147 207 255 255 227 244 255 255 191 247 255 255 242 241 255 255 255 198 242 217 163 255 247 26 0 120 237 252 255 255 166 255 255 255 255 246 255 255 255 196 255 255 255 246 238 255 215 253 255 211 0 0 207 255 255 255 255 255 255 255 255 255 196 255 255 227 149 174 255 255 255 255 255 255 255 255 179 0
74 255 255 255 255 255 255 255 254 255 232 221 255 255 179 171 244 210 142 235 255 255 255 233 171 54 0 36 255 255 255 255 255 242 251 243 189 206 255 255 255 171 238 255 255 255 255 255 180 192 255 171 1 0 119 255 255 255 207 171 158 154 242 255 194 253 255 199 160 255 255 255 255 255 255 255 255 255 255 93 108 190 154 221 255 255 242 255 255 255 174 251 255 255 246 253 255 255 255 194 238 221 163 255 251 28 0 120 233 248 255 255 166 255 255 255 255 212 231 255 251 186 255 255 255 238 242 255 226 241 255 239 0 0 255 255 255 255 255 227 238 255 255 255 192 253 255 216 146 181 255 255 255 255 255 255 255 255 176 0
51 255 255 255 255 255 255 255 255 255 232 224 255 255 179 165 236 217 157 251 255 255 255 243 190 6 0 48 255 255 255 255 255 216 236 251 173 199 255 255 255 178 231 255 255 255 212 255 161 176 255 155 0 0 116 255 255 255 186 155 155 173 255 255 208 255 255 210 160 251 255 246 255 255 255 255 255 252 236 93 121 233 177 255 255 255 255 255 255 246 168 251 255 255 242 237 255 255 255 191 238 228 163 255 251 28 0 118 226 248 255 255 166 255 255 255 255 195 219 255 232 179 255 255 255 227 238 255 229 215 255 247 1 0 255 255 255 255 255 255 255 255 255 255 192 246 255 216 146 184 255 255 255 255 255 255 255 255 156 0
11 227 255 255 255 255 255 255 255 255 210 206 255 255 183 155 198 207 170 255 255 255 255 243 163 26 0 29 255 255 255 255 255 208 247 255 179 196 255 255 255 188 227 255 255 255 188 255 170 182 255 143 0 0 111 255 255 255 203 166 151 173 246 255 198 249 255 224 163 239 249 201 255 255 255 255 255 173 182 70 108 247 170 255 255 255 255 255 255 238 168 255 255 255 246 222 242 255 255 191 238 232 163 255 232 23 0 118 222 245 255 255 160 255 255 255 255 195 219 255 224 179 255 255 255 219 230 255 203 201 255 181 0 0 212 255 255 219 238 255 255 255 255 255 192 242 255 216 140 174 239 227 250 255 255 255 255 255 135 0
0 219 255 255 255 255 255 255 255 255 227 208 255 255 168 149 179 210 214 255 255 255 255 233 186 86 0 42 255 255 255 255 255 195 235 255 235 185 255 255 255 188 227 255 255 250 171 255 169 186 255 141 0 0 118 237 255 255 220 156 170 154 221 255 193 229 255 248 157 186 255 236 255 255 255 255 255 201 152 77 100 200 180 246 255 255 255 218 250 238 159 227 255 255 255 246 224 255 255 186 236 236 173 255 196 9 0 145 212 247 255 255 166 243 255 255 255 191 205 255 248 183 255 255 255 220 235 255 201 175 255 187 0 0 202 255 255 166 179 225 255 255 255 255 189 240 255 214 148 193 228 196 237 255 255 255 255 233 105 0
50 249 255 255 255 226 204 231 198 228 208 201 253 255 171 164 200 214 210 255 255 255 255 244 160 22 0 33 255 255 255 255 255 195 235 255 235 185 255 255 255 185 220 255 255 250 171 255 159 182 255 144 0 0 121 237 254 255 254 212 214 154 189 251 218 244 255 248 179 193 255 255 255 255 255 255 255 194 154 77 92 190 170 240 255 255 255 211 255 246 159 220 255 254 250 205 176 236 255 192 236 221 160 247 206 15 0 145 208 243 255 255 163 239 255 255 255 198 212 255 244 179 255 255 255 212 227 255 205 191 255 174 0 5 216 255 251 170 157 176 221 246 255 255 189 240 255 214 145 189 225 186 234 255 255 255 255 245 113 0
55 215 252 255 255 219 152 162 148 207 205 198 250 255 160 165 218 214 203 255 255 246 255 255 179 44 0 27 255 254 245 255 255 188 227 254 231 181 255 255 255 185 212 255 255 250 168 246 175 176 253 144 0 0 94 215 250 255 255 238 240 154 170 244 203 248 255 255 200 179 255 255 255 254 255 255 255 208 176 60 100 229 211 251 253 255 255 197 235 246 156 209 255 254 246 202 173 232 255 189 225 221 163 251 208 19 0 142 205 239 255 255 160 236 255 255 255 202 216 255 240 179 255 255 250 202 220 255 194 191 255 174 0 22 216 252 244 207 163 145 170 193 246 255 186 236 255 214 145 189 217 173 230 255 251 249 250 255 133 0
46 220 255 246 248 237 174 152 142 210 209 195 242 244 151 158 218 214 200 250 254 242 254 255 224 153 0 33 255 242 245 248 250 185 220 242 227 175 255 250 255 181 205 255 254 246 165 235 192 169 241 159 3 0 61 177 242 250 235 227 236 160 173 251 193 232 240 244 214 200 248 251 244 248 245 235 244 241 207 35 105 255 255 255 241 255 255 180 205 238 159 202 254 250 255 223 186 240 251 183 221 232 173 251 196 25 0 141 209 236 248 247 160 232 251 251 255 202 216 255 236 183 248 248 238 198 212 255 188 181 252 201 0 22 193 255 246 248 189 148 151 154 216 242 183 229 255 218 148 189 210 160 230 253 244 242 242 255 151 0
45 232 249 240 239 255 226 174 163 225 209 191 242 244 154 165 214 229 214 241 241 241 245 245 237 147 0 39 255 238 255 240 248 186 214 233 222 173 252 244 255 183 197 240 240 240 167 237 179 163 245 175 16 0 57 152 207 237 233 229 237 176 183 252 200 197 186 176 200 240 244 248 246 229 211 209 236 255 226 25 95 248 241 244 234 250 238 174 204 240 167 204 248 240 248 207 170 229 244 189 221 232 166 229 212 36 0 142 206 228 238 239 163 229 248 244 250 198 212 246 229 190 240 240 233 200 211 255 193 185 248 230 0 19 186 244 242 251 193 160 157 148 210 244 179 221 255 218 151 189 214 160 226 247 244 239 238 255 145 0
59 219 223 243 247 247 227 174 200 240 205 188 235 240 154 165 214 240 229 237 233 241 237 230 237 48 0 26 215 210 245 240 240 183 211 225 214 170 244 237 255 183 183 218 225 229 167 240 175 169 241 153 8 0 63 155 197 237 241 237 233 193 204 252 200 193 190 167 193 248 237 240 244 194 167 198 237 245 222 26 95 211 197 229 236 238 214 167 207 233 164 207 244 237 233 170 157 225 240 189 210 225 166 232 237 55 0 135 197 225 235 236 163 221 240 236 242 191 205 235 225 193 233 233 229 211 215 248 189 188 240 237 0 26 214 237 242 232 183 157 165 155 207 240 183 210 248 218 148 189 221 176 212 241 236 234 231 253 133 0
102 226 226 231 224 229 212 200 225 240 200 183 222 229 151 160 200 233 229 233 226 229 226 226 230 44 0 20 174 170 204 228 233 180 207 222 214 170 240 229 240 183 183 214 222 225 164 233 189 172 230 141 1 0 63 181 215 237 226 229 229 211 218 244 200 222 233 214 218 237 237 237 214 172 152 202 237 229 215 26 98 217 201 229 234 229 203 161 207 225 167 214 237 225 229 164 173 233 233 183 200 222 170 237 242 62 0 127 194 221 227 232 160 214 233 233 237 183 200 229 214 193 225 225 229 222 218 237 183 178 229 234 0 20 232 231 238 220 186 165 162 152 200 228 189 207 236 214 145 189 232 203 208 238 225 223 222 249 145 0
100 200 230 220 207 232 212 230 225 229 190 180 215 225 154 160 186 214 214 222 218 222 218 226 197 116 0 27 180 151 167 207 229 180 207 222 218 170 237 225 225 176 183 222 229 225 160 222 192 160 226 162 9 0 63 215 233 222 200 218 237 229 225 225 193 218 214 225 229 222 229 211 173 166 158 206 237 225 215 21 93 239 230 225 216 229 206 158 214 233 180 225 225 214 233 173 186 237 222 176 200 229 167 214 227 56 0 121 194 218 223 224 160 207 225 233 233 180 197 233 211 193 218 218 226 226 222 229 193 178 225 243 0 3 221 220 220 212 203 171 155 149 198 228 196 203 229 210 142 186 244 221 212 234 217 212 218 253 170 1
57 185 214 203 161 156 202 218 233 221 203 182 217 211 154 164 197 177 191 217 217 221 225 207 171 91 0 32 227 184 169 210 225 186 194 218 213 189 217 221 231 169 182 217 220 209 162 224 194 166 250 127 2 0 61 211 225 217 217 218 222 222 217 217 192 210 221 210 221 228 224 189 151 157 156 196 223 217 202 25 92 216 213 181 192 225 203 154 214 218 193 211 225 222 218 183 187 229 222 173 186 218 173 214 226 80 0 90 204 211 231 219 163 206 210 221 222 189 192 221 199 192 215 218 218 217 214 232 175 180 233 150 0 0 108 220 224 218 186 178 162 157 204 224 197 201 222 193 151 183 232 212 212 230 214 224 221 232 160 2
0 167 220 208 188 158 160 161 186 200 193 176 214 210 155 167 191 164 179 217 220 209 209 207 177 24 0 31 255 189 187 200 219 179 192 214 207 179 214 214 221 173 182 206 214 206 160 217 202 170 236 122 1 0 60 184 207 212 216 208 205 208 208 209 192 210 199 203 214 214 203 192 153 157 165 195 214 206 181 19 88 226 187 159 189 205 193 168 201 205 168 178 212 201 178 149 189 221 218 176 182 214 176 210 209 83 0 87 186 199 201 209 160 203 210 217 217 189 189 214 203 196 214 210 199 207 211 214 187 184 203 149 0 0 184 219 212 209 176 167 155 154 195 216 179 189 214 192 157 186 222 194 208 215 198 213 210 218 151 6
0 161 208 200 198 161 160 152 165 194 191 171 205 201 149 166 186 163 175 205 209 202 200 207 204 0 0 38 247 179 197 213 205 171 188 209 194 173 207 204 214 176 183 200 211 207 160 211 190 170 222 122 0 0 66 168 194 209 205 194 191 201 212 207 194 205 174 198 201 208 194 201 161 164 188 203 211 201 170 19 82 215 167 158 198 197 195 180 200 211 167 170 211 200 173 157 190 208 204 173 170 200 173 197 197 71 0 57 167 200 193 208 161 201 208 208 208 185 183 200 188 184 205 194 178 195 211 211 161 174 206 155 0 0 212 200 204 204 170 157 151 157 194 208 175 182 211 193 160 186 214 179 201 212 201 213 205 205 139 12
20 180 197 197 187 159 174 152 167 202 192 166 199 195 154 167 203 193 193 203 203 199 199 199 181 3 0 66 226 177 177 205 203 169 182 206 193 173 206 199 206 176 179 199 206 203 160 206 187 170 210 136 8 0 61 147 189 203 190 170 167 182 199 196 195 195 162 202 192 206 202 202 186 185 208 201 200 198 160 16 85 215 170 176 206 198 209 193 196 210 186 186 206 199 196 196 200 203 203 182 169 199 182 192 202 78 0 43 164 196 198 203 154 189 200 199 199 189 189 207 196 190 204 193 164 169 199 206 173 177 215 143 0 0 181 205 200 203 171 155 152 158 193 203 176 182 206 189 157 176 203 179 184 199 196 199 196 198 130 17
6 166 200 203 195 168 172 152 165 200 187 167 194 200 164 167 189 182 180 194 201 194 194 200 160 8 0 47 224 168 171 210 203 172 182 199 192 172 199 192 196 163 169 196 199 189 157 196 193 179 210 155 22 0 66 156 183 190 167 157 160 177 208 203 194 183 164 204 183 200 211 183 196 191 206 194 193 193 141 0 46 220 185 162 190 186 194 183 194 197 197 204 194 190 204 200 197 194 194 183 167 190 176 184 219 97 0 48 168 179 196 190 164 188 200 197 193 184 174 190 192 188 195 189 157 153 188 206 177 167 199 156 8 1 176 210 194 207 176 160 160 163 190 200 178 181 202 191 162 175 202 188 190 205 197 195 203 205 116 7
0 160 218 199 202 179 162 167 177 203 200 183 197 197 173 166 209 192 186 200 214 193 181 201 167 7 0 21 233 164 183 206 191 174 181 191 191 168 187 194 203 169 179 203 192 192 166 189 186 185 214 138 7 0 57 177 187 184 161 161 161 162 190 194 211 190 173 204 197 190 211 173 185 185 197 205 214 196 128 0 9 204 200 165 200 194 179 177 207 196 207 218 200 200 207 193 210 207 203 203 189 210 196 203 234 107 0 45 170 193 211 193 184 193 207 206 199 190 183 204 181 187 187 180 161 161 188 201 171 180 210 203 29 0 176 189 196 214 187 177 177 171 189 203 191 184 197 201 177 181 200 193 201 211 207 199 215 189 71 0
0 131 167 119 107 99 91 108 119 136 134 118 110 108 100 92 113 118 107 114 142 160 166 179 124 5 0 19 163 111 102 97 142 148 160 166 173 147 171 197 201 177 190 204 180 194 177 174 160 169 182 110 3 0 38 134 173 169 147 150 130 103 118 124 137 120 106 117 146 106 122 106 106 100 102 117 120 105 95 0 0 106 118 118 138 127 114 116 116 108 108 110 108 108 110 113 105 105 102 108 102 116 105 110 157 66 0 24 108 143 139 136 106 101 108 111 116 125 137 174 170 189 176 158 154 151 151 139 134 152 162 136 13 0 94 98 113 130 110 108 106 92 105 116 134 106 106 113 100 97 105 102 105 110 109 107 113 95 23 0
0 54 55 20 2 5 8 15 24 29 27 16 5 4 6 5 5 21 11 0 14 48 61 54 58 0 0 0 28 23 4 2 23 37 46 52 61 45 64 94 98 85 98 98 74 93 85 67 56 54 63 38 0 0 2 29 57 57 49 57 37 11 18 26 27 19 6 11 44 6 12 14 13 5 0 0 0 0 30 0 0 0 0 18 14 5 11 11 0 0 0 0 0 0 0 8 6 8 6 11 11 17 11 15 42 11 0 0 25 39 25 39 14 4 2 1 5 15 33 68 59 81 63 47 52 54 44 23 30 45 53 30 0 0 7 5 5 16 7 8 7 0 0 7 33 8 0 2 0 0 0 0 3 2 2 0 5 8 0 0

