0 0 0 0 0 0 0 0 0 0 0 0 0 0 1 9 0 0 0 0 0 0 0 0 0 0 0 0 27 21 19 8 5 31 31 28 24 43 51 41 24 2 0 0 0 0 0 7 11 14 9 10 0 0 11 1 0 0 0 0 0 0 0 0 0 0 0 0 0 0 0 0 3 0 0 0 0 0 0 0 2 0 0 0 0 0 0 8 4 0 0 13 0 0 21 1 10 1 5 28 35 33 41 37 2 0 0 9 40 35 26 36 55 61 45 51 66 63 59 66 62 47 35 29 30 23 21 0 0 0 9 0 0 0 22 48 33 31 16 0 0 1 4 0 0 0 0 0 1 10 11 8 0 0 0 0 8 49 5 12
0 48 83 79 82 77 77 70 74 77 72 74 79 77 91 99 78 79 69 75 87 90 89 73 95 10 0 55 126 125 110 103 105 127 116 125 125 142 145 142 124 94 100 80 83 75 71 83 98 100 109 71 0 6 116 95 80 89 84 77 77 79 77 77 83 78 81 76 76 81 78 88 95 94 101 90 90 85 20 0 21 68 80 82 85 70 77 92 95 90 90 108 85 78 116 97 95 83 86 108 111 114 125 119 82 0 0 4 146 136 121 121 145 154 142 148 158 151 151 161 155 137 125 127 128 109 114 85 70 82 108 53 0 0 54 136 128 131 125 87 80 81 84 63 65 77 72 87 89 102 99 90 86 69 69 77 114 142 13 18
8 135 208 198 206 199 203 206 200 196 176 186 203 200 193 196 195 189 171 174 187 200 211 197 216 63 0 113 197 200 162 188 198 188 162 181 191 191 181 184 201 184 203 198 204 200 183 191 204 189 192 133 0 26 228 205 192 199 200 189 196 200 197 197 204 197 200 197 197 204 197 193 160 187 198 183 204 204 83 0 35 150 209 199 200 187 183 184 186 203 189 203 193 173 196 203 184 174 167 171 167 177 197 180 160 0 0 23 206 187 182 204 174 180 183 190 183 167 180 190 194 174 173 200 200 170 194 190 192 170 187 109 0 0 87 193 184 188 203 196 200 189 203 189 166 193 193 200 189 199 194 174 172 170 184 189 206 195 34 22
58 183 201 193 196 186 184 183 183 180 154 167 190 193 170 173 190 170 157 157 166 181 194 194 192 94 0 64 172 190 147 195 194 174 143 167 187 190 177 187 182 170 186 183 190 190 168 173 197 186 166 138 0 14 176 203 181 183 190 173 190 194 190 190 195 182 189 195 195 185 182 182 179 189 189 164 172 205 130 0 38 165 197 185 192 192 185 181 174 194 183 187 180 164 174 190 190 186 170 160 157 173 190 164 151 0 0 84 198 181 167 194 178 178 194 201 188 168 188 191 190 174 174 197 197 161 186 193 195 162 187 135 0 0 88 199 192 185 192 192 195 178 188 174 157 185 188 185 168 186 176 155 148 167 174 194 181 182 80 22
77 183 180 193 197 197 201 177 186 186 157 169 192 203 172 186 196 169 158 159 166 184 196 196 213 108 0 35 189 204 156 184 196 186 160 176 192 203 182 199 199 184 193 189 193 196 167 172 186 200 171 162 0 4 136 200 179 179 189 166 189 196 193 189 189 189 196 200 189 183 189 183 203 192 194 179 154 186 166 5 77 193 189 187 200 192 182 194 189 196 196 196 182 173 182 196 189 193 173 160 163 182 193 163 154 0 0 72 187 182 167 190 172 169 192 199 189 162 189 189 192 182 179 192 196 163 189 193 200 167 197 157 15 0 97 221 199 195 196 193 196 180 200 187 152 180 194 186 171 201 187 157 160 168 167 197 199 212 117 32
62 196 194 202 193 200 203 166 197 200 164 173 193 211 170 197 200 166 157 158 160 186 197 197 222 57 0 28 204 194 168 193 202 205 181 181 191 202 175 191 193 180 185 197 201 211 176 181 191 199 168 151 0 5 149 197 180 183 200 164 193 202 195 182 160 190 204 186 170 190 207 180 201 188 202 199 166 194 204 8 88 200 187 204 201 176 164 179 197 190 201 197 184 180 184 197 197 204 187 177 187 201 204 177 163 0 0 15 192 184 177 201 177 174 198 201 201 164 194 198 191 185 178 191 198 171 198 202 203 171 200 135 1 0 92 216 194 201 205 199 186 164 186 176 151 176 197 193 173 204 186 154 158 155 171 192 203 196 78 22
51 214 202 206 203 207 214 189 203 207 160 170 196 218 166 193 205 163 155 155 161 191 203 200 242 41 0 45 204 180 158 196 198 205 191 191 202 209 181 205 200 179 186 204 204 210 167 174 210 205 174 147 1 14 192 208 176 183 210 163 196 211 200 173 158 191 201 184 168 191 208 171 187 201 186 169 158 202 235 22 93 212 201 217 189 164 154 171 205 202 209 202 202 198 188 209 203 214 200 200 203 207 214 200 155 0 0 22 221 197 168 204 182 182 209 202 206 162 195 209 214 203 193 203 206 169 192 203 187 184 240 126 0 0 107 230 198 202 205 210 200 163 189 183 152 176 203 196 170 200 189 163 157 154 171 189 204 203 100 32
71 249 210 213 221 207 196 196 211 211 164 174 204 229 170 201 218 170 162 162 171 200 215 217 208 30 0 44 199 208 167 213 217 221 210 210 217 217 182 210 207 187 189 217 213 218 174 184 203 211 188 151 5 8 192 215 177 190 222 170 204 217 199 169 197 215 222 215 190 190 204 171 170 223 206 175 182 219 244 18 102 225 211 210 174 158 154 161 202 213 213 202 217 209 182 213 208 222 215 215 215 211 218 218 173 0 0 45 202 204 161 212 184 191 219 208 212 162 194 216 217 203 192 210 213 169 201 222 201 174 221 111 0 0 139 203 218 207 200 213 211 170 190 183 154 179 211 204 176 215 215 207 190 173 147 180 199 233 179 39
74 242 222 218 207 215 218 222 232 210 166 166 203 232 170 196 225 170 154 160 183 211 214 218 244 75 0 62 201 208 167 204 225 222 211 225 222 207 186 222 211 186 193 225 218 225 170 186 226 213 194 158 41 0 162 219 180 183 225 167 204 225 207 164 190 237 211 229 204 200 214 173 173 214 211 205 218 237 252 19 106 236 209 224 176 161 158 186 214 222 229 197 211 222 197 214 218 229 218 214 218 211 215 226 183 0 0 58 206 205 166 211 180 186 225 222 218 173 193 225 222 197 193 207 229 164 218 214 193 155 174 93 0 0 164 210 218 200 215 215 211 200 211 173 145 183 221 205 185 210 210 225 224 210 204 187 210 215 202 43
57 232 237 233 218 223 216 204 218 214 166 166 210 236 173 203 233 173 154 154 167 204 225 233 255 110 0 66 222 222 177 215 229 222 211 229 225 214 190 225 218 190 197 226 218 229 173 190 226 224 194 165 60 0 146 241 183 186 229 170 207 229 211 167 187 237 225 233 186 190 225 186 173 237 225 231 215 200 252 22 122 248 223 236 180 161 177 240 225 222 229 211 222 222 204 233 233 222 218 222 222 226 222 197 166 8 0 54 199 219 166 214 186 186 222 218 218 170 197 229 229 204 197 211 229 160 222 222 218 183 171 88 0 0 116 255 222 211 226 222 222 222 229 180 157 186 225 202 171 225 236 225 206 207 222 227 240 237 211 34
21 190 237 236 225 233 221 193 193 218 166 166 218 248 173 210 240 176 157 154 157 197 229 229 228 119 0 53 226 222 177 218 237 218 211 237 233 218 193 233 225 190 200 233 226 240 176 193 229 241 191 171 72 0 120 249 180 183 237 173 218 229 200 151 187 229 233 240 176 183 225 173 163 229 214 231 211 176 251 21 120 244 223 221 173 167 192 244 233 229 222 190 176 186 193 240 225 193 211 237 229 241 226 170 148 21 0 59 201 219 156 207 197 190 222 218 218 173 200 237 237 207 200 214 233 160 225 229 227 218 191 103 0 0 116 255 226 226 233 226 233 229 237 183 154 189 240 209 168 236 228 186 200 232 229 227 236 229 184 24
2 170 243 240 230 241 237 191 176 221 163 166 225 251 173 218 237 180 160 160 167 211 244 229 217 116 0 51 233 226 187 230 244 214 207 244 240 218 197 240 233 193 204 241 233 248 176 193 233 241 191 174 70 0 104 244 186 183 240 170 222 237 207 160 218 241 229 237 173 190 237 164 203 244 229 242 237 210 255 21 122 255 246 226 193 213 229 223 233 240 218 176 157 180 197 240 222 167 200 248 226 237 229 170 146 11 0 73 226 221 158 219 207 193 225 229 225 176 207 240 240 214 204 225 240 160 229 237 233 241 237 130 0 17 191 237 233 233 233 233 229 214 225 183 148 193 248 220 178 240 200 154 186 255 233 227 244 234 164 29
8 177 255 251 237 246 241 191 170 225 154 166 229 255 173 221 246 186 154 157 170 210 255 254 232 116 0 56 241 226 187 230 248 207 203 251 248 218 196 244 236 193 205 246 242 254 176 193 235 239 197 177 56 0 103 244 200 183 240 162 223 244 228 183 250 254 238 235 170 196 255 176 221 229 236 230 244 244 255 22 121 244 253 245 225 255 252 229 240 236 207 210 214 225 210 248 229 154 196 251 220 227 235 198 164 0 0 55 230 210 158 217 214 196 236 244 236 179 214 248 246 220 205 235 250 162 231 238 244 247 255 145 0 25 226 245 238 238 238 242 232 193 210 189 145 203 244 216 185 232 170 154 165 221 233 249 244 241 155 27
11 171 255 255 241 244 243 193 176 229 148 170 229 255 176 225 255 205 163 154 151 173 231 255 236 110 0 45 237 233 184 230 255 207 207 255 251 214 196 251 244 193 212 248 248 255 176 196 242 244 204 184 50 0 108 255 193 176 244 165 231 244 217 166 225 246 246 250 171 188 251 183 243 238 255 242 240 232 255 29 105 201 238 255 244 245 253 252 255 225 176 229 255 255 203 240 210 145 196 255 238 246 250 227 211 0 0 22 217 207 143 204 220 198 242 255 242 181 216 254 250 223 205 242 255 165 238 246 247 249 255 151 0 0 145 230 242 242 242 255 240 186 210 200 142 207 244 223 188 225 154 154 162 177 222 255 232 253 161 29
8 145 255 255 249 246 250 200 193 232 145 176 232 255 179 225 255 246 210 186 154 148 202 255 236 116 0 28 241 255 184 245 255 207 210 255 255 214 200 255 251 196 216 255 255 255 179 200 252 255 211 191 51 0 98 255 189 173 251 171 246 251 214 157 218 244 254 255 178 185 242 189 255 254 255 246 211 163 239 19 89 177 234 255 253 248 255 255 255 232 160 207 255 255 193 236 214 151 183 225 231 255 255 246 233 21 0 13 232 232 133 211 223 198 250 255 242 181 220 255 255 227 202 246 255 168 246 254 247 253 255 148 0 0 105 215 246 255 250 255 248 189 207 189 142 207 255 235 185 244 179 186 200 191 225 255 246 255 144 43
8 137 255 255 255 255 250 204 203 236 145 179 236 255 183 229 254 255 255 244 189 154 205 255 232 124 0 15 237 255 174 249 255 207 214 255 255 214 200 255 255 196 220 255 255 255 179 203 255 255 211 191 51 0 81 255 200 176 251 168 250 255 244 193 252 255 255 255 181 188 254 214 255 255 255 255 218 144 255 34 77 171 234 255 255 255 255 239 236 251 173 196 251 255 210 248 255 176 166 170 188 250 255 255 190 49 0 10 244 248 119 211 223 198 250 255 242 178 220 255 255 227 198 242 255 168 250 255 255 255 255 139 0 0 145 233 250 255 255 255 248 193 203 170 154 210 255 242 181 255 251 255 255 255 248 255 255 255 82 21
29 206 255 255 255 255 249 219 231 207 149 181 246 255 170 240 255 255 255 255 255 207 233 255 244 117 0 19 246 255 189 251 255 201 205 255 255 223 191 255 255 195 223 255 255 255 183 207 255 255 206 208 49 0 82 255 204 157 255 178 220 255 255 212 244 255 255 255 196 179 250 231 252 255 255 255 226 172 255 35 87 164 216 255 255 255 255 226 204 255 194 160 252 255 220 247 255 225 152 154 154 231 255 255 250 0 0 8 255 226 136 212 237 200 252 255 255 178 220 255 255 238 174 216 255 161 253 255 255 255 255 141 0 0 141 221 255 255 255 255 236 179 203 170 145 225 255 235 181 255 255 255 255 255 255 243 255 255 103 19
42 239 255 255 255 255 255 255 255 218 149 178 246 255 170 244 255 255 255 255 255 255 255 255 255 95 0 58 250 255 182 255 255 219 230 255 255 216 188 255 255 202 235 255 255 255 189 210 255 255 220 211 49 0 116 255 204 157 255 178 223 255 255 227 236 255 255 255 186 179 255 255 255 255 255 255 237 209 255 29 139 249 255 255 255 255 255 230 233 255 201 157 255 255 212 221 255 212 151 157 157 232 255 255 255 0 0 25 255 215 145 223 222 214 255 255 255 181 223 255 255 246 188 219 255 184 255 255 255 255 255 159 0 0 106 206 255 255 255 255 205 173 240 200 148 229 255 246 195 255 255 255 255 255 255 255 255 255 164 35
44 255 255 255 255 255 255 255 255 221 143 178 254 255 170 251 255 255 255 231 255 255 255 255 255 75 0 68 255 255 186 255 255 230 253 255 255 223 184 255 255 220 254 255 255 255 193 210 255 255 227 203 45 0 130 255 203 160 255 175 231 255 255 250 214 255 255 255 186 189 255 255 255 255 255 251 190 186 255 24 151 255 255 255 255 255 255 253 237 255 198 145 252 255 212 225 255 218 148 160 170 244 255 255 255 9 0 39 255 229 139 201 237 252 255 255 255 181 235 255 255 242 205 219 255 219 255 255 255 255 255 172 0 0 124 207 255 255 255 255 181 166 255 203 133 214 255 246 195 255 255 255 255 255 255 255 255 255 226 31
38 255 255 255 255 255 255 255 255 221 140 181 255 255 174 255 255 255 255 246 255 255 255 255 255 64 0 31 255 255 197 255 255 227 253 255 255 238 178 255 255 254 255 255 255 255 191 210 255 255 222 207 49 0 121 255 207 163 255 178 234 255 255 255 205 255 255 255 192 219 255 255 221 255 255 255 161 154 255 29 149 255 255 255 255 255 255 245 191 255 194 143 254 255 212 237 255 210 140 149 161 237 255 255 255 22 0 16 255 244 139 205 255 255 255 255 255 178 246 255 255 227 216 208 255 227 255 255 255 255 255 159 0 31 194 205 255 255 255 242 152 152 253 203 134 224 255 253 191 255 255 255 255 244 226 255 255 255 241 29
40 255 255 255 255 255 255 255 255 224 140 181 255 255 178 255 255 255 253 255 255 255 255 255 255 33 0 47 255 255 204 255 255 223 249 255 255 238 178 253 255 255 255 255 255 255 194 212 255 255 211 218 55 0 118 255 214 160 255 188 238 255 255 255 215 255 255 255 189 253 255 255 207 255 255 255 167 167 255 39 168 255 255 255 255 255 255 239 162 239 187 152 255 255 216 234 255 243 182 164 149 189 255 255 255 46 0 26 255 255 133 205 255 255 255 255 255 178 242 255 255 216 227 208 255 255 255 255 255 255 255 150 0 51 219 191 255 255 255 250 212 216 255 205 158 255 255 255 194 255 255 255 255 237 208 255 255 241 197 31
39 255 255 255 255 255 255 255 255 232 143 177 255 255 174 255 255 234 188 255 255 255 255 255 255 29 0 133 255 255 192 255 255 227 253 255 255 227 198 255 255 255 255 255 255 255 198 219 255 255 211 214 35 0 116 255 221 147 255 198 242 255 255 255 208 255 255 255 179 255 255 255 193 255 255 255 164 176 255 59 181 255 255 255 255 255 255 253 212 243 177 149 255 255 219 234 255 255 255 251 199 189 238 255 255 15 0 37 255 241 133 219 255 255 255 255 255 184 230 255 255 216 246 208 255 255 255 255 255 255 255 169 0 18 180 196 255 255 255 255 255 255 255 208 152 232 255 255 194 255 255 255 255 229 187 255 255 234 160 27
24 243 255 255 255 255 255 255 255 232 143 177 255 255 174 255 255 191 158 255 255 255 255 255 255 64 0 162 255 255 186 255 255 234 255 255 255 227 227 255 255 255 255 255 255 255 194 219 255 255 222 197 0 0 118 255 224 133 255 208 246 255 255 255 191 255 255 255 169 255 255 255 196 255 255 255 151 183 255 79 195 255 255 255 255 255 255 255 255 255 171 143 255 255 223 237 255 255 255 255 255 255 255 255 255 11 0 25 255 233 133 249 250 246 255 255 255 194 219 246 255 227 255 191 246 255 194 212 255 254 255 182 0 0 128 199 255 255 255 255 255 255 255 230 143 182 255 255 191 255 255 255 255 232 198 255 255 255 170 35
7 217 255 255 255 255 255 255 255 224 146 181 255 255 178 255 255 168 161 255 255 255 255 255 255 67 0 131 255 255 196 255 255 242 255 255 255 238 249 249 255 255 255 255 255 255 188 216 255 255 233 182 0 0 132 255 224 124 255 216 245 255 255 255 187 255 255 255 163 255 255 255 214 255 255 239 136 186 255 74 184 255 255 255 255 255 255 255 255 255 174 152 255 255 219 234 255 255 234 231 255 255 255 255 255 11 0 7 255 248 122 246 238 238 255 255 255 201 212 223 255 227 255 188 253 255 181 181 255 212 255 172 0 0 94 179 255 255 255 255 255 254 255 246 161 173 255 255 205 255 255 255 255 255 255 255 255 255 173 39
11 205 255 255 255 255 255 255 246 255 140 177 255 255 188 255 255 155 163 255 255 255 255 255 255 77 0 147 255 255 204 255 255 254 255 255 255 242 249 230 255 255 255 255 255 255 181 224 255 255 215 182 3 0 124 255 200 139 255 205 250 255 255 255 191 255 255 255 194 255 255 255 203 255 255 178 157 176 255 84 187 255 255 255 255 255 255 255 255 255 178 137 255 255 223 226 255 219 163 249 255 255 255 255 255 0 0 39 255 249 137 251 223 219 255 255 255 238 203 214 255 223 232 199 253 255 255 227 255 173 211 200 0 0 94 174 255 255 255 255 255 255 255 238 151 243 209 255 194 255 255 255 255 255 255 255 255 255 168 33
10 197 255 255 255 255 255 247 223 255 140 181 255 255 188 255 219 164 163 212 255 255 255 255 255 94 0 147 255 255 194 255 255 250 255 255 255 230 246 238 255 255 255 255 255 255 188 232 255 255 237 210 24 0 118 255 200 139 255 205 250 255 255 255 177 255 255 255 194 255 255 255 189 255 255 182 145 193 255 37 161 255 255 255 255 255 255 255 237 251 181 146 255 255 227 241 255 168 154 219 255 255 255 255 255 48 0 62 255 249 131 247 234 234 255 255 255 223 203 221 255 216 230 199 253 255 255 255 255 166 226 163 0 0 97 184 255 255 255 255 255 255 255 223 145 236 246 255 205 255 255 255 255 255 255 255 255 255 172 27
10 184 255 255 255 255 255 255 209 255 143 177 255 255 181 255 197 168 152 151 230 255 255 255 255 84 0 106 255 255 187 255 255 250 255 255 255 238 242 234 255 255 255 255 255 255 191 247 255 255 255 228 51 0 110 255 200 139 255 205 250 255 255 255 171 255 255 255 194 255 255 255 196 255 255 227 139 207 255 27 161 255 255 255 255 255 255 255 222 236 174 149 255 255 231 237 247 142 144 161 205 255 255 255 255 46 0 39 255 237 145 247 223 230 255 227 255 219 217 240 255 208 238 203 246 255 255 255 255 207 255 128 0 0 97 174 255 255 255 255 255 255 255 219 139 232 255 255 227 255 255 255 255 255 255 255 255 255 178 29
8 170 255 255 255 255 255 247 216 255 149 174 255 255 178 255 212 158 152 157 217 255 255 255 255 63 0 85 255 255 200 255 255 255 255 255 255 242 246 227 255 255 255 255 255 255 191 251 255 255 255 214 59 0 108 255 200 139 255 205 254 255 255 255 174 255 255 255 184 243 255 255 200 255 255 255 148 214 255 31 146 245 239 255 255 255 255 255 214 217 158 146 255 255 242 226 255 194 216 208 227 255 255 255 255 20 0 38 255 237 145 247 223 230 255 198 255 223 224 244 255 205 242 194 230 255 254 255 246 232 255 133 0 0 99 174 255 255 255 216 250 255 255 227 139 243 255 255 246 255 255 255 255 255 255 255 255 255 159 33
3 154 255 255 255 255 255 239 216 255 152 177 255 255 178 255 208 140 173 192 198 255 255 255 255 45 0 81 255 255 204 255 255 255 255 223 255 238 249 219 255 255 255 255 255 255 188 251 255 255 255 199 59 0 110 255 200 139 255 205 254 255 255 255 177 255 255 255 171 224 255 255 200 255 255 255 170 248 255 33 57 205 238 255 255 255 255 255 197 207 149 143 255 255 255 234 255 255 255 255 255 255 255 255 255 49 0 85 255 255 125 238 255 255 255 188 255 219 214 221 255 216 246 184 219 255 250 255 255 238 255 167 0 0 111 158 255 255 255 205 255 255 255 227 140 253 255 255 255 255 255 255 255 247 255 255 255 255 138 35
14 170 255 255 255 255 255 255 201 241 149 191 255 255 178 255 255 216 255 253 198 255 255 255 255 29 0 56 255 255 207 255 255 255 255 198 253 253 255 201 255 255 255 255 255 255 188 247 255 255 255 203 59 0 116 255 200 139 255 205 250 255 255 255 174 255 255 255 174 243 255 255 196 255 255 224 164 240 255 50 0 170 242 255 255 255 255 225 190 225 165 146 255 255 255 237 255 255 255 255 255 255 255 255 255 97 0 97 255 253 138 230 255 255 255 191 255 219 206 217 255 250 255 194 221 255 230 242 255 255 255 170 0 20 158 155 255 255 255 201 255 255 255 223 146 255 255 255 255 255 255 255 255 255 255 255 255 255 121 28
35 197 255 255 255 255 255 255 195 215 146 201 255 255 178 255 255 255 255 255 219 255 255 255 255 33 0 36 255 255 227 255 255 255 255 198 255 255 255 191 255 255 255 255 255 255 194 251 255 255 255 214 57 0 113 255 200 139 255 205 250 255 255 255 171 255 255 255 178 255 255 255 193 255 255 178 145 176 255 42 0 163 242 255 255 255 255 164 197 251 181 146 255 255 250 237 255 255 255 255 255 255 255 255 255 94 0 105 255 249 151 234 255 255 255 201 255 227 210 221 255 255 255 205 217 255 216 198 255 255 255 160 0 18 170 171 255 255 255 227 255 255 255 230 161 255 255 255 255 255 255 255 255 255 255 255 255 251 115 26
19 174 255 255 255 255 255 247 195 208 140 201 255 255 178 255 255 255 255 255 255 255 255 255 255 36 0 28 255 255 223 255 255 255 255 188 255 255 255 191 255 255 255 255 255 255 198 255 255 255 255 221 53 0 110 255 200 139 255 205 250 255 255 255 174 255 255 255 168 243 255 255 203 255 255 169 167 148 175 14 1 141 216 255 255 255 255 133 200 255 184 143 255 255 254 237 255 255 255 255 255 255 255 255 255 81 0 183 255 255 125 253 219 234 255 212 255 227 203 217 255 255 255 198 210 255 238 212 255 255 255 187 0 0 108 171 255 255 255 255 255 255 255 234 181 255 255 255 255 255 223 255 255 255 255 255 255 238 138 45
5 148 255 255 255 255 255 205 191 214 137 203 255 255 184 255 255 255 255 255 255 255 255 255 255 33 0 42 255 255 226 255 255 255 255 195 255 255 249 208 255 255 255 249 205 255 223 254 255 255 255 207 62 0 110 255 203 139 255 212 250 255 255 255 177 255 255 255 166 255 255 255 190 255 255 184 154 226 203 16 1 161 209 255 255 255 211 176 227 255 191 174 255 255 250 236 255 255 255 255 209 254 255 255 237 49 0 142 255 243 160 241 223 238 255 201 255 230 228 217 255 255 255 191 227 255 231 246 255 255 255 169 0 0 105 187 255 255 255 255 255 255 255 234 168 255 255 255 227 251 161 212 242 255 255 255 255 255 224 45
2 142 255 255 255 255 255 168 205 232 140 196 255 255 184 255 255 255 255 255 255 255 255 255 255 33 0 75 255 255 226 255 255 255 255 195 255 255 255 216 255 255 255 238 194 255 234 255 255 255 255 193 60 0 105 255 203 136 255 212 254 255 255 255 171 255 255 255 182 255 255 255 215 255 255 230 157 255 255 27 0 164 220 255 255 255 255 255 255 255 184 174 255 255 254 236 255 255 255 255 191 238 255 255 183 51 0 148 255 255 166 253 227 234 255 201 255 242 234 230 255 255 255 181 223 255 255 255 255 255 255 166 0 9 170 171 255 255 255 255 234 212 255 250 168 249 255 255 216 236 149 152 133 230 255 255 255 255 131 37
31 189 255 255 255 255 255 160 216 247 143 196 255 255 181 255 255 255 255 255 255 255 255 255 255 33 0 103 255 255 230 255 255 255 255 195 255 255 255 227 255 255 255 230 184 255 254 255 255 255 255 211 81 0 107 255 206 139 255 208 254 255 255 255 171 255 255 255 192 237 255 242 192 255 255 255 176 255 255 16 0 155 202 255 255 255 255 255 255 255 194 149 205 255 255 224 255 255 255 255 191 234 255 255 223 71 0 103 255 255 176 255 230 227 255 198 255 255 249 255 255 255 255 181 219 255 255 255 255 255 255 169 0 23 190 161 255 255 255 255 184 171 255 255 186 255 255 255 230 255 198 155 148 212 255 255 210 201 34 27
59 228 255 255 255 255 255 157 216 255 143 196 255 255 181 255 255 255 255 255 255 255 255 255 255 33 0 92 255 255 242 255 255 255 255 198 255 255 255 230 255 255 255 223 181 255 255 255 255 255 252 248 96 0 105 255 203 144 255 201 250 255 255 255 168 255 255 255 217 212 255 255 206 255 255 255 222 255 255 22 1 152 188 255 255 255 255 255 255 255 226 152 191 255 255 239 255 255 255 255 254 255 255 255 236 75 0 115 255 255 189 255 227 216 255 194 255 255 255 255 255 255 255 188 219 255 255 255 255 255 255 186 0 12 158 177 255 255 255 255 168 168 255 255 189 255 255 255 227 255 255 205 139 198 255 247 155 161 45 26
55 231 247 255 255 255 237 155 219 255 140 192 255 255 184 255 255 255 255 255 255 255 255 255 255 35 0 73 255 255 255 255 255 255 255 198 255 255 255 227 255 255 255 227 184 255 255 255 255 255 255 255 78 0 110 255 199 154 255 191 238 255 255 254 168 255 255 255 228 177 255 255 196 255 255 253 244 255 255 19 0 155 195 255 255 255 255 255 255 255 208 149 212 239 223 239 255 255 255 255 255 255 255 255 230 80 0 181 255 255 200 249 223 205 255 191 255 255 255 255 255 234 255 194 223 255 255 255 255 255 255 186 0 6 154 180 255 255 255 255 158 178 255 255 189 255 255 255 212 255 255 251 145 198 255 255 219 171 96 22
53 234 247 255 255 255 225 166 231 255 137 186 255 255 198 255 255 255 255 255 255 255 255 255 255 37 0 78 255 255 255 255 255 255 255 198 255 255 255 223 255 255 255 230 188 255 255 255 255 255 255 233 54 0 130 255 196 160 255 191 238 255 255 255 174 255 255 255 214 168 219 255 199 255 255 238 211 255 255 22 0 146 195 255 255 255 255 255 255 255 205 143 255 255 242 247 255 255 255 255 255 255 255 255 255 92 0 194 255 255 215 253 223 205 255 191 255 255 255 255 255 209 249 191 219 255 255 255 255 255 255 176 0 15 194 171 255 255 255 253 143 178 255 255 187 255 255 255 216 255 255 255 255 255 255 255 255 183 111 19
53 234 243 255 255 255 197 163 242 255 137 186 255 255 205 255 255 255 255 255 255 255 255 255 255 35 0 105 255 255 255 255 255 255 255 198 255 255 255 227 255 255 255 230 188 255 255 255 255 255 255 233 52 0 118 255 196 160 255 198 250 255 255 255 171 255 255 255 206 208 216 255 208 255 255 211 145 201 208 24 0 131 185 255 255 255 218 255 255 255 198 134 255 255 255 255 255 255 255 255 255 255 255 255 255 87 0 188 255 255 229 250 228 216 255 198 255 255 255 255 255 250 255 191 223 255 255 255 255 255 255 179 0 4 184 187 255 255 255 242 137 184 255 255 181 255 255 255 216 255 255 255 255 255 255 255 255 218 125 20
51 232 250 255 255 255 185 163 242 255 143 196 255 255 209 255 255 255 255 255 255 255 255 255 255 33 0 130 255 255 255 255 254 246 255 198 255 255 255 230 255 255 255 227 188 255 255 255 255 255 255 248 58 0 82 255 199 154 255 212 255 255 255 255 171 255 255 255 186 234 208 231 197 255 255 255 170 152 141 14 3 125 188 255 255 255 197 255 255 255 201 161 255 255 255 255 255 255 255 255 255 255 255 255 255 105 0 198 255 255 226 250 236 223 255 201 255 255 255 255 255 255 255 194 227 255 255 255 255 255 255 169 0 0 111 190 255 255 255 234 140 201 255 255 194 255 255 255 231 255 255 255 255 239 252 255 255 198 90 22
49 223 255 255 255 255 174 174 255 246 146 198 255 255 201 255 255 255 255 255 216 255 255 255 255 27 0 114 255 255 255 244 246 227 255 208 255 255 255 227 255 255 255 230 181 255 255 255 255 255 255 234 59 0 73 255 202 158 255 208 246 255 255 253 177 255 250 255 191 241 189 246 183 201 255 255 226 177 151 7 0 128 197 255 255 255 197 255 255 255 198 166 255 255 255 255 255 255 255 255 255 255 255 255 252 103 0 141 255 255 234 255 238 238 255 201 255 255 255 255 255 255 255 184 242 255 255 255 255 255 255 175 0 0 118 187 255 255 255 199 157 216 255 255 198 255 255 255 230 255 255 255 255 215 214 255 218 156 112 21
49 212 255 255 255 255 222 234 255 255 137 212 255 255 205 255 255 255 255 255 208 250 255 255 255 21 0 136 255 255 255 247 249 219 255 205 255 255 255 223 255 255 255 234 181 255 255 255 255 255 255 234 62 0 75 255 209 161 255 201 246 255 255 255 174 253 250 255 187 230 179 238 173 171 223 255 194 255 255 18 0 137 194 255 255 255 229 255 255 255 191 176 255 255 255 255 255 255 255 255 255 255 255 255 216 51 0 33 255 255 255 255 242 246 255 201 255 255 255 234 255 255 255 184 249 255 255 255 255 255 255 171 0 0 120 180 255 255 255 199 160 227 255 255 212 255 255 255 223 255 255 223 148 190 255 255 171 156 111 30
19 168 255 255 255 255 255 255 255 255 134 222 255 255 205 255 255 255 255 255 205 250 255 255 193 30 1 143 255 255 255 245 253 212 255 201 255 255 255 231 255 255 255 238 181 255 255 255 255 255 255 231 64 0 75 255 220 161 255 194 242 255 255 255 177 246 242 255 191 230 176 234 207 255 255 255 143 243 249 21 4 152 197 255 255 255 255 255 255 255 191 186 255 255 255 255 255 253 255 255 255 255 255 255 221 26 0 6 255 255 255 255 254 255 255 198 255 255 255 238 255 255 255 178 255 255 255 255 255 255 255 201 12 0 124 183 255 255 255 196 160 242 255 255 208 246 255 255 227 255 255 234 162 219 255 255 161 175 108 36
0 143 255 255 255 255 255 255 255 255 146 208 255 255 209 255 255 255 255 255 212 254 255 255 211 92 24 143 255 255 255 237 255 208 255 201 255 255 255 255 255 255 255 238 181 255 255 255 255 255 255 234 62 0 70 255 225 154 255 191 238 255 253 255 184 238 227 255 198 233 179 246 200 255 255 237 211 255 151 2 4 158 190 255 255 255 255 255 255 255 194 189 255 255 227 255 236 173 199 242 255 255 255 255 255 26 0 16 255 255 255 255 255 255 255 191 255 255 255 238 255 255 255 174 255 255 255 255 255 255 249 246 36 0 127 202 255 255 255 189 157 253 255 255 181 230 255 255 223 255 255 255 255 226 255 255 181 169 80 33
8 159 255 255 255 255 255 255 255 255 164 168 246 255 209 255 255 255 255 255 208 246 255 255 241 143 19 125 255 255 255 245 255 208 255 201 255 255 255 255 255 255 255 238 181 255 255 255 255 255 255 238 57 0 68 255 225 144 255 194 242 249 230 255 184 230 220 255 191 208 173 255 193 255 255 216 255 255 135 0 0 152 174 255 255 255 255 191 238 255 205 192 255 255 227 255 203 139 136 163 253 255 255 255 243 5 0 21 255 255 255 255 255 255 255 188 255 255 246 234 255 255 255 178 253 255 255 255 255 255 234 230 33 0 133 205 255 255 255 182 157 255 255 255 174 242 255 255 227 255 255 255 255 197 176 255 216 152 64 31
19 170 255 255 255 255 255 255 255 255 171 143 205 255 212 255 255 255 255 255 208 246 255 255 233 134 0 111 255 255 240 255 255 208 255 201 255 255 255 255 255 255 255 234 184 255 255 255 255 255 255 254 55 0 70 255 218 136 255 203 253 245 226 255 174 223 227 255 184 177 154 255 206 212 255 242 255 255 174 0 0 149 167 255 255 255 255 146 216 255 219 199 255 255 231 255 255 210 163 134 230 255 255 184 160 0 0 18 255 255 255 255 255 255 255 198 255 255 246 234 255 255 255 208 255 255 231 255 255 255 234 174 2 0 142 194 255 255 255 179 169 246 255 255 181 253 255 255 238 255 255 255 255 218 157 255 230 161 69 33
19 157 255 255 255 255 255 251 255 255 171 149 205 255 209 255 255 255 255 255 234 255 255 255 248 146 0 122 255 255 239 248 255 205 255 198 255 255 255 255 255 255 255 234 184 255 255 255 255 255 255 255 53 0 75 255 210 133 255 196 255 255 234 255 174 216 227 255 201 171 147 255 199 180 252 255 255 255 206 0 2 152 170 255 255 255 252 134 216 255 227 203 255 255 223 255 255 255 178 128 238 255 231 140 151 0 0 14 255 255 239 255 255 255 255 212 255 255 238 216 255 255 255 255 255 255 191 255 255 255 246 149 0 0 147 187 255 255 255 186 186 219 255 255 171 246 255 255 227 255 255 212 255 255 210 255 208 164 69 29
17 139 255 255 255 255 255 232 255 255 164 171 227 255 205 255 255 255 255 255 255 255 255 255 237 152 0 123 255 255 255 237 255 205 255 194 255 255 255 255 255 255 255 230 184 255 255 255 255 255 255 255 53 0 80 255 207 133 255 182 255 255 234 255 177 208 223 255 226 187 154 255 203 208 225 255 255 255 178 3 2 152 170 255 255 255 240 134 216 255 219 203 255 255 219 255 255 255 255 198 255 255 255 250 165 12 0 23 255 255 216 255 255 255 255 205 255 255 242 212 255 255 255 255 255 255 168 255 255 255 255 162 0 0 150 194 255 255 255 192 199 198 255 255 174 253 255 255 219 255 255 149 239 255 255 255 189 158 66 35
5 108 254 255 255 255 255 230 255 255 155 208 246 255 212 255 255 255 255 255 255 255 255 255 249 133 0 82 255 255 255 244 255 205 255 198 255 255 255 255 255 255 255 246 178 255 255 255 255 255 255 255 58 0 79 255 201 142 255 188 255 255 234 255 191 230 242 255 205 227 161 255 238 191 255 255 255 255 185 2 0 164 164 255 255 255 207 143 230 255 227 201 255 255 223 255 255 255 255 255 255 255 255 255 187 43 0 17 255 255 210 255 255 242 255 255 255 242 246 242 255 255 255 255 255 255 168 255 255 255 248 187 8 0 176 198 255 255 255 255 205 208 255 255 189 255 255 255 219 255 255 160 244 246 255 255 185 162 62 27
5 114 255 255 255 255 255 255 255 255 161 201 223 254 212 255 255 255 255 255 255 255 255 255 234 122 0 73 255 255 220 244 255 205 255 194 255 255 255 255 255 255 198 234 198 255 255 255 255 255 255 255 58 0 81 255 208 139 255 188 255 255 234 255 198 253 255 255 208 238 165 255 234 255 255 255 255 255 198 2 1 177 171 255 255 255 197 149 242 255 242 208 255 255 223 255 255 255 255 255 234 255 255 255 155 45 0 25 255 255 232 255 255 234 255 255 255 234 230 238 255 255 255 255 255 255 171 255 255 255 229 157 0 0 218 227 255 255 255 246 155 198 255 255 166 255 255 255 223 255 255 217 236 255 255 255 213 159 73 29
0 111 250 255 255 255 255 255 255 255 168 194 216 235 198 255 255 255 255 255 255 255 255 255 249 54 0 77 255 255 213 248 255 205 255 198 255 255 255 255 255 254 171 216 198 255 255 255 255 255 255 255 57 0 84 255 208 136 255 194 255 250 238 255 201 255 255 255 201 242 171 255 247 255 255 255 255 255 188 0 3 184 174 255 255 255 183 161 255 255 255 216 255 255 223 255 255 255 255 253 201 255 255 181 158 53 0 24 255 255 239 255 255 231 255 255 255 223 219 253 255 255 255 255 255 255 165 255 255 255 222 167 0 0 196 255 255 255 255 238 134 184 255 246 173 255 255 255 223 255 255 243 174 255 255 255 255 181 64 24
14 130 238 255 255 255 255 255 255 255 164 198 249 255 201 255 255 255 255 255 255 255 255 255 253 44 0 82 255 255 220 252 255 205 255 198 255 255 255 255 255 255 223 216 181 255 255 255 255 255 255 255 55 0 87 255 201 130 255 205 255 246 234 255 198 255 255 255 194 238 174 255 255 181 246 255 255 255 185 1 1 184 180 255 255 255 170 174 255 255 255 212 255 255 223 255 255 255 181 155 203 255 251 157 145 51 0 62 255 255 224 255 255 223 255 255 255 212 212 255 255 255 255 255 255 255 168 255 255 255 226 187 0 0 156 255 255 255 255 255 171 184 255 255 192 255 255 255 227 255 255 182 177 255 255 255 255 255 63 19
49 174 245 255 255 255 255 255 255 255 161 205 255 255 231 255 255 255 255 255 255 255 255 255 230 111 0 68 255 255 199 240 255 205 255 201 255 255 255 255 255 255 255 234 174 255 255 255 255 255 255 255 55 0 97 255 201 130 255 205 255 246 238 255 198 242 246 255 201 234 171 255 255 155 231 255 191 255 210 2 0 184 187 255 255 255 158 174 255 255 255 198 255 255 223 255 255 255 212 173 228 255 251 168 160 21 0 100 255 255 221 255 255 205 255 255 255 201 205 255 255 242 255 255 255 255 174 255 255 255 215 180 12 0 153 255 255 255 255 255 223 198 255 255 189 249 255 255 227 255 255 154 143 191 255 255 255 255 51 15
51 192 249 255 255 255 245 255 255 255 161 198 255 255 234 255 255 255 255 255 255 255 255 255 234 125 0 66 255 255 192 218 255 205 255 201 255 255 255 255 255 255 255 238 181 255 255 255 255 255 255 255 53 0 113 255 208 139 255 191 246 246 238 255 198 234 246 255 216 238 165 255 255 242 255 255 134 226 255 8 0 187 197 255 255 255 149 168 255 255 255 184 255 255 227 255 255 255 255 255 199 255 255 169 167 7 0 150 255 255 210 255 255 201 255 255 255 212 216 255 253 223 255 255 255 255 171 255 255 255 194 176 24 0 150 255 255 255 255 255 249 212 255 255 182 249 255 255 219 255 255 217 200 231 255 255 255 255 62 19
43 186 245 255 255 250 226 255 255 255 161 187 255 255 223 255 255 255 255 255 255 255 255 255 249 88 0 66 255 255 192 211 255 208 255 201 255 255 255 255 255 255 255 230 184 255 255 255 255 255 255 255 54 0 123 255 205 147 255 181 246 250 238 255 201 234 242 255 219 242 165 255 255 255 255 255 158 233 221 15 1 187 204 255 255 255 152 168 255 255 255 178 255 255 227 255 255 255 255 255 158 198 255 186 136 30 4 175 255 245 186 255 255 201 255 255 255 238 227 255 255 227 255 255 255 255 162 255 255 255 197 180 12 0 159 255 255 255 255 255 255 212 255 255 189 255 255 255 242 255 255 255 255 255 255 255 255 255 62 12
51 197 237 255 255 246 222 255 255 255 161 191 255 255 234 255 255 255 255 255 255 255 255 255 234 103 0 59 255 255 175 225 255 208 255 198 255 255 254 242 255 255 255 234 184 255 255 255 255 255 255 255 52 0 123 255 198 151 255 178 249 254 234 255 198 230 230 255 205 242 168 255 255 255 255 251 218 244 122 0 1 184 208 255 255 255 158 174 255 255 253 174 255 255 230 255 255 255 255 255 212 201 255 174 157 57 0 88 255 255 179 255 255 198 255 255 255 253 230 255 255 223 255 255 255 255 158 255 255 255 215 163 0 0 207 255 255 255 255 255 255 205 255 255 192 255 255 255 255 255 255 255 191 202 255 255 255 255 47 20
30 168 230 255 255 238 244 255 255 255 161 188 255 255 250 255 255 255 255 255 239 255 255 255 254 119 0 69 255 255 189 231 249 216 255 201 255 255 255 219 255 255 255 234 186 255 255 255 255 255 255 255 50 0 118 255 189 166 255 198 253 246 249 255 206 230 231 255 205 246 168 255 255 255 255 227 226 255 154 0 4 194 191 255 255 255 195 177 234 255 234 188 255 255 223 255 255 208 191 255 255 255 255 173 158 2 0 68 255 246 190 255 255 242 255 255 255 255 234 255 253 227 255 255 255 255 168 249 255 255 219 146 19 0 152 255 255 255 255 255 231 212 255 255 181 255 255 255 255 255 255 255 197 225 255 255 255 255 38 22
21 143 232 255 255 238 247 255 255 255 158 194 255 255 255 255 255 255 255 255 254 255 255 255 224 83 0 77 255 255 160 216 255 227 255 205 255 255 255 216 255 255 255 234 189 255 255 255 255 255 255 255 59 0 105 255 196 157 255 249 255 255 238 255 206 227 234 255 227 254 168 255 255 217 255 255 237 255 180 0 5 205 201 255 255 255 228 191 219 255 223 171 255 255 219 255 255 227 174 241 255 255 255 163 145 0 0 252 255 255 170 255 255 255 255 255 255 255 227 255 255 230 255 255 255 255 161 255 255 255 193 152 9 0 114 255 255 255 255 255 223 216 255 255 201 255 255 255 255 255 255 255 223 253 255 255 255 255 56 22
26 145 253 255 255 227 255 255 255 255 155 205 255 255 255 255 255 255 255 255 255 255 255 255 254 64 0 89 255 255 157 235 255 227 255 201 255 253 249 205 255 255 255 230 189 255 255 230 255 255 255 255 54 0 113 255 203 154 255 246 255 255 234 255 199 208 231 255 255 255 171 255 255 166 255 255 237 255 154 0 2 227 237 255 255 255 220 152 223 255 230 174 255 255 230 255 255 255 201 241 255 255 255 176 164 2 0 208 255 255 180 255 255 255 250 255 255 255 198 255 255 230 255 255 255 255 158 255 255 255 197 204 27 0 111 255 255 250 255 255 219 216 255 254 208 255 255 246 255 255 255 255 194 208 234 252 255 255 86 22
37 163 255 255 255 207 255 255 255 255 152 216 255 255 255 255 255 255 255 255 255 255 255 255 254 52 0 118 255 255 161 216 255 227 255 201 255 246 242 198 255 255 255 230 189 255 255 216 255 255 255 255 49 0 127 255 203 160 255 201 255 253 238 255 196 198 231 255 255 255 168 255 251 152 234 255 255 255 127 0 3 244 255 255 255 255 204 129 219 255 227 178 255 255 227 255 255 255 198 226 255 255 255 255 167 0 0 63 255 255 190 249 255 231 149 234 255 255 216 255 253 234 255 255 255 255 161 255 255 255 174 158 5 0 134 255 255 227 255 255 227 216 255 255 208 255 255 230 255 255 255 255 183 187 169 160 182 255 112 31
47 174 241 255 255 200 255 255 255 255 149 219 255 255 255 255 255 255 255 255 255 255 255 255 249 54 0 102 255 255 171 219 255 227 255 201 255 246 249 201 255 255 255 234 189 255 255 212 255 255 255 255 57 0 105 255 206 166 255 181 238 255 242 255 206 198 238 255 255 255 158 255 255 171 255 255 255 246 102 0 6 244 255 255 255 255 241 174 227 255 223 191 255 255 223 255 255 255 152 168 255 255 255 255 255 0 0 34 255 241 194 255 255 201 128 216 255 255 227 255 242 249 255 255 255 255 165 253 255 255 187 148 0 0 97 236 255 223 255 255 246 212 255 255 208 255 255 227 255 255 255 255 154 180 169 148 147 255 126 39
66 190 233 255 255 225 255 255 255 255 149 216 255 255 255 255 255 255 255 255 255 255 255 255 252 51 0 41 255 255 149 223 253 216 255 198 255 246 249 201 255 255 255 234 186 255 255 198 255 255 255 255 52 0 71 255 228 163 255 178 230 253 234 255 210 205 250 255 255 255 165 255 245 177 255 255 212 216 95 0 2 233 255 255 255 255 255 226 234 255 223 205 255 255 230 255 255 238 161 161 255 255 255 255 255 0 0 47 255 247 177 255 255 178 165 255 255 255 212 223 255 255 255 255 255 255 165 253 255 255 208 148 0 0 71 188 246 227 255 255 255 209 255 255 205 255 255 227 255 255 255 255 140 161 158 157 179 255 134 34
92 194 238 255 255 255 255 255 255 255 152 208 255 255 255 255 255 255 255 255 255 255 255 255 255 41 0 51 255 253 155 231 246 208 255 191 255 242 249 194 255 255 255 238 186 255 253 181 255 255 255 255 12 0 71 255 243 166 255 171 223 249 230 255 232 227 255 255 255 255 171 255 245 201 255 255 234 255 116 0 0 225 255 255 255 255 255 226 230 255 227 205 255 255 246 255 255 255 255 203 255 255 255 255 255 0 0 30 255 247 187 255 255 168 198 255 255 253 230 255 255 255 255 255 255 255 168 255 255 255 218 165 0 0 88 171 246 231 255 255 255 205 255 255 208 255 255 227 255 255 255 255 227 208 191 201 216 255 126 34
97 177 238 255 255 255 255 255 255 255 152 205 255 255 255 255 242 255 255 255 255 255 255 255 218 11 0 68 255 223 161 219 249 212 255 194 255 246 253 198 255 255 255 234 189 255 249 171 255 255 255 239 0 0 95 255 239 173 255 181 234 255 234 255 255 255 255 255 255 255 165 255 255 255 255 255 255 255 119 0 3 233 255 255 255 255 255 226 242 255 242 216 255 255 255 255 255 255 255 196 238 255 255 255 255 0 0 77 255 255 183 255 255 184 249 255 255 255 246 255 255 255 255 255 255 255 171 255 255 255 234 181 16 10 136 184 254 231 255 255 255 205 255 250 227 255 255 227 255 255 255 242 255 255 255 255 255 255 112 39
100 170 250 255 255 255 255 255 255 255 164 214 255 255 195 255 221 255 255 255 255 255 255 255 222 24 0 94 255 245 155 225 255 255 255 198 255 246 255 188 255 255 255 236 186 255 255 165 255 255 255 255 0 0 134 255 255 212 255 201 255 246 238 255 255 255 255 255 231 250 174 255 255 255 255 255 255 255 124 0 4 216 255 255 255 255 255 215 255 255 250 205 255 255 255 255 255 255 255 191 255 255 255 255 255 0 0 102 223 255 184 255 255 181 227 255 255 249 191 255 255 255 255 255 255 255 195 255 255 255 242 164 21 0 114 255 255 230 255 255 255 216 255 255 219 255 255 238 255 255 255 255 255 255 255 255 255 255 140 31
100 170 250 255 255 255 255 255 255 255 168 214 255 255 198 255 178 183 212 255 255 255 255 255 230 45 0 57 255 255 146 229 255 255 255 201 255 242 255 198 255 255 255 243 186 255 255 219 255 255 255 232 0 2 165 255 255 216 255 198 249 246 234 255 255 255 255 255 227 246 165 255 255 255 255 255 255 255 127 0 2 202 255 255 255 255 255 215 255 255 242 205 255 255 255 255 255 255 246 194 255 255 255 255 223 0 0 28 238 255 188 255 255 195 254 255 255 234 174 255 255 255 255 255 255 255 202 255 255 255 202 184 19 0 117 255 253 208 255 255 246 212 255 255 191 255 255 227 253 255 255 255 255 255 224 255 255 255 227 49
102 179 242 255 255 255 255 248 255 255 174 210 255 255 202 255 171 151 154 208 255 255 255 255 191 10 0 6 255 223 154 218 255 255 255 205 255 230 246 198 255 255 234 251 186 255 242 255 255 255 255 228 0 0 168 255 255 219 255 198 249 249 230 255 255 255 255 255 255 255 171 255 255 255 255 255 255 255 130 0 0 198 255 255 255 255 255 208 255 255 231 205 255 255 242 255 255 255 253 192 239 232 247 255 255 0 0 14 212 239 198 255 255 209 255 255 255 230 171 255 255 255 255 255 255 255 227 255 255 255 177 183 25 0 172 255 238 191 255 255 230 201 255 255 155 253 255 219 246 255 255 255 255 236 209 255 255 255 255 78
82 181 240 255 255 255 255 166 255 255 181 206 255 255 205 255 181 154 154 166 255 255 255 255 204 1 0 33 255 240 158 231 255 250 255 205 255 219 227 191 255 255 208 255 182 255 231 255 255 238 255 255 21 0 165 255 255 227 255 201 253 255 227 255 255 255 255 255 255 255 168 255 255 255 255 255 255 255 127 0 0 191 255 255 238 255 255 208 254 255 223 212 255 255 216 255 255 255 242 176 201 174 161 184 255 0 0 44 238 254 191 255 255 238 255 255 255 238 178 255 255 255 255 255 255 255 242 255 255 255 199 136 7 0 195 255 238 184 255 255 219 191 255 250 146 238 255 212 242 255 255 255 255 190 239 255 255 255 255 114
60 175 244 255 255 255 255 160 255 255 187 203 255 255 202 255 183 145 166 161 251 255 255 255 193 0 0 76 255 255 149 217 254 216 255 201 255 208 216 198 255 255 194 251 179 255 231 255 255 198 255 255 44 0 168 255 255 246 255 205 255 255 227 255 255 255 255 255 255 255 161 255 255 255 255 255 255 255 127 0 0 152 247 233 226 255 255 226 250 255 216 219 255 255 201 255 255 255 227 154 158 146 155 187 255 0 0 28 253 255 181 255 255 255 255 255 255 253 171 255 255 255 255 255 255 255 255 255 255 255 232 122 0 0 191 255 238 188 255 255 219 188 255 254 149 246 255 198 230 255 255 255 171 180 255 255 255 255 255 139
80 170 225 255 255 255 239 174 255 255 198 199 255 255 202 255 232 163 157 168 247 255 255 255 197 5 0 35 255 229 158 247 255 205 255 198 255 208 216 216 255 255 191 247 179 255 246 255 255 200 255 255 36 0 165 255 255 255 255 223 255 255 234 255 255 255 255 255 255 255 168 255 255 255 255 255 255 255 127 0 1 111 194 214 230 255 255 245 254 255 212 227 255 255 198 255 255 255 238 169 147 144 169 221 255 0 0 5 216 217 208 255 255 255 255 255 255 255 168 255 255 254 255 255 255 255 255 255 255 255 214 163 20 0 200 255 234 188 255 255 223 191 255 255 158 255 255 198 223 255 255 205 132 207 255 255 255 211 255 139
105 183 220 255 255 255 217 168 255 255 205 199 255 255 205 255 255 235 148 171 243 255 255 255 195 20 0 57 255 255 139 222 255 201 255 198 255 205 216 227 255 254 188 243 186 255 255 255 255 214 255 239 27 0 168 255 255 255 255 255 255 250 234 255 255 255 254 255 255 255 168 255 255 255 255 255 255 255 133 0 4 114 204 225 230 255 255 249 254 255 212 231 255 255 195 255 255 255 255 255 255 255 255 255 255 0 0 26 234 235 227 241 255 255 255 255 255 255 168 255 230 191 255 255 205 242 255 255 255 255 191 195 51 0 192 255 230 191 255 255 223 191 255 255 191 255 255 205 223 255 255 198 149 218 255 255 255 170 255 131
92 193 246 255 255 255 204 163 255 255 212 196 255 255 205 255 255 255 145 166 239 255 255 255 231 14 0 33 255 227 154 211 255 198 255 201 255 201 208 227 255 255 194 247 189 255 255 255 255 193 255 224 22 0 162 255 255 255 255 255 255 246 231 255 255 254 254 255 255 255 171 255 255 255 255 255 255 255 136 0 6 143 255 240 222 255 255 237 255 255 212 234 255 255 191 255 255 255 255 255 255 255 255 255 255 29 0 41 255 255 194 237 255 255 255 255 255 255 168 255 230 181 255 255 158 205 255 255 255 255 201 191 51 0 202 255 230 194 255 255 223 188 255 255 246 249 255 205 223 255 255 255 235 248 255 255 255 158 255 119
55 204 231 255 255 255 186 168 255 255 209 209 255 255 205 255 255 255 143 165 253 255 255 255 191 4 0 71 255 242 145 207 249 184 255 212 255 212 214 226 255 255 194 242 184 255 255 255 255 201 255 195 49 0 169 255 255 255 255 255 255 238 227 255 243 255 250 255 255 255 178 255 255 218 255 255 255 255 130 0 27 224 255 229 235 255 255 218 227 255 227 194 255 255 194 255 255 255 255 255 255 255 255 255 255 31 0 14 255 255 193 255 255 255 255 255 255 249 155 255 230 194 255 221 168 205 255 255 255 255 226 185 51 1 192 255 227 191 255 255 250 184 255 255 255 216 255 205 223 255 255 255 255 255 255 255 255 165 241 127
59 204 235 255 255 255 180 164 255 255 205 205 255 255 205 255 255 255 168 174 242 255 255 255 219 8 0 21 255 227 151 204 246 181 255 254 255 208 214 226 255 255 191 246 181 255 255 255 255 197 229 239 51 0 165 255 246 255 255 255 255 246 234 255 255 255 254 255 255 255 238 255 255 200 255 255 245 255 124 0 48 255 255 236 235 255 255 196 230 255 227 181 255 255 194 255 255 255 255 255 216 255 255 255 255 33 0 17 255 255 218 255 255 255 242 255 255 255 188 255 239 182 255 255 255 255 255 255 255 255 229 182 35 0 192 255 238 194 255 255 255 201 255 255 253 216 255 178 212 255 255 255 255 255 255 255 255 162 245 122
64 204 242 255 255 255 167 164 255 255 201 201 255 255 205 255 255 255 231 227 255 255 255 255 222 5 0 15 255 233 152 196 249 184 255 255 255 201 217 219 255 255 188 249 181 255 255 255 255 211 178 255 51 4 189 255 234 255 255 255 255 255 250 255 239 242 255 255 255 255 255 255 254 194 255 255 249 255 130 0 48 255 255 229 235 255 255 200 234 255 223 171 255 255 188 255 255 255 255 238 188 255 255 255 255 38 0 19 255 255 225 255 255 255 201 255 255 255 223 255 238 181 255 255 255 255 255 255 255 255 215 175 35 12 228 255 230 194 255 255 255 238 255 255 224 196 255 176 216 255 255 255 255 255 255 255 255 174 255 131
66 201 246 255 255 255 160 164 255 255 201 201 255 255 205 255 255 255 255 255 255 255 255 255 204 1 0 35 255 255 146 203 255 194 255 255 255 194 224 208 255 255 191 251 186 255 255 254 255 237 159 255 51 12 243 255 227 249 255 255 255 255 255 255 214 223 254 255 255 255 255 255 255 198 255 255 253 255 139 0 42 255 255 221 231 255 255 193 234 255 219 174 255 255 178 255 255 255 227 154 203 255 255 255 255 33 0 17 255 255 207 255 255 255 171 255 255 255 246 255 227 188 255 255 255 255 255 255 255 255 226 182 43 27 202 255 230 188 255 255 255 255 255 255 201 174 255 179 206 255 186 181 255 255 255 255 255 184 200 89
64 201 242 255 255 255 157 168 255 255 201 201 255 255 205 255 255 255 255 255 255 255 255 255 197 5 0 21 255 255 143 213 255 201 255 255 255 198 224 194 255 255 208 251 192 255 255 181 255 245 159 255 53 10 255 255 227 242 255 255 255 255 255 255 214 230 255 255 255 255 255 255 255 191 255 255 241 234 136 0 36 255 255 221 227 255 255 189 234 255 223 194 255 255 168 255 255 255 181 130 236 255 255 255 209 2 0 21 255 255 200 255 255 255 165 255 255 230 249 255 239 191 255 255 255 250 242 255 255 255 244 156 22 29 172 255 242 188 255 255 255 255 255 255 198 171 255 186 214 255 221 158 242 255 255 255 255 174 118 31
61 204 238 255 255 255 157 171 255 255 201 205 255 255 205 255 255 255 255 255 255 255 255 255 193 9 0 6 255 240 140 203 255 205 255 255 255 208 217 187 255 255 216 247 199 255 227 143 255 245 165 251 55 4 255 255 227 234 255 255 242 255 255 255 206 246 255 255 255 255 255 255 255 188 255 255 233 212 145 0 32 255 255 221 231 255 255 207 230 255 238 216 255 255 165 255 255 255 227 194 255 255 255 255 157 0 0 26 255 255 215 255 255 255 162 255 255 194 230 255 250 201 255 255 249 161 165 255 255 255 229 127 3 35 166 255 234 188 255 255 255 255 255 255 224 203 255 173 201 255 253 152 255 255 255 255 255 171 129 35
59 215 238 255 255 255 157 171 255 255 205 201 255 255 205 255 255 255 255 255 255 255 255 255 195 4 0 43 255 242 142 197 255 205 255 255 255 212 214 205 255 255 216 243 208 255 203 144 255 255 180 255 52 4 251 255 223 223 255 255 231 255 255 255 196 246 255 255 255 255 255 255 251 177 255 255 241 219 167 0 46 255 255 218 231 255 255 218 227 255 255 230 255 255 171 255 255 255 255 255 255 255 255 254 148 0 0 21 255 255 215 255 255 255 162 255 255 178 219 255 246 205 255 255 255 169 160 255 255 255 244 182 14 29 150 204 219 194 255 255 255 255 255 255 223 223 255 216 249 255 255 238 255 255 255 255 255 181 233 90
57 219 235 255 255 255 157 171 255 255 205 201 255 255 209 255 255 255 255 255 255 255 255 255 209 0 0 125 255 249 151 211 255 205 255 255 255 208 214 230 255 255 219 243 208 255 182 151 255 255 204 255 47 11 240 255 223 212 255 255 227 255 255 255 192 238 255 231 239 255 255 255 251 164 255 255 253 230 180 0 52 255 255 207 227 255 255 229 227 255 255 238 246 255 174 255 255 255 255 255 255 255 255 246 160 24 0 9 255 255 204 255 255 255 168 255 255 181 219 255 250 212 255 255 255 237 171 222 255 255 255 255 33 19 175 245 223 205 255 255 255 255 255 255 201 227 255 255 255 255 255 255 255 255 255 255 255 180 255 127
53 180 237 255 255 255 162 171 255 255 219 198 255 255 212 255 255 255 255 255 242 255 255 255 204 3 0 53 255 255 139 201 255 209 255 255 255 194 221 221 255 255 223 236 217 255 201 181 255 255 255 255 52 5 209 255 234 216 255 255 216 255 255 255 216 255 255 219 212 255 255 255 246 176 255 255 249 230 184 0 53 255 255 196 224 255 255 255 239 255 255 191 243 255 165 255 255 255 255 255 255 255 255 234 166 139 0 17 255 255 209 255 255 255 194 255 255 181 198 255 239 198 255 255 255 255 254 198 255 255 255 255 32 37 189 255 230 191 255 254 255 255 255 255 189 216 255 255 255 255 255 255 255 252 255 255 233 188 255 106
33 170 249 255 255 248 168 197 255 255 223 201 255 255 216 255 255 255 255 255 198 255 255 255 197 3 0 21 255 251 142 197 255 216 255 255 255 198 217 232 255 255 219 236 199 255 254 255 255 255 255 255 42 1 199 255 226 230 255 255 201 255 255 255 212 255 255 230 216 255 255 255 249 176 255 255 241 226 184 0 66 241 255 192 240 255 255 255 255 255 255 174 243 255 168 255 255 178 198 255 255 255 255 242 160 80 0 24 255 255 206 255 255 255 191 255 255 184 212 255 255 201 255 255 255 255 255 191 255 255 255 255 43 42 176 245 230 194 255 254 234 255 255 255 186 208 255 255 255 255 255 255 255 252 255 255 229 198 255 93
19 157 241 255 255 229 158 204 255 255 231 201 255 255 212 255 255 255 255 199 189 255 255 255 193 3 0 3 255 239 148 194 255 255 255 255 255 205 227 255 255 255 212 247 196 255 255 255 255 255 255 254 21 0 162 255 222 230 255 255 223 255 255 255 216 249 255 230 219 255 255 255 253 173 255 255 233 215 184 0 53 226 255 206 214 244 255 255 255 255 255 171 247 255 165 255 255 174 174 255 255 255 255 242 160 0 0 16 255 255 204 255 255 255 191 255 255 188 238 255 243 205 255 255 255 255 255 246 255 255 255 255 43 2 119 255 230 194 255 255 201 255 255 255 192 205 255 255 255 255 255 255 255 240 255 255 255 185 255 62
35 176 241 255 255 237 160 199 255 255 234 201 255 255 209 255 255 255 189 163 224 255 255 255 193 5 0 8 255 247 148 191 255 255 255 255 255 201 216 255 255 254 194 251 206 255 255 255 255 255 255 250 11 0 148 255 230 223 255 255 255 255 255 255 227 242 255 219 216 255 255 255 253 170 255 255 226 211 184 0 61 204 254 189 225 255 255 255 255 255 255 181 249 255 181 255 255 216 205 255 255 255 255 234 176 0 0 1 216 255 205 255 255 255 188 255 255 194 255 255 239 216 255 255 254 255 255 255 255 255 255 255 37 0 95 255 238 194 255 255 174 255 255 255 214 219 255 255 255 255 255 255 255 211 255 255 253 168 255 98
59 201 241 255 255 241 160 199 255 255 242 201 255 255 205 255 255 255 154 157 255 255 255 255 204 3 0 30 255 251 145 191 255 255 255 255 255 205 208 255 255 254 184 243 217 255 255 255 255 255 255 254 10 0 145 255 237 219 255 255 255 255 255 255 242 253 255 216 216 255 255 255 253 170 255 255 218 208 188 0 63 180 231 177 237 255 255 255 255 255 255 178 255 255 231 255 255 255 255 255 255 255 255 234 204 17 0 1 198 200 212 255 255 255 188 255 255 201 255 255 255 230 255 255 255 255 255 255 255 255 255 255 49 18 192 255 239 205 255 255 165 255 255 255 239 242 255 255 255 255 255 255 255 200 255 255 249 178 255 120
64 208 238 255 255 226 160 210 255 255 246 205 255 255 209 255 255 255 154 169 255 255 255 255 211 3 0 43 243 247 142 194 255 255 255 255 255 209 216 255 255 255 194 247 224 255 255 255 255 255 255 246 8 0 139 255 219 216 255 255 212 196 255 255 253 255 255 230 227 255 255 255 249 170 255 255 222 211 184 0 63 197 255 212 238 255 255 255 255 255 255 166 255 255 255 255 255 255 255 255 255 255 255 231 211 9 0 8 178 190 223 255 255 255 191 255 255 212 255 255 255 238 255 255 255 212 186 171 171 185 255 255 40 49 255 255 236 224 255 255 158 255 255 255 255 255 255 255 255 255 255 255 233 192 255 255 255 194 255 57
61 211 246 255 255 226 167 228 255 255 242 195 255 255 205 255 255 255 223 212 255 255 255 255 214 5 0 41 239 247 145 194 255 255 255 255 255 201 216 255 255 255 212 247 232 255 255 255 255 255 255 255 10 0 145 255 205 208 255 255 168 154 255 255 255 238 255 234 254 255 255 255 246 176 255 255 230 211 178 0 57 167 255 194 220 255 226 252 255 255 255 163 255 255 255 255 255 255 255 250 255 255 255 201 207 4 0 11 194 246 230 255 255 255 194 255 255 219 246 255 255 242 255 255 255 174 151 152 157 155 244 255 36 50 255 255 232 228 255 255 152 223 255 255 255 246 242 255 255 255 255 255 233 179 255 255 233 197 209 39
53 201 231 255 255 218 160 221 255 255 231 181 255 255 198 255 255 255 255 255 255 255 255 255 214 6 0 35 251 251 148 191 255 255 255 255 255 212 227 255 255 255 219 236 232 255 255 255 255 255 255 255 10 0 148 255 205 208 255 255 171 166 255 255 255 212 223 227 255 255 255 255 246 180 255 255 237 215 174 0 57 154 255 201 231 255 219 248 255 255 255 166 255 255 255 255 255 255 255 246 255 255 255 201 218 59 0 11 255 255 226 255 255 255 198 255 255 223 234 255 255 242 255 255 255 184 174 184 153 147 218 255 24 48 255 255 232 224 255 255 146 158 255 255 255 230 201 231 255 255 255 255 248 175 255 255 234 190 185 45
49 203 243 255 255 199 161 199 255 255 231 184 255 255 205 255 255 255 255 249 184 255 255 255 246 9 0 35 247 252 145 194 255 234 255 255 255 204 214 255 255 255 227 219 253 238 246 255 255 255 255 255 6 0 145 255 198 205 255 255 168 254 255 255 255 255 255 255 255 255 255 255 251 180 255 255 249 218 167 0 64 164 255 198 219 255 234 206 255 255 255 174 255 255 255 254 255 255 255 219 255 255 255 201 207 69 0 55 255 255 248 250 255 245 184 255 255 219 237 255 253 250 255 255 255 208 216 198 198 242 255 255 21 52 255 255 230 230 255 255 149 146 238 255 249 255 255 238 242 255 255 255 245 185 255 255 215 215 178 48
62 205 249 255 255 203 158 199 255 255 231 184 255 255 205 255 255 255 255 246 140 223 255 255 238 12 0 23 239 248 148 190 255 223 255 255 255 204 211 255 255 255 212 201 255 230 246 255 255 255 255 255 0 0 122 255 208 208 255 255 184 255 255 255 255 255 255 255 255 255 255 255 251 191 255 255 246 215 164 0 54 197 255 205 230 255 219 192 255 255 255 219 255 255 255 254 255 255 255 209 246 255 255 205 225 35 0 41 255 255 255 255 255 249 194 255 255 222 245 255 255 255 255 255 255 226 227 255 255 255 255 246 29 55 255 255 238 219 255 255 205 191 255 255 238 255 255 242 231 255 255 255 245 182 255 255 215 204 146 35
35 165 250 255 255 206 155 194 255 255 223 188 255 255 205 255 255 255 255 255 143 198 255 255 189 5 0 8 239 252 151 194 255 209 255 255 255 200 211 255 255 255 194 181 255 223 250 255 255 255 255 238 0 0 108 255 208 205 255 255 195 255 255 255 224 223 255 255 255 255 255 255 255 222 255 255 249 211 174 0 35 219 255 192 230 255 212 173 255 255 255 250 255 255 255 255 255 255 255 195 230 255 255 205 197 16 0 19 255 255 255 255 255 245 194 255 255 222 253 255 255 255 255 255 255 230 212 255 255 255 255 215 32 48 255 255 242 212 255 255 255 255 255 255 223 255 255 238 219 255 255 255 236 171 255 255 222 204 120 33
11 131 248 255 255 203 160 201 255 255 219 191 255 255 205 255 255 255 255 255 178 198 255 255 192 13 0 4 246 252 148 197 255 201 255 255 255 200 211 255 255 255 184 174 255 219 254 255 255 255 255 238 0 0 95 255 227 219 255 255 212 255 255 255 192 198 255 255 255 255 255 255 255 253 255 255 246 204 177 0 28 254 255 194 234 255 238 154 250 255 255 242 223 242 255 255 255 255 255 188 223 255 255 198 229 55 0 24 255 255 255 255 255 255 208 255 255 222 241 255 255 255 255 255 255 237 192 255 255 255 255 255 39 48 255 255 242 208 255 255 255 255 255 255 216 255 255 230 219 255 255 255 255 177 255 255 236 223 112 42
22 143 255 255 255 203 180 211 255 255 212 198 255 255 205 255 255 255 255 255 194 191 255 255 239 35 0 6 246 249 139 198 255 201 255 255 255 200 211 255 255 255 184 188 255 219 254 255 255 255 255 250 0 0 85 253 238 227 255 255 231 255 255 255 182 208 255 255 255 255 255 255 251 255 255 255 238 194 167 0 19 255 255 197 226 255 253 130 194 255 255 255 246 249 246 255 255 255 255 188 223 255 255 188 222 39 0 26 255 255 255 255 255 255 201 255 255 219 222 255 255 246 255 255 255 255 236 255 255 255 255 255 47 53 255 255 230 219 255 255 254 255 255 255 208 255 255 234 219 255 255 255 244 168 255 255 243 230 104 46
41 162 254 255 255 206 197 197 255 255 205 201 255 255 205 255 255 238 255 255 216 201 255 255 205 27 0 7 238 255 140 202 255 201 255 255 255 200 214 255 255 255 194 216 255 223 250 255 255 255 255 246 0 0 103 255 230 219 255 253 250 255 255 255 192 219 255 255 255 255 255 255 255 255 255 255 246 200 161 2 0 238 255 191 226 255 255 148 174 255 255 249 255 255 227 255 255 255 255 191 227 255 255 181 186 0 0 29 255 255 255 255 255 255 194 255 255 208 212 255 255 223 255 255 247 222 236 255 255 255 255 255 68 39 255 255 227 227 255 255 201 255 255 255 198 255 255 242 219 255 255 255 247 174 255 255 255 234 101 40
43 164 249 255 255 210 211 173 255 255 201 205 255 255 205 255 255 198 234 255 255 249 255 255 185 27 0 5 220 255 149 201 255 201 255 255 255 200 218 255 255 255 208 249 255 227 242 255 255 255 255 235 0 0 116 255 219 208 255 255 255 255 255 255 224 212 255 255 255 255 255 255 255 255 255 255 255 215 155 3 0 233 255 198 240 255 255 233 249 255 255 234 255 255 230 255 255 255 255 188 227 255 255 188 229 26 0 80 255 255 255 255 255 255 198 255 255 198 208 255 255 227 255 255 191 146 182 255 255 255 255 255 82 12 243 255 227 227 255 255 174 255 255 255 201 253 255 238 223 255 255 255 244 171 255 255 236 208 83 20
43 175 255 255 255 199 218 173 255 255 198 205 255 255 205 255 255 184 191 255 255 255 255 255 255 65 0 8 198 255 149 198 255 201 255 255 255 200 218 255 255 255 216 255 255 227 238 255 255 255 255 231 0 0 100 212 198 191 255 255 255 255 255 255 247 188 255 231 239 255 255 242 255 255 255 255 255 222 145 0 0 239 255 196 244 255 255 255 255 255 255 208 255 255 230 255 255 255 255 188 223 255 255 194 225 90 0 124 255 255 255 255 255 194 161 255 255 184 215 255 255 223 255 255 219 164 203 255 255 255 255 220 46 0 171 255 230 227 255 255 171 255 255 255 216 249 255 230 227 255 255 255 252 178 255 255 255 238 116 44
45 176 239 255 255 227 255 162 255 255 205 214 255 255 216 255 255 181 168 255 255 255 255 255 241 121 0 2 229 255 158 219 255 205 255 255 255 205 216 255 255 255 219 255 255 227 255 255 255 255 255 236 0 0 107 255 250 205 234 255 255 255 255 255 217 206 255 182 205 255 238 158 255 255 255 255 255 235 46 0 0 226 255 197 255 255 255 251 255 255 255 223 255 255 205 255 255 255 255 188 216 255 255 205 242 101 0 53 255 255 255 255 250 149 149 255 255 184 208 255 254 231 255 255 255 174 255 255 255 255 199 177 49 0 148 255 230 219 255 255 201 255 255 250 232 249 255 227 239 255 255 255 254 184 255 255 255 216 215 44
38 151 250 255 255 255 255 171 255 255 194 210 255 255 209 255 255 194 184 255 255 255 255 255 211 13 0 3 207 255 142 230 255 205 255 255 255 201 216 255 255 255 223 255 255 216 250 255 255 255 255 236 0 0 100 255 231 201 254 255 255 255 255 255 214 169 255 181 212 255 198 140 255 255 255 255 255 220 42 0 27 253 255 186 255 255 253 218 255 255 255 219 255 255 194 255 255 255 255 188 219 255 255 205 255 60 0 63 255 237 255 255 255 204 158 255 255 181 212 255 255 231 255 255 246 216 255 255 255 246 163 180 54 0 157 255 230 219 255 255 205 255 255 255 228 234 255 255 255 255 255 255 238 171 255 255 244 222 130 42
20 124 255 255 255 255 249 178 255 255 184 210 255 255 205 255 255 219 219 255 255 255 255 255 229 21 0 11 211 255 145 234 255 201 255 255 255 201 216 255 255 255 223 255 255 205 238 255 255 255 255 236 0 0 92 255 223 198 255 255 255 255 255 255 228 179 255 198 205 255 223 231 255 255 255 255 255 203 38 0 73 255 255 193 255 255 253 218 255 255 255 205 255 255 184 255 255 255 255 191 223 255 255 205 230 34 0 96 255 218 255 255 255 241 164 255 255 187 219 255 250 231 255 255 171 198 250 255 255 227 142 183 52 0 157 255 242 230 255 255 205 255 255 255 232 212 255 255 255 255 255 255 252 178 255 255 218 218 47 29
18 142 255 255 255 255 184 155 255 255 184 210 255 255 209 255 255 249 246 254 255 255 255 255 227 38 0 9 211 255 157 230 255 205 255 255 255 201 216 255 255 255 219 255 255 201 231 255 255 255 255 240 0 0 93 255 230 198 255 255 255 227 255 255 255 198 255 181 208 255 255 255 255 255 255 255 255 213 56 0 87 255 255 189 255 255 245 229 255 255 242 194 255 255 191 255 255 255 255 191 223 255 255 201 255 93 0 129 215 218 255 255 223 212 171 255 255 205 215 255 254 231 255 255 158 219 255 255 255 246 145 174 46 0 157 255 227 227 255 255 223 255 255 255 247 205 255 255 255 255 255 255 253 180 255 255 219 241 35 33
23 173 255 255 255 255 161 171 255 255 187 210 255 255 212 255 255 255 250 242 255 255 255 255 238 30 0 11 207 255 150 219 255 205 255 255 255 205 216 255 255 255 219 255 255 205 227 255 255 255 255 244 0 0 111 255 238 194 255 255 246 205 255 255 249 246 255 194 212 255 255 255 255 255 255 255 255 217 74 0 94 255 255 192 255 255 241 244 255 255 234 194 255 255 223 255 255 255 255 188 223 255 255 198 255 160 0 133 198 211 255 255 188 164 191 255 255 222 208 255 255 238 255 255 234 255 255 216 255 255 157 155 38 0 151 255 230 238 255 255 246 255 255 255 236 194 255 255 255 255 255 255 243 187 255 255 238 255 55 37
58 233 255 255 255 250 146 162 255 255 191 206 255 255 212 255 255 255 216 234 255 255 255 255 255 130 3 19 218 255 153 227 255 205 255 255 255 205 216 255 255 255 223 255 255 201 231 255 255 255 255 244 0 0 151 255 234 188 255 255 238 198 255 255 198 255 255 212 212 255 255 255 241 255 255 255 255 203 69 0 108 255 255 203 255 255 241 244 255 255 242 214 255 255 255 255 255 255 255 188 223 255 255 194 236 141 0 124 215 197 255 255 198 146 212 255 255 234 194 255 255 234 255 255 255 255 255 155 239 255 166 146 33 0 129 255 255 255 255 255 255 255 254 255 232 198 255 255 255 255 255 255 237 197 255 255 245 250 57 27
56 226 255 255 255 255 158 171 255 255 184 206 255 255 209 255 255 255 174 231 255 255 255 255 255 204 9 13 223 255 160 253 255 205 255 255 255 198 216 255 255 255 227 255 255 191 234 255 255 255 255 247 0 8 209 255 232 186 255 255 234 191 255 255 198 255 255 198 212 255 255 202 167 208 255 255 255 228 83 0 105 255 255 203 255 255 238 248 255 255 246 232 246 255 255 255 255 255 255 188 227 255 255 194 255 148 0 163 201 189 255 255 223 152 219 255 255 237 187 255 255 219 255 255 255 255 219 162 255 250 163 149 29 0 109 255 255 255 255 255 255 255 227 255 255 219 255 255 255 255 255 255 233 197 255 255 251 255 53 46
38 193 255 255 255 255 161 168 255 255 177 206 255 255 205 255 255 255 149 234 255 255 255 255 249 102 0 5 216 255 150 255 255 201 255 255 255 195 216 255 255 255 227 255 255 181 234 255 255 255 255 247 0 17 255 255 236 189 255 255 227 191 255 255 146 230 255 205 219 255 255 227 154 191 255 255 255 255 98 0 100 255 255 217 255 255 253 255 255 255 247 239 227 255 255 255 255 255 255 191 227 255 255 194 255 160 8 255 190 214 255 255 227 158 208 255 255 241 187 255 255 223 255 255 255 255 212 255 255 231 154 152 27 0 109 255 255 255 255 255 255 255 216 255 255 223 255 255 255 255 255 255 251 214 255 255 255 255 49 78
39 255 255 255 255 255 230 166 255 255 178 216 255 255 209 255 255 234 154 166 251 255 255 255 241 59 0 66 230 255 161 255 255 198 255 255 255 169 212 255 255 255 223 255 255 209 246 255 255 255 241 145 0 9 255 255 227 195 255 255 219 195 255 255 149 230 255 194 223 255 255 255 211 177 255 255 255 255 129 0 90 255 255 231 255 255 253 255 255 255 250 246 223 255 255 255 255 255 255 205 246 255 255 223 255 79 0 255 187 196 255 255 223 158 219 255 255 245 206 255 255 234 255 255 247 166 163 255 255 245 155 161 21 0 111 255 255 255 255 255 255 246 216 255 255 227 255 255 255 255 201 255 255 240 255 255 255 253 149 43
21 230 255 255 255 255 255 179 255 255 191 209 255 255 209 255 255 227 160 179 255 255 255 255 255 125 0 49 234 255 154 255 255 201 255 255 255 176 223 255 255 255 227 255 255 216 242 255 255 255 233 130 0 21 255 255 234 209 255 255 231 205 255 255 149 230 255 201 231 255 255 255 255 201 214 255 255 255 125 0 67 253 255 235 255 255 255 255 212 253 250 255 231 255 255 255 255 255 255 216 242 255 255 231 255 74 3 221 222 193 255 255 231 158 205 255 255 241 217 255 255 230 255 255 255 221 189 206 255 230 140 143 26 0 108 255 255 255 255 255 255 255 223 255 255 223 255 255 255 255 184 255 255 255 255 255 255 255 93 33
41 255 255 255 255 255 255 176 255 255 205 201 255 255 209 255 255 205 139 163 255 255 255 255 255 106 0 28 212 255 154 255 255 209 255 255 255 179 238 255 255 255 223 255 255 223 242 255 255 255 183 120 0 15 243 255 238 227 255 255 238 216 255 255 168 249 255 216 246 255 255 255 255 253 229 255 255 255 131 0 48 237 255 231 255 255 255 255 198 246 255 255 238 255 255 255 255 219 255 242 242 255 255 242 255 79 0 255 197 189 255 255 246 161 181 255 255 230 228 255 254 238 255 255 255 255 255 216 255 255 186 146 31 0 103 255 255 255 255 255 255 254 216 255 255 246 255 255 255 255 168 255 255 255 255 255 255 255 52 29
37 255 255 255 255 255 255 169 255 255 209 198 255 255 205 255 255 227 174 189 255 255 255 255 255 70 0 55 219 255 158 255 255 212 255 255 255 176 246 255 255 255 219 255 255 223 246 255 255 209 159 126 0 4 166 255 227 231 255 255 246 227 255 255 194 255 255 223 255 255 255 255 255 255 255 255 255 255 112 0 46 233 255 238 255 255 255 255 212 255 255 255 246 255 255 255 255 181 255 255 255 255 255 242 255 118 0 255 197 218 255 255 255 168 158 255 255 222 239 255 254 235 255 255 255 255 255 255 255 255 255 145 23 0 107 255 255 255 255 238 255 255 216 255 255 255 255 255 255 255 158 255 255 255 255 255 255 255 50 31
10 226 255 255 255 255 255 166 255 255 209 205 255 255 198 255 255 255 255 255 255 255 255 255 255 24 0 74 222 255 164 255 255 212 255 255 255 173 246 255 255 255 219 255 255 223 246 255 255 183 156 130 0 10 148 195 201 223 255 255 254 231 255 255 208 255 255 219 255 255 255 254 255 255 255 255 255 255 73 0 50 230 255 255 255 255 255 255 212 249 255 255 255 255 255 255 254 174 255 255 255 255 255 231 255 153 0 129 208 210 255 255 255 181 146 255 255 219 247 255 255 239 255 255 255 255 255 255 255 255 255 126 9 0 110 255 255 242 255 216 255 255 216 255 255 255 255 255 255 255 158 255 255 255 255 255 255 253 67 28
10 215 255 255 255 255 255 173 255 255 209 212 255 255 212 255 255 255 255 255 255 255 255 255 247 19 0 77 229 255 164 255 255 209 255 255 255 176 242 255 255 255 231 255 255 223 246 255 255 165 165 156 0 11 147 188 195 219 255 255 255 227 255 255 205 255 255 212 254 255 255 250 235 208 201 207 245 255 69 0 54 230 255 255 255 255 245 255 208 238 255 255 255 255 255 255 255 184 255 255 255 255 255 227 255 135 0 112 197 193 255 255 255 194 143 255 255 219 243 255 254 223 255 255 255 201 184 255 255 255 201 96 0 0 112 255 255 230 255 212 253 255 216 255 255 255 255 255 255 255 158 255 255 255 255 255 255 255 109 39
13 204 255 255 255 255 255 179 255 255 205 209 255 255 254 255 255 255 255 198 255 255 255 255 229 14 0 72 222 255 164 255 251 209 255 255 255 189 246 255 255 255 242 255 255 223 246 255 255 165 211 220 0 3 141 190 227 234 255 255 250 223 255 255 198 255 255 216 254 255 255 255 145 157 152 143 164 255 85 0 56 230 255 255 252 255 201 255 216 238 255 255 255 255 255 255 255 184 255 255 255 255 255 250 255 129 0 255 190 210 255 255 255 208 149 255 255 222 236 255 255 238 255 255 234 157 151 255 255 189 150 88 0 0 112 255 255 201 255 212 253 255 227 255 255 255 255 255 255 255 161 255 255 255 255 255 255 255 140 51
16 201 255 255 255 255 255 173 255 255 201 201 255 255 255 255 255 255 255 181 255 255 255 255 244 11 0 79 220 255 164 255 251 205 255 255 255 196 246 255 255 255 250 255 255 223 254 255 255 199 255 252 0 12 200 255 255 250 255 255 234 216 255 255 198 255 255 227 255 255 255 255 161 181 155 154 154 255 88 0 54 233 255 255 229 255 194 255 219 238 255 255 255 255 255 255 254 178 255 255 255 255 255 255 255 159 6 255 146 207 255 255 255 215 152 255 255 226 228 255 255 216 255 255 189 154 157 255 255 214 192 126 0 0 108 255 255 194 255 216 246 253 216 255 255 255 255 255 246 255 165 255 255 255 255 255 255 255 112 29
18 205 255 255 255 255 255 170 255 255 216 223 255 255 255 255 255 255 255 174 255 255 255 255 233 14 0 40 225 255 175 255 253 194 255 255 255 205 250 255 255 255 255 254 255 219 254 255 255 215 255 245 0 9 227 255 255 254 255 255 219 230 255 255 191 255 255 238 255 255 255 255 169 213 167 195 255 255 73 0 54 232 255 255 233 255 199 255 216 230 255 255 255 255 255 255 255 184 255 255 255 255 255 255 255 146 9 255 166 200 255 255 255 227 185 255 255 177 249 255 251 232 255 173 144 151 173 255 255 255 255 179 11 0 125 255 255 188 255 219 246 255 216 255 255 255 255 255 178 255 166 255 255 255 255 255 255 255 69 33
8 201 255 255 255 255 255 170 255 255 216 223 255 255 255 255 255 255 255 181 253 255 255 255 240 8 0 31 211 255 162 255 249 194 255 255 255 205 250 255 255 255 255 255 255 219 254 255 255 230 255 237 0 17 227 255 255 255 255 255 201 219 255 255 201 255 255 254 255 255 255 255 199 255 255 255 255 255 63 0 56 236 255 255 222 255 199 255 216 234 255 255 255 255 255 227 246 181 255 255 255 255 255 255 255 159 2 255 169 204 255 255 255 255 255 255 255 168 238 255 255 246 246 188 181 208 255 255 255 255 255 210 19 0 130 255 255 174 255 219 242 255 212 255 255 255 255 255 212 255 160 255 255 255 255 255 255 255 65 31
8 208 255 255 255 255 249 176 255 255 219 227 255 255 255 255 255 255 255 184 255 255 255 255 252 14 0 16 222 255 165 255 242 188 255 255 255 205 250 255 255 255 250 255 255 219 250 255 255 234 255 233 0 20 237 255 255 255 255 255 215 226 255 255 198 255 255 255 255 255 255 255 189 243 255 255 255 255 51 0 56 239 255 238 211 255 203 255 212 242 255 255 255 255 255 191 234 181 255 255 255 255 255 255 255 175 2 255 163 204 255 255 255 255 255 255 255 164 230 255 255 255 255 255 255 255 255 255 255 255 255 166 3 0 139 255 249 168 255 212 238 250 216 255 255 238 255 255 255 255 171 255 255 255 255 255 255 255 58 29
34 251 255 255 255 255 249 204 255 255 219 227 255 255 255 255 255 255 255 198 255 255 255 255 233 20 0 11 225 255 179 255 234 184 255 255 255 205 250 255 255 255 234 255 255 223 250 255 255 237 248 241 0 12 244 255 255 255 255 255 241 234 255 255 184 253 255 255 255 255 255 255 214 224 255 255 255 255 64 0 52 243 255 220 204 255 203 255 208 246 255 255 255 255 255 242 230 184 255 255 255 255 255 255 255 206 9 255 149 204 255 255 223 255 255 255 255 168 223 255 255 255 255 255 255 255 255 255 255 255 255 146 0 0 139 255 242 165 255 216 253 255 219 255 249 208 255 255 255 255 168 255 255 255 255 255 255 255 55 29
45 255 255 255 255 255 249 215 255 255 223 223 255 255 255 255 255 255 246 208 255 255 255 255 252 13 0 35 218 255 176 255 230 184 255 255 255 205 250 255 255 255 219 255 255 227 250 255 255 253 229 245 0 12 255 255 255 255 255 255 249 230 255 255 184 249 255 255 255 255 255 255 255 238 255 255 255 255 93 0 48 239 255 205 207 255 199 255 212 249 255 255 246 255 255 255 230 184 255 255 255 255 255 255 255 246 5 227 149 204 255 255 208 254 255 255 255 161 208 255 255 255 255 255 255 255 255 255 255 255 255 152 0 0 139 255 219 161 255 223 255 255 219 255 247 188 255 255 255 255 158 255 255 255 255 255 255 255 55 29
26 237 255 255 255 255 249 196 255 255 223 219 255 255 246 255 255 255 238 186 255 255 255 255 255 0 0 52 214 255 171 255 230 184 255 255 255 205 250 255 255 255 205 255 255 227 250 255 255 255 203 235 0 29 255 255 255 255 255 255 253 230 255 255 184 253 255 249 238 255 255 209 193 212 255 255 255 255 114 0 46 236 255 195 204 255 199 255 219 249 255 253 219 255 255 255 227 181 255 255 255 255 255 255 255 255 0 111 170 211 255 255 212 239 255 255 255 146 191 255 255 255 255 255 255 255 238 255 255 255 255 167 0 0 148 255 212 158 255 208 255 255 219 255 228 168 255 255 255 255 165 255 255 225 255 255 255 255 57 31
11 219 255 255 255 255 255 200 255 255 223 219 255 255 231 255 255 255 230 169 232 198 253 255 249 41 0 61 234 255 181 255 230 184 255 255 255 205 250 255 255 255 195 255 255 231 250 255 255 248 176 231 0 38 255 255 255 255 255 255 222 215 255 255 179 255 255 253 234 255 255 174 144 212 255 255 255 255 108 0 48 236 255 181 200 255 199 255 216 246 255 234 198 255 255 255 227 178 255 255 246 255 255 255 255 245 0 60 194 210 255 255 230 231 255 255 255 140 188 255 255 246 255 255 255 255 255 255 255 255 255 208 17 6 157 255 201 158 255 198 255 255 223 255 226 163 255 255 255 255 165 255 255 197 247 255 255 255 59 32
3 201 255 238 255 255 255 196 255 255 223 219 255 255 227 255 255 255 230 186 221 137 168 246 255 203 6 97 255 255 191 255 230 188 255 255 255 205 250 255 255 255 188 255 255 231 246 255 255 241 160 235 0 32 255 255 255 255 255 242 168 177 255 255 173 251 255 246 227 255 255 201 166 255 255 255 255 255 73 0 52 236 255 171 197 255 203 255 205 246 253 223 184 255 255 255 230 181 255 250 219 255 255 255 255 208 0 53 203 203 255 255 255 239 255 255 255 146 194 255 255 227 255 255 255 255 255 255 255 255 255 204 9 0 160 255 178 155 255 216 255 255 219 255 222 160 255 255 255 255 168 255 255 181 237 255 255 255 59 30
7 208 255 237 255 255 255 200 255 255 219 227 255 255 216 255 255 255 205 163 215 161 143 181 255 255 29 121 255 255 191 255 234 181 255 255 255 201 254 255 255 255 178 255 255 227 246 255 255 206 165 212 0 39 255 255 255 255 255 239 154 188 255 255 165 246 255 253 234 255 255 234 207 255 255 255 246 177 64 0 54 228 255 163 190 255 241 255 208 255 228 242 194 255 255 255 231 178 255 242 191 255 255 255 255 166 0 65 186 232 255 255 255 255 255 255 255 151 184 253 242 219 255 255 255 255 255 255 255 255 255 206 8 8 160 255 179 151 255 255 255 250 227 255 219 186 255 255 234 255 161 255 255 198 255 255 255 255 63 28
0 174 255 230 255 255 255 203 255 255 219 227 255 255 227 255 255 255 212 168 191 149 143 181 255 228 0 116 255 255 199 255 230 181 255 255 255 205 254 255 255 255 178 255 255 227 242 255 255 188 159 212 0 37 255 221 246 255 255 255 196 198 255 255 178 253 255 253 238 255 255 178 248 253 255 255 203 167 62 0 49 239 255 157 183 255 255 255 210 255 224 234 194 255 255 255 238 184 255 242 216 255 255 255 255 150 0 61 203 224 255 255 255 255 255 255 255 163 171 234 255 208 242 255 255 255 255 255 255 255 255 218 13 0 160 255 183 157 255 255 255 250 227 255 226 196 255 255 201 255 165 255 255 249 255 255 255 255 123 33
0 140 255 230 255 255 255 207 255 255 216 227 255 255 230 255 255 255 210 158 164 149 164 208 255 228 1 116 255 255 237 255 227 181 255 255 255 205 254 255 255 255 181 255 255 227 234 255 252 169 162 227 0 35 255 193 242 255 255 251 196 201 255 255 188 249 255 242 242 255 254 168 225 255 255 255 189 171 73 0 49 239 255 154 173 255 249 255 217 255 232 238 191 255 255 184 231 188 255 254 246 255 250 255 255 96 0 58 200 220 255 255 255 255 255 255 255 154 151 212 255 212 246 255 255 255 255 208 255 255 255 198 18 0 173 255 183 157 255 227 255 254 223 255 222 203 255 255 178 255 171 255 255 255 255 216 255 255 149 42
0 125 255 233 255 255 255 203 255 255 216 231 255 255 223 255 255 255 210 155 164 152 158 205 255 248 5 77 255 255 218 255 230 188 255 255 255 205 254 255 255 255 181 255 255 227 227 255 232 162 172 242 0 35 255 196 238 255 255 196 163 219 255 255 194 242 255 238 242 255 255 227 255 255 223 255 210 167 85 0 51 228 255 163 176 255 208 255 198 249 227 242 201 255 255 168 227 184 255 255 255 255 219 255 255 48 0 63 186 235 255 255 255 255 255 255 255 154 176 251 255 216 238 255 255 255 255 165 255 255 255 164 22 0 166 255 179 154 255 194 238 255 231 255 212 192 255 255 181 255 171 255 255 255 255 209 255 255 129 40
0 114 247 237 255 255 255 196 255 255 223 242 255 255 219 255 255 255 206 146 152 152 158 228 255 143 0 79 248 255 240 255 230 194 255 255 255 205 250 255 255 255 184 255 255 227 219 255 244 166 175 242 0 37 255 196 238 255 255 179 154 253 255 255 198 234 255 246 234 255 255 255 255 233 143 255 239 167 69 0 49 232 255 173 183 255 201 255 223 253 216 242 216 255 255 174 234 181 255 255 255 255 208 255 215 69 0 63 189 243 255 255 255 255 255 255 255 158 208 255 255 212 234 255 255 255 255 158 255 255 255 164 19 0 133 255 179 154 248 188 230 255 254 255 215 192 255 255 195 255 165 255 255 255 255 216 222 248 176 48
0 108 235 230 255 255 255 196 255 255 231 254 255 255 223 255 255 255 238 179 166 160 161 238 255 74 0 83 229 255 255 255 234 198 255 255 255 205 246 255 255 255 184 255 255 231 216 255 255 172 172 231 0 39 255 179 250 255 255 176 157 255 255 255 194 227 255 255 230 255 255 255 255 174 194 255 219 174 63 0 49 243 255 163 170 255 208 255 255 255 216 230 227 255 255 169 234 178 255 255 255 255 191 191 255 162 0 56 203 235 255 255 255 191 171 253 253 146 191 255 255 212 242 255 255 255 255 184 255 255 255 191 7 0 103 255 183 157 248 198 238 255 255 255 226 203 255 255 201 255 158 255 255 255 255 231 161 239 233 41
0 108 235 226 255 255 255 196 255 255 227 254 255 255 227 255 255 255 255 255 255 255 255 255 255 173 3 74 255 255 255 255 230 201 255 255 255 205 246 255 255 255 188 255 255 231 212 255 255 178 175 231 0 39 255 166 254 255 255 179 154 253 255 255 201 227 255 255 230 255 255 255 238 201 255 255 181 174 75 0 49 247 255 160 160 255 197 255 255 255 212 219 230 255 255 173 230 178 255 255 227 255 201 165 255 150 0 58 225 232 255 255 255 199 146 216 253 149 174 255 255 212 234 255 255 255 255 255 255 255 255 190 0 0 124 255 183 163 248 216 242 255 255 255 222 214 255 255 201 255 161 255 255 215 249 255 171 255 195 47
1 114 239 230 255 255 255 196 255 255 216 242 255 255 227 255 255 254 255 255 255 255 255 255 255 157 0 67 255 255 255 255 227 201 255 255 255 209 250 255 255 255 188 255 255 234 212 255 255 185 185 242 0 39 255 170 242 255 255 192 157 249 255 255 227 246 255 255 234 255 255 219 152 184 255 255 198 167 72 0 51 232 255 170 173 255 191 255 255 255 216 212 227 255 255 171 242 184 255 216 149 255 253 216 255 52 0 65 244 247 255 255 255 239 169 201 249 155 174 255 255 205 246 255 255 255 255 255 255 255 255 160 0 1 173 255 176 163 248 227 234 255 255 255 208 221 255 255 198 255 165 255 255 142 220 255 205 255 86 37
0 132 255 204 255 255 255 170 255 255 198 255 255 255 223 255 255 246 255 255 255 255 255 255 255 215 0 58 247 255 255 255 230 198 255 255 255 206 250 255 255 255 184 255 255 234 223 255 255 199 200 242 0 49 255 182 251 255 255 216 149 222 255 255 216 251 255 249 234 255 255 247 255 187 226 255 209 158 76 0 55 232 255 163 176 255 235 255 255 255 217 198 239 255 255 177 246 198 255 205 223 255 255 255 255 26 0 68 232 254 255 255 255 255 171 217 203 160 184 255 255 202 242 255 255 255 255 255 255 255 255 173 0 0 166 255 181 161 243 242 250 255 255 255 219 227 255 255 192 255 173 255 238 198 255 255 255 255 134 37
0 147 255 201 255 255 255 173 255 255 194 253 255 255 219 255 255 255 255 255 255 255 255 255 255 146 0 85 251 255 255 255 234 198 255 255 255 206 250 255 255 255 178 255 255 223 219 255 255 206 200 245 0 87 255 174 255 255 255 212 158 215 255 255 194 255 255 253 242 255 255 255 255 255 241 255 255 191 73 0 45 228 255 154 176 255 255 255 255 255 228 227 255 255 255 168 249 208 255 246 255 255 255 255 255 27 0 70 236 247 255 255 255 255 201 221 196 144 174 255 255 198 246 255 255 255 255 255 255 255 255 197 0 3 163 255 177 158 255 255 255 255 255 255 212 249 255 255 186 255 173 255 255 255 255 255 255 255 178 35
0 176 255 201 255 255 255 173 255 255 192 242 255 255 219 255 255 255 255 255 255 255 255 255 255 83 0 94 255 255 255 255 234 201 255 255 255 206 250 255 255 255 171 255 255 216 219 255 255 220 196 222 0 90 255 174 239 255 255 234 158 177 255 255 182 255 255 249 234 255 255 255 255 255 255 255 255 237 83 0 53 239 255 157 170 255 255 255 255 255 221 234 255 255 255 174 234 216 255 246 255 255 255 255 255 42 0 59 248 250 255 255 255 255 234 224 210 144 178 255 255 205 251 255 228 243 227 242 255 255 255 190 0 3 160 255 184 155 255 255 255 255 255 255 208 255 255 255 189 253 182 255 246 255 255 255 255 255 195 39
1 203 255 197 255 255 255 170 255 255 192 230 255 255 223 255 255 255 255 255 255 255 255 255 255 92 0 80 255 255 255 255 234 201 255 255 255 206 250 255 255 255 171 255 255 216 219 255 255 231 184 208 9 81 255 177 243 255 255 255 164 161 255 255 182 255 255 246 234 255 255 255 248 255 255 255 255 230 64 0 53 216 255 170 170 255 255 255 255 255 210 227 255 255 255 184 227 253 246 234 255 255 255 255 255 57 0 55 255 255 255 255 255 255 238 224 236 157 184 255 255 198 247 181 140 166 149 230 255 255 255 164 0 3 163 255 201 158 255 255 255 255 255 255 208 255 255 255 206 234 199 255 238 255 255 255 255 255 146 35
8 221 255 197 255 255 255 170 255 255 189 221 255 255 223 255 255 255 255 255 223 255 255 255 255 73 0 47 235 255 255 255 234 201 255 255 255 206 246 255 255 255 174 255 255 219 219 255 255 237 161 218 94 83 255 174 255 255 255 255 174 171 255 255 187 251 255 250 239 255 255 232 163 197 255 255 188 187 60 0 51 198 255 170 177 255 243 255 255 255 214 234 255 255 255 187 208 255 255 227 255 255 255 255 255 47 0 84 255 255 255 255 255 255 230 232 243 157 174 255 255 216 255 219 143 160 205 255 255 255 255 161 0 3 163 255 212 161 247 250 255 255 255 255 208 255 255 255 221 205 221 255 223 255 255 255 255 255 123 39
12 225 255 197 255 255 255 170 255 255 186 206 255 255 223 255 255 255 255 255 205 254 255 255 255 37 0 43 233 255 255 255 234 201 255 255 255 206 246 255 255 255 178 255 255 227 219 255 255 237 159 220 154 64 255 171 255 255 255 255 171 155 255 255 187 251 255 242 239 255 255 181 154 187 255 255 152 177 64 0 53 208 255 160 177 255 220 247 255 255 217 230 255 255 255 201 191 255 253 223 255 255 255 255 255 43 0 142 255 255 255 255 255 255 249 255 236 154 168 255 255 208 243 255 166 163 255 255 255 255 255 170 0 3 150 255 208 161 243 223 246 255 255 249 201 255 255 255 228 177 247 255 198 255 255 255 255 255 113 37
12 218 255 197 255 255 255 170 255 255 181 192 255 255 219 255 255 255 255 255 212 255 255 255 255 55 0 61 255 255 255 255 237 201 255 255 255 203 246 255 255 255 171 255 255 227 219 255 255 237 165 223 155 53 255 161 247 255 255 255 198 174 255 255 174 255 255 239 235 238 191 152 145 211 255 255 234 255 95 0 35 198 255 151 177 255 213 254 255 255 214 219 255 255 255 215 227 255 234 219 255 255 255 255 255 82 0 160 255 255 255 255 255 255 255 255 221 157 171 255 255 209 238 255 227 205 255 255 255 255 255 170 0 10 150 255 208 164 243 216 234 255 255 238 194 255 255 255 232 174 255 255 205 255 255 255 255 255 75 26
11 207 255 197 255 255 255 173 255 255 177 182 255 255 216 255 255 255 255 255 205 255 255 255 255 51 0 35 237 255 255 255 241 201 255 255 255 199 246 255 255 254 165 255 255 223 216 255 255 233 172 247 169 83 255 152 247 255 255 255 255 241 255 254 158 255 255 242 246 212 158 163 183 255 255 255 255 255 124 0 22 184 255 154 174 255 203 255 255 255 214 219 255 255 255 212 255 255 212 205 255 255 255 255 255 155 0 145 255 255 255 255 255 255 255 255 203 160 174 255 255 198 250 255 255 255 227 255 255 255 255 161 0 23 166 255 208 164 247 216 231 255 255 238 187 255 255 255 239 184 255 254 208 255 255 255 255 255 45 30
11 200 255 182 255 255 246 167 255 255 178 185 255 244 189 255 255 255 255 198 181 255 255 255 249 12 0 16 223 255 255 255 244 225 255 255 255 190 255 255 255 250 185 255 255 223 212 255 255 255 166 211 215 64 255 151 238 255 255 255 255 255 255 235 154 250 255 252 247 248 229 254 255 255 255 255 255 255 92 0 0 174 255 174 191 255 190 255 255 255 200 229 255 255 255 193 255 255 222 190 255 255 255 255 255 108 0 127 255 255 255 255 255 255 238 255 229 142 175 255 255 209 231 255 255 255 255 255 221 255 255 157 0 28 160 255 200 154 255 207 235 255 255 231 186 255 255 255 216 242 255 240 210 255 255 255 255 255 51 25
11 200 255 179 255 255 246 167 255 255 181 185 255 240 186 255 255 255 235 170 193 255 255 255 237 14 0 28 242 255 255 255 248 240 255 255 255 190 255 255 255 254 191 255 255 220 209 255 255 255 160 197 204 59 255 157 235 255 255 235 255 255 255 223 154 244 255 255 255 255 255 255 255 255 255 255 255 255 85 0 0 164 255 161 188 255 190 255 255 255 193 218 255 255 255 189 255 255 214 200 255 255 255 255 255 73 0 105 255 246 255 255 255 255 195 200 236 157 168 255 255 198 235 255 255 236 193 176 179 234 255 179 0 28 157 255 207 163 255 207 231 255 255 220 189 255 255 255 216 246 255 248 179 255 255 255 255 255 97 31
11 196 255 179 252 255 242 164 255 255 181 185 255 236 179 255 255 255 195 148 203 255 255 252 226 16 0 30 236 255 255 255 240 252 255 255 255 193 255 255 255 254 195 255 255 220 209 255 255 247 154 190 193 55 243 157 235 255 255 198 254 255 255 220 160 232 255 255 255 255 255 255 255 255 255 255 255 255 83 0 14 189 255 167 198 255 187 255 255 255 179 210 255 255 255 189 240 255 197 190 255 255 255 255 255 68 0 53 255 255 255 255 255 255 181 186 232 160 168 255 255 198 231 255 193 166 151 157 230 250 255 196 0 23 155 255 196 163 255 207 231 255 255 220 189 255 255 255 216 246 255 237 176 255 255 255 255 255 174 35
11 189 255 176 248 255 238 164 250 255 178 178 255 236 176 255 255 255 171 154 214 255 255 237 228 24 0 31 224 253 255 237 223 255 255 255 255 205 255 255 255 250 188 246 255 231 220 255 255 240 166 201 197 59 234 156 235 255 255 178 250 255 255 216 157 225 255 255 252 255 255 255 255 236 255 255 255 255 80 0 18 185 255 164 206 254 187 255 247 255 179 210 255 255 255 189 235 255 209 188 255 255 255 209 154 14 0 40 255 255 254 255 255 255 212 236 236 151 178 255 246 191 242 255 173 145 154 179 255 255 255 194 1 25 160 255 193 166 255 203 227 255 255 216 186 251 255 255 216 235 255 214 183 255 250 255 255 255 194 47
10 186 251 177 241 255 238 164 246 255 178 178 255 232 176 251 255 231 154 170 229 255 255 222 175 10 0 30 232 255 255 244 205 254 255 254 255 212 254 255 255 246 175 227 255 242 227 255 255 244 186 215 190 66 234 159 223 255 255 181 246 255 255 212 148 214 255 244 229 255 255 255 255 239 255 255 255 255 80 0 17 178 255 167 214 246 187 255 255 255 186 207 255 255 250 193 246 255 216 195 255 255 205 156 139 0 0 119 255 253 255 255 255 255 231 255 255 157 181 255 238 191 244 255 173 151 166 193 249 245 255 191 6 25 160 251 196 179 255 203 220 255 255 205 183 248 255 255 212 231 250 211 176 255 255 255 249 206 142 80
10 181 248 177 240 255 239 164 242 254 185 185 255 229 176 240 255 212 145 173 240 255 255 209 195 22 0 27 221 253 255 231 202 246 255 254 255 209 246 254 255 246 165 209 255 250 231 246 254 236 193 201 153 64 234 159 220 255 255 209 254 254 255 216 148 200 255 235 211 250 255 255 255 255 255 255 255 255 83 0 19 180 255 170 224 235 181 251 255 255 186 200 255 254 250 210 246 255 198 198 255 238 171 159 186 20 0 114 222 253 255 255 254 255 202 240 255 166 175 255 244 193 232 255 173 157 160 176 241 255 255 196 10 20 158 253 193 183 251 200 216 255 254 209 186 248 255 254 209 231 255 229 183 255 255 233 194 159 66 59
10 177 248 177 237 255 239 167 235 250 198 202 255 221 176 236 255 231 163 173 247 255 255 209 199 26 0 22 221 255 255 246 202 242 254 250 254 202 242 246 255 242 159 198 255 250 235 242 246 229 196 184 118 57 237 153 223 255 255 246 254 238 255 216 154 186 236 227 205 231 255 248 255 255 246 245 255 251 80 0 18 168 246 164 224 231 181 247 251 255 183 196 252 251 250 225 238 255 198 198 255 246 188 212 255 39 0 69 180 255 251 245 247 252 191 225 240 163 185 255 225 193 236 255 186 163 151 160 244 255 255 173 6 8 147 255 189 186 244 196 212 255 254 216 183 244 255 250 205 227 255 233 200 255 246 189 148 157 32 15
10 177 244 177 237 255 243 167 227 246 212 216 255 214 173 232 254 255 196 179 247 248 254 216 150 8 0 11 206 255 237 223 198 231 246 250 246 202 242 246 250 235 156 191 254 254 242 254 250 236 209 184 109 61 249 156 220 255 242 255 242 216 246 205 160 173 221 231 212 231 251 251 243 255 230 238 255 243 71 0 35 191 255 173 236 231 177 240 243 255 186 200 252 247 238 214 220 255 202 181 254 250 205 242 244 0 0 80 183 243 243 255 247 252 223 248 214 160 216 255 225 203 236 236 166 157 166 196 247 243 223 142 0 0 116 234 193 193 248 196 209 254 246 212 176 240 255 250 205 220 246 222 186 255 253 189 160 225 68 33
6 177 233 179 224 245 239 164 229 238 205 198 242 218 179 232 251 244 244 236 244 244 255 218 155 0 0 64 212 234 237 229 183 240 240 255 207 196 244 251 241 229 161 197 248 245 237 245 244 247 222 171 115 61 234 160 226 245 241 248 241 240 240 203 145 173 236 229 205 235 246 246 234 234 180 254 253 249 47 0 58 190 247 173 237 226 177 235 244 251 179 189 240 244 244 186 226 245 205 188 238 248 210 206 239 0 0 125 174 241 248 235 241 252 229 248 200 161 229 248 229 200 244 189 148 193 210 229 248 219 247 156 3 0 97 248 189 193 236 186 207 246 250 202 179 229 248 255 229 210 251 225 193 242 248 204 212 255 102 29
6 174 230 179 224 241 236 164 235 238 220 198 231 218 176 225 248 240 240 236 240 236 248 207 155 7 0 45 212 242 240 218 186 221 218 244 210 196 232 232 237 226 161 197 237 237 237 241 240 240 214 165 110 59 234 164 222 241 241 245 233 244 248 196 163 193 244 221 196 223 238 238 238 212 174 240 234 241 62 0 52 180 239 183 244 226 174 231 240 248 183 193 236 240 232 176 241 245 194 185 250 251 193 182 232 0 0 137 205 241 237 243 233 237 226 222 177 167 233 241 218 196 229 176 154 221 236 232 245 238 247 138 0 0 123 240 186 200 236 179 203 242 246 202 176 229 244 248 218 207 248 221 186 245 253 190 226 248 58 25
5 167 226 176 217 233 228 167 235 235 231 198 218 214 173 221 240 236 240 236 240 236 244 203 139 7 0 15 199 238 245 211 189 214 210 244 214 203 229 232 233 215 161 197 218 222 233 233 233 232 204 162 104 59 234 170 222 233 222 200 176 189 229 183 160 196 248 214 189 220 235 235 245 205 181 244 230 245 82 0 52 177 230 190 243 219 169 231 236 244 186 196 236 232 221 163 241 241 183 181 251 236 170 163 217 13 0 149 234 233 214 233 241 226 229 233 204 204 241 241 218 210 236 176 154 225 232 207 247 230 205 97 0 8 138 240 183 207 232 170 200 235 235 202 173 225 236 236 200 207 244 214 186 245 249 196 207 238 80 29
6 161 222 173 217 229 224 173 235 227 238 193 203 214 170 218 233 225 233 233 237 229 240 204 186 36 0 13 210 227 233 202 180 218 225 244 211 204 229 233 233 211 164 200 211 214 237 233 225 228 197 162 99 57 234 173 211 226 233 218 170 160 210 176 148 189 244 210 186 218 225 223 234 212 201 245 234 253 92 0 62 184 230 197 235 207 163 228 233 240 186 197 229 229 218 160 226 237 187 183 240 210 151 160 212 24 0 170 251 229 214 211 233 218 229 240 233 204 180 180 183 204 244 193 164 218 229 207 232 205 174 99 0 17 132 228 183 214 229 167 204 229 226 200 173 222 233 225 186 207 240 211 191 237 234 215 165 232 175 38
8 158 222 173 213 226 221 183 227 220 232 186 193 210 170 217 229 218 222 222 229 222 233 197 194 43 0 18 217 217 226 206 173 218 229 229 197 207 229 222 233 207 164 200 204 207 233 229 222 228 193 162 97 57 226 173 207 218 237 233 186 157 210 183 154 193 240 204 183 214 218 218 215 226 217 223 231 245 90 0 65 184 226 209 232 200 160 220 229 233 186 193 225 229 218 164 222 233 190 183 233 203 154 170 227 35 0 173 244 211 193 164 180 211 229 222 229 197 151 164 176 197 237 211 183 214 233 225 225 196 164 108 0 18 130 225 186 222 225 170 211 226 222 197 173 218 229 222 176 207 237 207 191 233 224 205 147 218 185 40
8 152 219 173 210 222 217 190 218 221 214 176 193 203 166 214 233 218 225 225 229 218 229 197 197 48 0 33 221 217 218 204 176 222 225 218 190 214 229 214 225 207 164 197 200 200 225 222 218 225 186 162 94 57 223 173 222 214 211 214 197 154 200 166 157 193 233 200 183 214 218 225 212 228 225 207 223 241 100 0 56 177 223 220 235 203 163 217 225 222 186 193 218 225 218 167 228 228 185 183 233 218 170 173 205 31 0 164 233 222 212 168 148 214 237 214 225 222 200 218 207 207 225 222 200 211 225 222 225 211 174 111 0 17 145 225 193 218 222 173 214 222 222 194 173 214 222 222 170 207 233 204 181 229 213 170 159 203 101 31
8 146 215 170 206 215 210 193 214 221 196 166 196 196 163 207 218 207 214 222 229 218 225 193 164 29 0 28 194 210 218 201 173 214 225 214 183 204 222 214 218 207 160 193 200 197 214 218 214 217 176 158 87 54 223 176 214 218 218 225 225 166 196 145 157 186 222 197 183 211 211 218 211 203 222 210 215 237 119 0 49 171 219 220 228 203 166 213 218 214 186 190 211 222 211 164 220 209 179 183 229 222 180 170 227 53 0 160 229 224 201 165 154 197 211 214 218 214 214 222 207 204 214 222 211 214 225 218 215 218 206 157 10 24 160 214 204 214 211 176 211 215 218 190 173 207 218 222 164 204 225 200 176 224 210 164 161 204 87 25
6 142 211 170 203 211 206 193 210 225 186 160 200 189 157 203 190 180 193 207 218 207 214 186 197 40 0 31 174 210 218 192 160 204 222 211 167 176 200 218 214 207 157 190 200 193 207 214 211 214 170 152 82 52 223 180 204 222 214 207 214 166 207 160 157 186 222 197 183 197 186 190 197 170 204 211 207 230 130 0 49 171 212 213 214 196 166 213 214 211 183 190 207 218 207 160 202 195 175 179 214 211 180 167 187 43 0 132 211 217 191 171 160 151 164 214 222 197 204 204 193 200 211 225 214 207 214 207 213 211 206 172 22 17 157 210 211 211 207 176 207 207 218 190 173 200 211 222 160 200 218 197 180 217 203 180 149 209 147 29
6 139 210 162 203 206 196 195 206 206 187 160 197 183 167 197 190 158 164 208 208 204 218 183 195 21 0 5 175 214 204 190 166 200 210 217 161 161 205 215 215 187 161 187 200 186 204 214 203 206 174 157 80 49 214 181 211 201 199 203 210 174 181 184 151 170 222 194 174 186 158 152 152 177 191 203 204 221 163 0 25 176 211 202 208 203 164 218 211 215 182 189 213 208 197 170 213 217 179 176 213 215 183 157 192 16 0 49 230 216 192 169 160 151 178 207 208 206 203 196 192 202 214 207 204 218 221 203 207 204 206 161 26 3 143 224 208 208 211 170 201 204 211 187 183 193 204 207 151 200 211 193 180 203 214 177 166 208 116 37
4 136 207 175 207 196 203 194 206 211 186 157 192 179 163 189 200 166 170 210 207 203 214 183 189 14 0 5 172 204 201 183 169 192 196 206 163 169 207 210 211 197 159 175 192 189 204 190 205 202 163 157 86 57 226 194 187 194 207 208 204 176 182 171 155 171 214 189 176 198 171 161 158 189 200 205 210 217 160 7 11 152 200 208 200 190 170 210 189 200 180 193 218 207 189 157 202 205 173 170 204 203 177 155 177 15 0 66 207 197 209 179 161 158 181 196 193 200 204 190 193 196 199 199 196 196 199 202 197 204 189 155 28 0 119 204 210 203 200 160 200 207 218 189 180 197 204 208 158 194 201 187 181 214 211 179 177 190 58 18
11 151 196 155 176 189 216 193 203 209 183 148 183 176 164 197 192 156 162 199 199 195 202 182 152 9 0 8 165 197 200 166 158 198 205 209 161 154 184 194 179 182 163 196 199 171 198 201 186 203 188 181 70 33 212 204 215 187 198 198 182 189 218 166 160 173 211 185 172 197 176 163 173 200 200 196 199 194 132 1 24 170 210 210 191 177 180 203 204 204 174 181 197 194 187 162 183 197 174 172 202 204 186 166 177 12 0 83 186 206 207 188 167 164 187 215 208 195 192 185 182 189 193 196 196 176 172 196 196 207 175 168 39 0 110 197 190 204 204 173 193 186 197 183 183 200 197 190 151 183 193 186 174 195 201 180 169 183 30 16
33 162 187 176 196 172 185 198 186 203 192 163 199 186 163 186 196 166 169 196 196 189 193 179 170 39 0 7 151 190 201 170 171 191 177 183 160 167 194 199 204 190 155 177 186 173 203 193 192 192 189 190 54 28 215 200 179 203 196 182 196 180 182 176 151 163 199 182 169 196 189 182 182 194 197 193 201 203 133 0 6 156 190 189 182 176 191 200 193 196 173 186 200 196 192 164 189 206 186 182 199 194 177 161 162 8 0 100 179 214 186 203 189 186 189 193 189 186 193 179 173 190 197 200 197 168 155 181 191 190 159 183 57 0 128 202 196 199 182 160 189 192 203 186 173 197 194 194 164 180 187 180 185 189 205 192 154 187 31 26
15 159 190 158 173 179 187 198 187 194 183 157 180 170 161 184 183 164 167 183 190 190 187 180 194 59 0 14 169 204 190 166 158 194 187 197 173 169 186 196 183 186 173 181 174 174 197 184 197 190 203 183 23 6 184 197 202 188 187 187 194 184 194 167 158 165 197 184 167 187 194 190 185 180 185 187 197 204 134 0 0 148 204 195 193 174 177 184 197 194 171 180 187 183 186 162 173 197 187 183 194 191 183 169 173 39 0 110 184 189 173 194 188 207 200 190 186 200 204 167 169 196 196 189 186 167 152 167 194 185 159 170 38 0 117 187 180 200 190 176 190 176 186 183 175 191 181 178 159 175 191 181 172 183 196 188 160 189 28 20
11 137 200 187 182 186 186 196 200 189 193 176 189 180 182 203 190 183 190 194 200 207 197 187 150 33 0 9 156 186 166 162 164 194 177 191 184 181 184 184 211 174 172 203 199 179 189 203 189 191 207 158 8 0 135 176 180 184 196 197 193 180 193 176 173 169 200 195 172 182 195 199 195 177 183 189 192 202 151 20 0 138 202 193 193 174 180 198 190 193 182 195 199 193 200 169 178 203 197 193 193 186 187 177 182 75 0 103 195 186 198 176 172 169 158 187 189 173 180 187 179 200 199 182 176 172 166 172 183 192 188 142 4 0 92 203 186 203 176 176 196 189 193 189 179 189 186 189 176 186 206 183 177 209 180 164 172 179 36 29
0 19 67 114 79 38 28 53 84 72 86 81 68 43 33 29 45 47 49 42 43 47 36 29 54 0 0 0 82 124 144 169 167 151 99 114 158 194 192 175 112 39 21 31 37 35 26 35 39 37 41 41 0 2 70 76 114 205 133 54 65 35 41 121 68 53 62 57 39 33 35 32 29 27 29 32 39 39 31 0 0 28 45 35 33 26 31 35 68 57 35 29 32 49 81 84 41 62 72 84 107 129 154 160 172 80 0 36 80 111 182 190 166 155 154 194 151 58 30 30 29 33 33 28 25 26 26 28 26 43 61 35 0 0 55 137 129 104 52 63 112 135 129 115 113 124 139 160 148 139 148 103 62 117 122 133 148 106 7 0
0 0 0 8 0 0 0 0 0 0 0 0 0 0 0 0 0 0 0 0 0 0 0 0 0 0 0 0 0 0 0 0 0 2 0 0 7 16 23 26 19 8 14 0 0 0 0 0 0 0 0 0 0 0 0 0 0 24 10 0 0 0 0 0 0 0 0 0 0 0 0 0 0 0 0 0 0 0 0 0 0 0 0 0 0 0 0 0 0 0 0 0 0 0 0 0 0 0 0 0 0 0 0 0 0 0 0 0 0 0 0 5 24 30 22 21 4 0 0 0 0 0 0 0 0 0 0 0 0 0 0 0 0 0 0 0 0 0 0 0 0 0 0 0 0 0 0 0 0 0 0 0 0 0 0 0 0 0 0 0

