0 0 0 0 0 0 0 0 0 0 0 0 0 0 11 24 0 0 0 0 0 0 5 0 0 0 0 0 16 36 29 10 15 25 30 29 37 47 51 51 40 12 8 2 0 0 0 12 21 32 38 30 0 0 9 10 0 0 2 0 0 0 0 0 0 0 0 0 0 0 0 0 0 0 0 0 0 0 0 0 0 9 0 0 0 0 0 19 0 4 2 4 0 0 16 35 26 21 0 33 32 38 41 37 23 0 0 0 37 34 24 40 62 62 60 56 90 98 76 67 61 57 39 28 28 37 28 0 6 5 12 3 0 0 14 45 27 37 28 0 0 2 10 0 0 0 1 5 4 8 16 10 8 6 4 1 18 57 31 7
0 26 84 89 75 70 73 79 70 72 68 72 75 78 100 113 84 86 68 80 87 87 101 79 82 35 0 34 126 135 123 97 114 122 122 122 134 149 152 149 142 106 105 105 84 78 80 85 112 118 127 128 2 0 92 100 82 87 94 75 79 77 77 79 81 78 83 78 76 81 81 93 88 88 94 92 78 82 48 0 3 79 82 82 91 76 74 103 85 95 95 102 85 75 107 124 117 108 76 115 115 122 131 128 116 14 0 0 108 136 133 137 156 153 156 149 178 178 162 159 155 145 128 124 121 122 119 93 79 95 94 95 0 0 30 119 131 125 122 92 83 84 92 77 75 85 100 100 95 102 106 93 92 87 90 89 111 142 66 11
7 91 189 213 196 201 207 203 200 200 176 179 198 194 191 194 200 189 173 180 187 196 214 200 218 105 0 66 225 196 184 178 194 184 168 164 184 191 184 181 209 174 189 207 200 200 189 177 193 191 182 207 6 0 186 198 196 193 207 186 196 196 200 203 200 204 207 197 197 207 204 200 180 183 197 197 174 208 151 0 9 152 205 199 197 188 176 187 186 196 193 207 191 174 198 205 194 177 161 164 167 177 194 187 196 37 0 11 158 187 179 186 176 167 186 180 186 170 173 183 193 180 174 192 196 182 189 193 182 185 179 182 0 0 51 201 194 184 196 196 204 189 200 203 171 183 203 196 183 198 197 170 169 164 180 193 198 204 90 9
47 141 186 192 186 197 200 173 180 190 157 160 202 196 176 176 195 172 163 157 160 183 191 195 194 119 0 35 186 181 170 180 193 176 151 158 183 190 180 184 193 165 176 194 190 197 185 164 190 198 160 199 8 0 176 199 190 176 193 173 183 190 193 197 199 185 185 189 189 192 185 175 176 184 188 189 159 196 178 13 9 160 195 191 190 196 183 182 192 195 188 192 178 165 185 191 197 180 184 155 168 174 190 176 187 35 0 68 162 191 164 195 184 165 198 194 191 162 174 191 194 178 168 194 193 170 176 197 199 166 173 167 2 0 55 207 193 195 195 188 189 175 186 180 159 172 199 182 166 188 188 160 163 158 177 199 195 212 118 30
54 167 192 197 189 188 193 177 182 192 157 157 204 197 174 177 206 177 164 155 158 180 191 199 208 135 0 14 163 212 165 169 208 187 164 166 199 199 186 193 208 179 189 198 191 199 187 164 195 202 165 186 9 0 148 177 196 172 192 172 182 196 196 189 189 189 189 189 183 186 193 183 195 208 194 196 163 182 193 61 37 184 194 199 200 197 185 194 200 207 199 196 186 176 189 203 199 179 196 155 174 179 193 173 180 26 0 56 160 199 167 199 183 157 200 200 200 164 180 197 197 190 173 190 200 176 176 197 203 167 190 182 35 0 59 222 189 199 200 193 196 182 204 197 158 169 206 186 167 193 193 163 163 156 171 194 190 214 133 41
30 171 191 208 200 194 197 190 200 211 167 160 200 197 173 176 214 180 160 154 157 179 197 207 215 119 0 8 161 229 167 183 209 202 178 175 198 191 175 181 197 169 184 197 194 197 186 164 201 199 183 192 6 0 143 187 200 173 204 176 183 207 200 186 160 193 207 186 167 183 207 186 182 203 185 189 164 174 181 80 44 191 191 210 195 178 158 173 189 202 202 199 192 183 186 200 201 190 200 175 191 194 204 180 191 27 0 2 154 191 167 189 184 158 201 201 211 164 184 201 194 190 174 187 204 187 184 204 197 186 187 183 6 0 45 226 197 201 198 203 206 166 180 183 147 163 211 192 166 192 189 160 160 158 171 203 206 207 107 11
26 200 200 206 207 201 198 186 199 206 163 160 200 203 186 183 210 179 154 155 164 179 203 207 238 116 0 24 180 217 159 193 200 214 200 196 214 206 187 201 210 176 187 207 205 205 187 161 200 197 182 197 16 0 145 200 203 176 207 179 179 214 207 179 162 194 208 191 168 181 208 184 170 204 194 183 171 197 190 78 51 212 206 222 191 169 151 161 193 207 210 207 207 200 192 203 211 210 207 206 210 210 221 204 200 28 0 0 163 194 167 203 189 162 206 195 213 162 182 202 209 213 185 195 213 189 183 207 204 189 194 183 0 0 68 222 202 207 200 211 214 166 181 184 155 167 217 203 173 200 200 179 158 154 158 192 211 221 114 18
16 218 215 206 214 212 215 212 211 211 167 161 200 204 187 180 215 187 154 164 173 190 218 218 208 82 0 26 198 219 169 200 203 225 217 210 222 204 186 196 222 177 185 209 217 218 193 168 214 224 178 206 41 0 143 208 204 177 211 180 183 222 211 180 197 201 204 211 197 194 211 190 168 214 214 180 165 219 203 73 61 236 217 217 181 167 152 157 204 211 211 208 214 211 200 207 210 215 207 222 211 207 222 213 225 24 0 13 163 211 156 203 205 181 223 205 223 168 188 216 211 214 190 204 222 189 186 221 197 160 197 184 0 0 112 201 194 217 210 206 211 176 191 184 164 170 222 204 174 208 218 208 204 184 161 174 198 237 163 70
19 226 219 213 221 211 214 218 225 229 170 164 207 225 183 186 232 183 154 158 178 207 221 214 244 134 0 21 199 233 168 205 222 225 218 225 222 218 186 204 225 180 200 218 218 225 193 167 208 222 193 193 59 0 145 221 211 167 218 176 167 225 222 173 186 214 211 222 218 186 218 190 173 204 215 211 214 225 211 77 54 246 222 218 176 152 164 166 207 214 218 207 211 229 193 200 218 225 225 218 222 215 215 222 221 35 0 37 176 226 154 204 207 176 214 221 221 176 186 221 218 214 183 222 225 197 193 225 190 170 151 150 0 0 154 205 215 214 214 222 225 197 211 183 160 173 225 200 173 214 225 225 233 196 209 200 203 222 191 74
2 219 233 221 232 233 228 203 204 233 167 164 211 225 190 190 232 183 154 152 162 193 229 232 241 140 0 26 202 237 168 208 225 222 214 225 225 218 186 211 233 180 204 225 222 229 200 170 227 229 186 193 82 0 130 236 207 170 225 186 183 240 222 173 180 229 237 218 193 180 233 193 166 207 230 222 210 207 200 84 65 254 234 244 193 152 174 219 233 229 229 225 218 229 200 222 229 218 218 222 222 226 226 207 203 28 0 32 169 226 160 200 210 179 218 229 225 176 189 225 225 214 186 222 222 193 197 229 222 193 157 129 0 0 78 255 222 229 222 225 233 214 225 186 151 173 237 211 186 225 229 221 215 217 231 225 237 234 180 63
0 198 241 224 232 233 221 179 180 236 167 164 222 229 197 193 244 186 157 152 158 196 236 229 244 146 0 29 206 249 168 215 229 218 211 233 233 214 186 218 237 183 207 233 229 237 204 173 234 236 193 206 105 0 95 232 203 173 229 186 189 240 207 163 173 222 237 229 190 173 237 190 173 218 238 229 207 197 193 81 63 254 230 232 189 155 182 241 233 229 214 190 170 190 186 218 237 197 207 237 226 233 229 183 186 26 0 39 175 226 160 197 218 183 221 232 232 176 193 232 233 218 186 229 214 186 200 237 237 221 189 153 0 0 75 255 229 237 233 225 237 225 229 186 148 176 244 214 186 225 218 197 190 232 235 219 237 232 174 59
0 168 227 232 238 229 230 200 157 240 164 160 229 229 200 193 250 183 151 151 166 210 244 223 248 146 0 24 199 255 171 222 240 214 207 240 240 218 186 225 244 183 207 240 237 244 211 176 238 240 205 202 87 0 64 225 203 173 225 179 189 244 203 170 211 222 229 240 200 170 237 186 187 229 234 233 234 229 215 82 68 255 241 225 198 201 215 237 233 244 222 183 160 183 186 214 244 173 186 244 218 229 229 183 176 24 0 45 189 228 157 194 221 183 229 236 244 176 196 236 240 222 190 237 218 183 207 244 233 236 232 212 0 0 160 244 229 237 229 229 240 214 222 186 151 180 248 215 187 225 200 167 183 236 242 237 236 243 188 59
0 168 242 243 246 240 245 210 151 236 160 157 232 232 200 193 255 183 148 148 160 203 244 238 255 143 0 12 187 255 171 230 246 212 205 246 250 220 188 235 250 185 209 242 242 246 212 175 255 248 208 192 59 0 53 222 200 170 229 183 200 255 214 183 244 248 240 248 200 170 244 189 194 245 237 242 255 255 244 97 66 255 245 236 223 246 245 239 244 244 218 214 221 229 200 218 244 157 170 251 220 235 246 216 201 24 0 26 184 234 152 198 229 183 236 240 251 176 200 240 242 227 188 246 231 185 209 246 237 236 251 226 0 6 183 244 235 242 238 242 248 203 210 193 151 179 251 223 198 229 193 151 161 203 234 255 244 255 185 41
0 175 255 247 246 248 253 191 163 232 160 157 232 244 196 189 255 212 176 157 148 166 216 255 255 143 0 4 178 255 171 233 254 216 209 250 255 227 195 246 255 185 212 254 250 250 216 175 255 248 208 199 59 0 53 211 202 165 235 191 198 255 212 175 209 254 255 250 195 171 250 188 201 255 249 250 249 229 225 97 51 212 222 255 242 244 245 249 255 223 175 209 255 254 198 223 225 151 170 255 235 254 255 235 255 46 0 6 173 246 155 191 235 185 242 246 255 175 202 246 250 235 188 250 250 195 212 254 253 244 255 215 0 0 87 232 240 250 250 255 255 202 203 196 148 179 254 235 202 220 183 142 151 171 216 252 244 255 173 35
0 151 255 251 254 255 255 204 186 232 163 160 236 255 196 186 255 254 229 203 166 151 191 255 255 146 0 2 178 255 170 237 255 223 212 255 255 235 205 254 255 191 216 255 255 255 220 178 255 255 208 215 70 0 48 219 212 161 238 191 194 255 219 174 191 254 255 254 198 171 254 202 219 255 253 255 230 176 186 95 49 181 211 255 255 252 251 255 255 235 162 188 255 255 202 235 229 170 163 232 216 255 255 242 255 68 0 0 170 255 155 184 242 188 250 254 255 175 205 254 255 246 185 250 255 205 212 255 251 255 255 223 0 0 59 218 240 255 255 255 255 205 202 189 151 183 255 242 205 223 203 183 206 198 227 255 255 255 161 39
0 139 246 255 255 255 255 230 203 228 166 163 240 255 196 186 255 255 255 251 207 166 188 255 255 149 0 4 176 255 167 242 255 227 216 255 255 238 209 255 255 195 223 255 255 255 223 178 255 255 203 212 68 0 45 249 216 158 234 194 194 255 249 201 238 255 255 255 205 165 255 235 234 255 253 255 234 160 176 110 49 168 201 255 255 255 255 250 238 255 181 178 254 255 202 223 255 200 151 176 171 242 255 255 233 73 0 0 167 255 158 184 246 191 255 255 255 178 212 255 255 254 181 246 255 209 216 255 247 255 255 238 0 0 113 225 237 255 255 254 255 212 198 176 151 189 255 254 216 246 255 255 255 245 249 255 255 255 125 24
0 158 245 255 255 255 255 223 231 228 164 160 242 255 194 191 255 255 255 255 255 222 216 255 255 161 0 5 185 255 170 241 255 231 216 255 255 231 183 251 255 195 222 255 255 255 236 179 255 255 219 201 60 0 48 255 219 168 245 214 179 255 255 234 232 255 255 255 228 158 244 255 255 255 255 255 252 161 249 104 48 171 201 255 255 255 255 255 186 255 210 151 243 255 214 206 255 248 162 154 160 205 255 255 255 62 0 0 175 255 158 171 255 171 255 254 255 176 216 255 255 255 175 200 255 220 218 255 255 255 255 255 0 0 89 221 228 255 255 255 255 166 214 174 152 196 255 246 217 239 255 255 255 255 255 255 255 255 143 24
0 220 255 255 255 255 255 255 255 243 168 160 246 255 198 198 255 255 255 248 255 255 255 255 255 170 0 24 236 255 170 255 255 238 220 255 255 220 170 240 255 202 229 255 255 255 240 179 255 255 230 222 60 0 49 255 222 168 249 217 188 255 255 250 217 255 255 255 225 163 255 255 255 255 255 255 248 177 219 110 84 255 255 255 255 255 255 255 232 255 228 157 239 255 214 217 255 223 154 160 160 210 255 255 255 57 0 8 202 255 152 188 254 191 255 255 255 190 220 255 255 255 168 189 255 220 225 255 255 255 255 250 0 0 57 240 239 255 255 255 225 160 236 207 149 186 255 255 232 251 255 255 255 255 255 255 255 255 198 47
0 255 255 255 255 255 255 255 255 255 168 163 250 255 201 198 255 255 255 207 255 255 255 255 255 191 0 29 247 255 170 253 255 242 225 255 255 223 170 251 255 220 240 255 255 255 240 179 255 255 241 237 56 0 51 255 230 164 243 228 198 255 255 255 207 255 255 255 218 173 255 255 244 255 255 255 218 180 180 110 81 255 255 255 255 255 255 255 236 255 232 154 228 255 214 221 255 221 154 166 163 225 255 255 255 57 0 17 231 255 146 178 255 235 255 255 255 193 223 255 255 255 181 210 255 242 240 255 255 255 255 250 0 0 102 184 240 255 255 255 198 157 251 232 155 189 255 255 224 251 255 250 255 255 255 255 255 255 250 66
0 246 255 255 255 255 255 255 255 255 161 166 255 255 205 191 255 255 255 238 255 255 255 255 255 161 0 14 206 255 173 255 255 249 242 255 255 238 182 255 255 246 255 255 255 255 246 182 255 255 238 233 56 0 45 255 234 157 243 232 208 255 255 255 205 255 255 255 210 191 255 255 218 249 255 255 186 170 180 107 77 255 255 255 255 255 255 255 182 243 214 144 217 255 221 214 255 224 158 152 146 215 255 255 255 64 0 0 191 255 149 174 255 255 255 255 255 198 230 255 255 255 184 228 247 253 250 255 255 255 255 255 0 12 252 197 242 255 255 255 158 152 251 243 152 193 255 255 214 255 255 255 255 255 232 255 255 255 238 73
0 235 255 255 255 255 255 255 255 255 161 166 255 255 219 201 255 255 230 255 255 255 255 255 255 100 0 40 255 255 173 255 255 255 255 255 255 246 186 255 255 255 255 255 255 255 253 186 255 255 242 237 65 0 43 255 236 151 239 230 212 255 255 255 203 255 255 255 214 208 255 255 203 255 255 255 173 167 222 118 85 255 255 255 255 255 255 255 157 224 199 142 210 255 232 206 255 255 203 177 152 173 239 255 255 78 0 5 209 255 164 184 255 255 255 255 255 209 242 255 255 255 181 232 228 255 255 255 255 255 255 255 0 0 186 177 234 255 255 255 208 216 255 242 158 210 255 255 217 255 255 255 255 255 179 255 255 255 171 53
0 246 255 255 255 255 255 255 255 255 164 163 255 255 242 222 255 249 152 255 255 255 255 255 255 119 0 93 255 255 186 255 255 238 255 255 255 246 188 255 255 255 255 255 255 255 255 186 255 255 233 211 46 0 47 255 239 151 243 230 212 255 255 255 189 255 255 255 228 221 255 255 200 255 255 255 166 164 255 120 87 255 247 255 255 255 255 255 192 247 192 144 214 255 251 210 255 255 255 255 232 189 208 255 255 66 0 13 231 255 146 168 255 255 255 255 255 209 238 255 255 255 198 251 224 255 242 255 255 255 255 255 0 0 116 187 227 255 255 255 255 255 255 246 158 207 255 255 224 255 255 255 255 255 163 255 255 255 131 43
0 231 255 255 255 255 255 255 255 255 164 163 255 255 253 230 255 221 134 242 255 255 255 255 255 177 0 93 255 255 193 255 255 223 255 255 255 246 191 255 255 255 255 255 255 255 255 181 255 255 219 187 16 0 47 255 243 154 242 227 212 255 255 255 176 255 255 255 230 228 255 255 196 255 255 255 163 164 255 115 92 255 255 255 255 255 255 255 255 255 176 147 217 255 255 210 255 255 255 255 255 255 255 255 255 71 0 5 227 255 152 188 255 208 255 255 255 205 238 230 255 255 205 243 214 255 205 191 255 253 255 255 0 0 92 194 238 255 255 255 255 255 255 255 149 179 243 255 236 255 255 255 255 255 181 255 255 255 149 51
0 223 255 255 255 255 255 230 255 255 164 163 255 255 253 222 255 189 146 227 255 255 255 255 255 164 0 87 255 255 166 255 255 223 255 255 255 242 184 243 255 255 255 255 255 255 255 181 255 255 237 208 13 0 53 253 243 154 246 227 212 255 255 255 173 255 255 255 223 224 255 255 203 255 255 255 166 173 253 109 73 255 255 255 255 255 255 255 255 255 154 144 224 255 255 210 255 255 250 242 255 255 255 255 255 71 0 0 216 255 158 181 255 191 255 255 255 209 246 223 255 255 201 228 203 255 205 168 255 219 201 255 0 0 68 205 242 255 255 255 255 234 255 255 165 173 213 255 239 255 255 255 255 255 230 255 255 255 165 45
0 209 255 255 255 255 255 246 246 255 158 171 255 255 254 230 255 173 142 251 255 255 255 255 255 162 0 90 255 255 176 255 255 231 255 255 255 255 216 238 255 255 255 255 255 255 249 189 255 255 241 255 39 0 75 255 236 154 239 230 216 255 255 255 170 255 255 255 224 226 255 255 197 255 255 177 160 164 255 124 84 255 255 255 255 255 255 255 255 255 181 143 223 255 246 219 255 247 168 227 255 255 255 255 255 68 0 16 215 255 151 186 255 191 255 255 255 214 236 236 255 255 194 227 188 255 255 242 255 194 171 255 0 0 68 197 234 255 255 255 255 255 255 255 152 182 230 238 223 255 255 255 255 255 255 255 255 255 180 47
0 140 255 255 255 255 255 250 216 255 158 171 255 255 246 230 255 171 152 186 255 255 255 255 255 162 0 88 255 255 192 255 255 227 255 255 255 255 208 230 255 255 255 255 255 255 249 189 255 255 241 255 62 0 82 255 236 151 239 234 216 255 255 255 170 255 255 255 217 219 255 255 197 255 255 189 152 177 255 84 43 255 255 255 255 255 255 255 219 255 197 143 212 255 254 215 255 189 152 194 255 255 255 255 255 89 0 21 220 255 154 189 255 174 255 255 255 214 224 206 255 255 198 227 191 255 255 255 255 190 204 235 0 0 64 204 234 255 255 255 255 255 255 255 146 189 255 255 231 255 255 255 255 255 255 255 255 255 177 53
0 93 255 255 255 255 255 250 198 255 164 164 254 255 246 237 237 164 164 143 203 255 255 255 255 144 0 66 255 255 199 255 255 231 255 255 255 255 216 234 255 255 255 255 255 255 249 189 255 255 244 255 97 0 90 255 236 147 239 234 208 255 255 255 173 255 255 255 217 215 255 255 204 249 255 255 163 171 255 92 39 255 246 255 255 255 255 255 195 255 194 149 219 255 250 215 253 158 149 155 191 255 255 255 255 92 0 21 227 251 151 193 255 174 255 238 255 210 239 206 255 255 198 230 194 255 255 255 255 215 255 188 0 0 66 194 238 255 255 234 255 255 255 255 143 196 255 255 239 255 255 255 255 255 255 255 255 255 164 38
0 86 255 255 255 255 255 250 205 255 171 161 254 255 250 245 237 140 155 158 184 255 255 255 255 138 0 48 255 255 216 255 255 234 255 255 255 255 227 238 255 255 255 255 255 255 249 189 255 255 248 255 130 0 92 255 240 147 239 234 208 255 255 255 157 255 255 255 224 211 255 255 205 249 255 255 163 174 255 89 34 255 231 255 255 255 255 255 195 245 168 158 246 255 238 219 255 205 230 219 219 255 255 255 255 84 0 19 243 249 152 203 255 198 255 234 255 221 247 192 255 250 198 219 194 255 255 255 239 220 255 224 0 0 68 174 238 255 255 198 254 255 255 255 143 199 255 255 239 255 255 255 255 245 255 255 255 255 187 38
0 106 255 255 255 255 255 250 216 249 171 161 255 255 246 226 255 142 158 219 192 255 255 255 255 111 0 33 255 255 227 255 255 238 255 255 253 255 234 234 255 255 255 255 255 255 249 192 255 255 248 255 142 0 89 255 244 147 239 230 208 255 255 255 170 255 255 255 214 187 255 240 194 255 255 255 163 226 255 89 5 180 220 255 255 255 255 255 191 237 158 158 254 255 234 222 255 255 255 255 255 255 255 255 255 102 0 30 247 255 161 214 255 249 255 230 255 217 251 196 255 254 212 208 194 255 255 255 255 246 255 255 0 0 77 167 238 255 255 198 255 255 255 255 152 206 255 255 254 255 255 255 255 245 255 255 255 255 197 49
0 149 255 255 255 255 255 246 216 226 164 164 255 255 238 198 255 219 227 255 199 255 255 255 255 83 0 21 229 255 227 255 255 255 255 238 246 255 246 246 255 255 255 255 255 255 253 199 255 255 248 255 140 0 87 255 244 151 236 230 212 255 255 255 163 255 255 255 221 197 255 255 197 255 255 246 166 222 255 102 0 149 226 255 255 255 255 249 171 255 177 155 242 255 246 219 255 255 255 255 255 255 255 255 255 130 0 49 235 255 164 207 255 255 255 216 255 203 239 203 255 255 249 216 194 255 234 220 255 255 255 255 0 0 112 174 242 255 255 209 255 255 255 255 158 224 255 255 255 255 255 255 255 255 255 255 255 255 161 53
0 172 255 255 255 255 255 242 216 205 161 171 255 255 238 191 255 255 255 255 234 255 255 255 255 76 0 17 216 255 238 255 255 255 255 238 253 255 255 253 255 255 255 255 255 255 255 210 255 255 240 255 134 0 89 255 244 151 232 230 219 255 255 255 170 255 255 255 221 197 255 255 208 255 255 210 158 164 181 82 0 155 226 255 255 255 255 191 158 255 194 155 231 255 254 215 255 255 255 255 255 255 255 255 255 129 0 73 240 255 155 207 255 238 255 230 255 217 214 186 255 255 255 223 194 255 212 181 255 255 255 255 0 6 123 177 238 255 255 246 255 255 255 255 158 247 255 255 255 255 255 255 255 255 255 255 255 255 158 68
0 156 255 255 255 255 255 246 219 194 158 171 255 255 250 198 255 255 255 255 255 255 255 255 255 70 0 9 192 255 229 255 255 255 255 238 253 255 255 253 255 255 255 255 255 255 255 221 255 255 236 255 134 0 92 255 240 151 232 230 223 255 255 255 160 255 255 255 214 187 255 255 208 255 255 168 160 177 152 66 0 152 201 255 255 255 255 149 162 255 194 158 238 255 250 212 255 255 255 255 255 255 255 255 255 112 0 98 255 255 152 222 250 188 255 227 255 228 210 192 255 255 255 216 188 255 227 191 255 255 255 255 0 0 84 194 219 255 255 255 255 255 255 255 161 255 255 255 255 255 250 255 255 255 255 255 255 255 177 82
0 94 255 255 255 255 255 203 201 198 161 158 255 255 238 198 255 255 255 255 255 255 255 255 255 73 0 15 222 255 236 255 255 255 255 238 242 255 255 254 255 255 255 255 178 255 255 223 255 255 237 251 142 0 85 255 247 154 243 234 208 255 255 255 166 255 255 255 194 196 255 255 210 253 255 186 161 191 255 70 0 128 194 255 255 255 249 195 209 255 205 160 255 255 242 208 255 255 255 255 255 212 255 255 255 64 0 100 255 255 161 219 255 203 255 227 255 246 223 191 255 255 255 227 191 255 216 235 255 255 255 255 0 0 80 184 212 255 255 255 255 255 255 255 157 238 255 250 230 242 182 194 217 255 255 255 255 255 255 93
0 99 239 255 255 255 255 182 201 215 164 161 255 255 242 198 255 255 255 255 255 255 255 255 255 71 0 30 255 255 233 255 255 255 255 242 246 255 255 246 255 255 255 255 174 255 255 234 255 255 241 255 139 0 85 255 240 151 239 234 208 255 255 255 169 255 255 255 212 199 255 255 199 255 255 255 168 223 255 110 0 134 194 255 255 255 255 255 255 255 198 157 243 255 255 219 255 255 255 255 234 195 255 255 232 83 0 105 255 255 173 208 255 206 255 227 255 253 231 201 255 255 255 212 191 255 255 255 255 255 255 255 0 0 105 174 212 255 255 255 247 212 255 255 169 249 255 255 238 242 169 143 147 194 255 255 255 255 177 37
0 149 245 255 255 255 255 170 198 241 164 164 255 255 246 198 255 255 255 255 255 255 255 255 255 68 0 43 255 255 225 255 255 255 255 242 253 255 255 242 255 255 255 255 171 255 255 254 255 255 252 255 136 0 87 255 236 151 243 234 208 255 255 255 169 255 255 255 239 192 255 255 205 250 255 255 186 255 255 60 0 134 194 255 255 255 255 255 255 255 219 151 189 255 255 188 255 255 255 255 234 209 255 255 251 106 0 56 219 255 183 208 255 205 255 227 255 255 254 227 255 255 255 216 198 255 255 255 255 255 255 255 0 0 127 164 215 255 255 255 203 161 255 255 176 249 255 255 246 255 228 169 158 158 255 255 221 210 88 7
0 201 245 255 255 255 255 174 195 255 164 164 255 255 242 194 255 255 255 255 255 255 255 255 255 71 0 41 255 255 225 255 255 255 255 238 253 255 255 246 255 255 255 255 168 255 255 255 255 255 255 255 133 0 85 255 240 154 247 238 208 255 255 255 166 255 255 255 255 174 255 255 201 255 255 255 189 255 255 36 0 134 187 255 255 255 255 255 231 255 227 151 166 247 255 205 255 255 255 255 255 255 255 255 255 114 0 64 233 255 197 216 255 198 255 223 255 255 255 255 255 255 255 223 198 255 255 255 255 255 255 255 0 0 133 168 219 255 255 255 192 149 255 255 189 255 255 255 238 255 255 223 170 152 255 255 164 166 80 19
0 212 241 255 255 255 240 158 195 255 164 164 255 255 242 194 255 255 255 255 255 255 255 255 255 70 0 38 255 255 247 255 255 255 255 234 246 255 255 242 255 255 255 255 168 255 255 255 255 255 255 255 130 0 77 255 240 154 247 234 208 255 255 255 164 255 255 255 255 155 255 255 191 255 255 255 232 255 255 39 0 139 183 255 255 255 255 255 255 255 227 163 189 228 227 227 255 255 255 255 255 255 255 255 255 108 3 117 255 255 218 235 255 198 255 223 255 255 255 255 255 255 209 223 191 255 255 255 255 255 255 255 0 0 135 174 219 255 255 255 182 149 255 255 184 251 255 255 223 255 255 253 145 169 255 255 222 196 87 19
0 204 238 255 255 255 233 152 195 255 161 168 255 255 238 194 255 255 255 255 255 255 255 255 255 73 0 45 255 255 255 255 255 255 255 238 238 255 255 239 255 255 255 255 168 255 255 255 255 255 255 255 130 0 66 255 236 147 239 234 208 255 255 255 164 255 255 255 255 149 221 255 194 255 255 227 221 255 255 37 0 142 190 255 255 255 255 255 255 255 212 154 232 255 242 249 255 255 255 255 255 255 255 255 255 116 12 122 249 255 240 242 255 201 255 227 255 255 255 255 255 254 201 223 191 255 255 255 255 255 255 255 0 0 133 184 215 255 255 255 166 146 255 255 184 243 255 255 220 255 255 255 255 255 255 255 255 255 133 57
0 197 238 255 255 255 237 162 201 255 161 171 255 255 238 201 255 254 255 255 255 255 255 255 255 75 0 60 255 255 255 255 255 246 255 242 238 255 255 242 255 255 255 255 168 255 255 255 255 255 255 255 130 0 55 255 240 147 239 230 208 255 255 255 168 255 255 255 237 164 217 255 204 255 255 227 161 161 185 44 0 134 187 255 255 255 204 255 255 255 227 144 243 255 246 238 255 255 255 255 255 255 255 255 255 129 14 117 255 255 255 231 255 205 255 231 255 255 255 255 255 255 255 223 194 255 255 255 255 255 255 255 0 0 110 197 215 255 255 255 163 161 255 255 215 251 255 255 220 255 255 255 255 255 255 255 255 255 128 44
9 204 254 255 255 255 215 137 205 253 164 174 255 255 242 205 255 255 255 255 255 255 255 255 255 77 0 71 255 255 255 255 255 209 255 246 238 255 255 250 255 255 255 255 168 255 255 255 255 255 255 255 130 0 47 255 244 151 239 230 205 255 255 255 171 255 255 255 215 181 228 254 204 251 255 255 191 158 146 24 5 125 170 255 255 255 187 255 255 255 230 154 239 255 242 255 255 255 255 255 254 255 255 255 255 123 9 114 255 255 255 250 255 205 255 231 255 255 255 255 255 255 255 208 191 255 255 255 255 255 255 255 0 0 85 212 215 255 255 242 169 184 255 255 219 239 255 255 235 255 255 255 255 255 237 255 255 209 129 42
0 197 242 255 255 255 183 157 220 246 171 152 255 255 238 192 255 255 255 255 194 249 255 255 255 68 0 75 251 255 255 255 255 168 255 246 238 255 255 255 255 255 255 255 168 255 255 255 255 255 255 255 132 0 46 255 242 155 253 227 212 255 255 255 161 255 227 255 221 171 203 242 208 167 255 255 244 186 159 24 0 126 177 255 255 255 204 255 255 255 227 165 255 255 255 255 255 255 255 255 255 255 255 255 255 116 21 80 249 255 255 237 255 198 255 231 255 255 255 255 255 255 255 212 191 255 255 255 255 255 243 255 0 0 76 207 203 255 255 219 152 212 255 255 212 234 255 253 238 255 255 255 255 201 232 255 240 145 141 42
0 190 238 255 255 255 237 229 255 255 168 181 255 255 242 199 255 255 255 255 198 249 255 255 212 51 0 80 255 255 255 255 255 168 255 246 238 255 255 255 255 255 255 255 168 255 255 255 255 255 255 255 130 0 48 255 230 168 255 223 212 255 255 255 164 255 227 255 221 174 199 227 211 152 191 255 200 233 255 33 0 129 180 255 255 255 226 255 255 255 219 168 255 255 255 255 255 255 255 255 255 255 255 255 255 75 4 17 212 255 255 244 255 212 255 231 255 255 255 255 255 255 255 219 198 255 255 255 255 255 230 255 9 0 75 210 210 255 255 219 158 219 255 255 246 227 255 249 227 255 255 223 165 177 255 255 229 160 132 42
0 152 224 255 255 255 255 255 255 255 158 205 255 255 238 206 255 255 255 255 201 246 255 255 197 66 9 80 255 255 255 255 255 168 255 246 242 255 255 255 255 255 255 255 168 255 255 255 255 255 255 255 132 0 48 255 230 171 255 230 212 255 255 255 171 255 227 255 224 181 206 223 211 226 255 255 170 224 255 26 2 132 173 255 255 255 255 255 255 255 219 174 255 255 250 255 255 255 255 255 255 255 255 255 255 64 12 3 216 255 255 255 255 250 255 227 255 255 255 250 255 255 255 219 194 255 255 255 255 255 226 255 65 0 78 211 217 255 255 216 158 222 255 255 242 201 255 255 227 255 255 242 188 208 255 255 212 160 113 25
0 137 213 255 255 255 255 255 255 255 155 194 255 255 231 199 255 255 255 255 198 234 255 255 249 113 37 67 255 255 255 254 255 168 255 246 242 255 255 255 255 255 255 255 171 255 255 255 255 255 255 255 141 0 48 255 243 157 253 238 216 255 238 255 174 255 231 255 221 181 210 230 211 255 255 253 202 255 174 2 6 138 173 255 255 255 255 255 255 255 227 174 255 255 219 255 230 178 189 221 255 255 255 255 255 59 6 5 229 255 255 255 255 255 255 219 255 255 255 231 255 255 255 208 184 255 255 255 255 255 233 255 79 0 75 215 224 255 255 198 149 226 255 255 230 198 255 255 227 255 255 255 255 215 255 255 227 164 108 19
0 155 218 255 255 255 255 255 255 255 164 164 219 255 231 196 255 255 255 255 201 223 255 255 255 141 49 52 253 255 255 255 255 168 255 246 242 255 255 255 255 255 255 255 171 255 255 255 255 255 255 255 144 0 48 255 247 147 239 238 219 249 208 255 174 253 231 255 214 168 196 234 222 218 255 205 255 255 177 0 0 126 170 255 255 255 255 202 223 255 238 178 255 255 216 255 219 160 144 158 236 255 255 255 255 44 0 0 218 255 231 255 255 255 255 216 255 255 255 231 255 255 255 212 191 255 255 255 255 255 237 255 32 0 71 222 228 255 255 184 143 222 255 255 219 201 255 255 227 255 255 255 255 208 160 255 255 170 98 14
0 149 226 255 255 255 255 255 255 255 184 143 188 255 234 199 255 255 255 255 219 230 255 255 255 147 51 54 253 255 255 255 255 171 255 242 246 255 255 255 255 255 255 255 168 255 255 255 255 255 255 255 127 0 46 255 236 151 239 236 219 253 212 255 177 242 231 255 217 155 173 227 244 183 255 253 255 255 237 0 0 126 170 255 255 255 255 171 195 255 254 188 255 255 223 255 255 230 173 139 206 255 255 181 194 31 0 2 211 255 234 255 255 255 255 219 255 255 255 234 255 255 255 242 227 255 238 246 255 255 222 255 0 0 71 230 232 255 255 191 152 215 255 255 208 205 255 253 242 255 255 255 255 255 160 233 255 170 77 8
0 125 222 255 255 255 255 255 255 255 194 152 194 255 242 199 255 255 255 255 253 255 255 255 255 136 36 62 255 255 243 246 255 171 255 242 246 255 255 255 255 255 255 255 165 255 255 255 255 255 255 255 92 0 46 255 236 157 243 236 228 255 212 255 174 234 227 255 243 161 163 227 252 164 227 255 255 255 255 0 8 150 190 249 255 255 255 162 195 255 255 198 255 255 216 254 255 255 184 147 212 255 254 140 161 33 0 5 212 255 219 255 255 255 255 234 255 246 255 231 255 255 255 255 255 255 212 235 255 255 204 255 0 0 75 228 236 255 255 216 174 201 255 255 205 216 255 255 238 255 255 216 255 255 224 255 237 173 80 9
0 122 222 255 255 255 255 240 255 255 194 171 212 255 242 192 255 255 255 255 255 255 255 255 255 118 15 60 255 255 232 243 255 171 255 242 246 255 255 255 255 255 255 255 161 255 255 255 255 255 255 255 68 0 46 255 245 154 239 243 236 255 205 255 174 227 231 255 255 181 166 234 248 187 231 255 255 255 228 4 2 147 197 249 255 255 253 156 195 255 255 201 255 255 212 250 255 255 255 230 246 255 255 255 215 45 0 2 220 255 206 255 255 255 255 250 255 238 255 223 255 255 255 255 255 255 201 246 255 255 196 255 0 0 85 225 239 255 255 238 194 191 255 255 184 208 255 255 223 255 255 155 223 255 255 255 208 170 85 6
0 108 219 255 255 255 255 240 255 255 194 171 255 246 250 189 255 255 255 255 255 255 255 255 255 130 0 35 255 255 235 219 255 168 255 238 234 255 255 255 255 255 223 255 169 255 255 255 255 255 255 255 64 0 48 255 236 151 247 232 219 255 212 255 166 255 219 255 242 191 192 228 255 211 255 255 255 255 225 0 3 150 200 253 255 255 233 158 198 255 255 201 255 255 223 250 255 255 255 255 255 255 255 255 243 53 0 5 255 255 203 255 255 254 255 255 255 250 223 238 255 255 255 255 255 255 201 247 255 255 194 255 19 0 87 255 227 255 255 255 232 182 255 255 176 223 255 254 227 255 255 181 240 238 255 255 219 177 74 10
0 113 219 255 255 255 255 255 255 255 201 174 238 223 242 214 255 255 255 255 255 255 255 255 255 130 2 40 255 255 235 216 255 168 255 246 242 255 255 255 255 255 184 239 173 255 255 255 255 255 255 255 68 0 46 255 236 151 247 232 219 255 212 255 173 255 238 255 238 198 199 228 255 255 255 255 255 255 251 0 3 153 197 255 255 255 219 158 216 255 255 201 255 255 219 250 255 255 255 255 255 255 255 255 193 59 0 14 255 255 193 255 255 246 255 255 255 242 212 242 255 255 255 255 255 255 201 255 255 255 191 243 3 0 133 255 242 255 255 255 182 157 255 255 173 219 255 255 231 255 255 230 214 255 255 255 222 156 74 13
0 118 226 255 255 255 255 255 255 255 194 174 238 223 242 232 255 255 255 255 255 255 255 255 255 83 0 37 255 255 220 219 255 168 255 242 246 255 255 255 255 255 171 232 173 255 255 255 255 255 255 255 73 0 46 255 236 151 243 228 219 255 212 255 176 255 246 255 230 201 210 232 255 255 255 255 255 255 245 0 1 153 193 255 255 255 194 162 246 255 255 201 255 255 216 254 255 255 255 255 208 253 255 205 176 59 0 10 244 255 193 255 255 231 255 255 255 242 212 255 255 255 255 255 255 255 188 247 255 255 187 210 0 0 119 255 255 255 255 251 163 151 255 255 186 219 255 255 220 255 255 253 173 255 255 255 255 232 83 6
0 131 222 255 255 255 255 255 255 255 177 168 255 255 254 224 255 255 255 255 255 255 255 255 255 71 0 35 255 255 210 212 255 168 255 234 242 255 255 255 255 255 219 249 171 255 255 255 255 255 255 255 76 0 50 255 239 151 243 228 223 255 212 255 169 255 238 255 219 198 210 236 255 177 214 255 244 255 242 16 0 156 190 255 255 255 174 162 255 255 255 201 255 255 212 255 255 255 194 161 171 255 255 176 177 49 0 31 255 255 200 255 255 223 250 255 255 242 216 255 255 255 255 255 255 255 181 236 255 255 191 232 0 0 85 255 255 255 255 255 196 174 255 255 189 227 255 255 220 255 255 205 160 230 255 255 255 255 102 5
10 167 218 255 255 255 255 255 255 255 164 164 255 255 255 217 255 255 255 255 255 255 255 255 255 119 2 40 254 255 220 205 255 168 255 234 246 255 255 255 255 255 255 255 171 255 255 255 255 255 255 255 76 0 61 255 239 151 243 228 223 255 212 255 173 255 230 255 223 191 206 243 255 157 202 255 185 251 255 39 0 156 190 255 255 255 167 162 255 255 255 198 250 255 212 255 255 255 234 201 199 255 255 179 180 35 0 70 255 255 194 255 255 234 254 255 255 238 216 255 255 216 255 255 255 255 188 239 255 255 194 251 8 0 73 255 255 255 255 255 249 198 255 255 182 238 255 255 223 255 255 174 136 168 255 255 255 255 147 14
21 173 209 255 255 253 220 255 255 255 168 164 255 255 255 228 255 255 255 255 255 255 255 255 255 130 5 39 255 255 217 209 255 171 255 242 254 255 255 255 255 255 255 255 161 255 255 255 255 255 255 255 74 0 75 255 236 151 243 228 219 255 212 255 182 255 234 255 230 191 203 243 255 247 255 255 155 197 255 42 0 153 190 255 255 255 174 162 255 255 255 195 246 255 216 255 255 255 255 255 201 243 255 203 180 43 0 105 255 255 188 255 255 231 250 255 255 242 219 255 255 184 255 255 255 255 184 236 255 255 194 239 17 0 80 255 255 255 255 255 255 198 255 255 192 249 255 254 223 255 255 227 217 215 255 255 255 255 155 0
0 156 202 255 255 255 220 255 255 255 168 171 255 255 255 247 255 255 255 255 255 255 255 255 255 105 0 28 255 255 196 209 255 171 255 246 254 255 250 255 255 255 255 246 158 255 255 255 255 255 255 255 69 0 89 255 236 151 247 232 219 255 212 255 179 255 234 255 238 198 206 239 255 255 255 255 187 200 252 43 0 150 193 255 255 255 184 158 255 255 255 188 246 255 219 255 255 255 255 255 184 161 255 216 167 64 0 110 255 255 191 255 255 223 234 255 255 250 219 255 255 191 255 255 255 255 178 228 255 255 204 232 20 0 111 255 255 255 255 255 255 198 255 255 214 249 255 255 246 255 255 255 255 241 255 255 255 255 152 5
0 171 220 255 255 255 237 255 255 255 161 174 255 255 255 255 255 255 255 255 255 255 255 255 255 116 0 24 250 255 186 201 255 171 255 238 250 255 246 255 255 255 255 255 171 255 255 255 255 255 255 255 67 0 99 255 236 151 247 232 219 255 212 255 166 255 227 255 234 201 210 236 255 255 255 235 244 222 179 33 0 150 197 255 255 254 190 158 250 255 255 184 250 255 223 254 255 255 250 255 255 181 255 201 163 75 0 59 255 255 188 255 255 223 227 255 255 246 209 255 255 198 255 255 255 255 178 239 255 255 211 235 15 0 119 255 255 255 255 255 255 205 255 255 221 238 255 255 255 255 255 255 216 194 255 255 255 255 120 15
0 164 222 255 255 243 229 255 255 255 177 164 255 255 255 246 255 255 255 255 255 255 255 255 255 112 1 39 255 255 183 208 255 174 255 242 246 255 236 237 255 255 255 250 171 255 255 255 255 255 255 255 69 0 77 255 239 147 239 227 223 255 208 255 176 232 234 255 209 198 199 247 255 255 255 190 255 220 233 19 1 160 212 255 255 255 238 179 212 255 255 178 255 255 219 255 255 227 174 255 255 255 255 182 172 45 0 43 255 255 191 255 255 255 255 255 255 250 223 255 255 191 255 255 255 255 188 232 255 255 215 235 0 6 121 255 255 255 255 255 238 227 255 255 216 238 255 255 255 255 255 255 218 216 255 255 255 255 98 5
0 155 218 255 255 230 229 255 255 255 171 164 255 255 255 255 255 255 255 255 255 255 255 255 255 88 0 32 255 255 174 208 255 168 255 246 246 255 236 234 255 255 255 254 171 255 255 255 255 255 255 255 69 0 59 255 243 151 239 255 255 255 208 255 176 247 234 255 238 223 192 239 255 222 255 255 255 246 255 27 1 172 226 255 255 255 253 210 201 255 255 165 255 255 212 253 255 255 158 253 246 255 255 186 179 34 0 136 255 255 202 255 255 255 255 255 255 255 223 255 255 191 255 255 255 255 181 236 255 255 180 213 8 0 75 255 255 255 255 255 231 219 255 255 208 249 255 255 255 255 255 255 196 241 255 255 255 255 98 6
9 164 224 255 255 226 229 255 255 255 161 168 255 255 255 255 255 255 255 255 255 255 255 255 255 90 0 44 255 255 174 216 255 168 255 250 246 255 224 219 255 255 255 254 168 255 255 234 255 255 255 255 71 0 53 255 247 154 232 255 255 255 216 255 173 255 238 255 255 255 196 247 255 167 219 255 255 213 223 0 1 193 255 255 255 255 219 173 198 255 255 155 255 255 212 255 255 255 222 245 255 255 255 192 176 29 0 110 255 255 191 255 255 255 250 250 255 255 227 255 255 188 255 255 255 255 178 243 255 255 180 255 46 0 68 255 255 234 255 255 231 212 255 255 194 255 255 255 255 255 255 255 200 226 223 229 255 255 126 5
27 168 220 255 255 234 244 255 255 255 158 174 255 255 255 255 255 255 255 255 255 255 255 255 255 92 0 48 255 255 166 203 255 168 255 254 246 255 210 198 255 255 255 254 171 255 255 223 255 255 255 255 69 0 57 255 243 160 243 249 234 253 219 255 176 239 227 255 255 255 192 243 255 167 226 255 255 207 212 0 3 200 255 255 255 255 205 145 198 255 253 155 255 255 219 255 255 255 226 205 255 255 255 255 219 32 0 28 250 255 185 255 255 250 155 191 255 255 242 255 255 205 255 255 255 255 168 232 255 255 177 224 6 0 77 255 255 227 255 255 242 216 255 255 188 255 255 250 254 255 255 255 174 194 174 157 177 255 132 6
35 160 216 255 255 227 233 255 255 255 168 187 255 255 255 255 255 255 255 255 255 255 255 255 255 100 0 39 244 255 183 214 255 168 255 250 250 253 199 187 255 255 255 254 168 255 255 216 255 255 255 255 68 0 51 255 243 160 255 234 205 255 212 255 192 224 227 255 255 255 189 247 255 164 248 255 255 180 226 0 6 188 255 255 255 255 255 183 208 255 255 161 255 255 219 255 255 255 155 157 219 255 255 255 255 41 0 12 252 255 191 255 255 209 128 195 255 255 238 238 249 219 255 255 255 255 174 239 255 255 191 220 0 0 51 222 246 227 255 255 255 223 255 255 194 255 255 250 254 255 255 255 168 180 174 157 155 255 156 17
35 155 223 255 255 238 248 255 255 255 181 194 255 255 255 255 255 255 255 255 255 255 255 255 255 89 0 20 218 255 176 201 255 178 255 246 254 255 199 194 255 255 255 254 168 255 255 208 252 255 255 255 64 0 45 255 255 157 255 230 198 255 201 255 199 214 223 255 255 255 192 255 255 170 255 255 255 164 226 0 8 181 255 255 255 255 255 221 223 255 255 174 255 255 216 253 255 255 182 169 238 255 255 255 255 64 0 7 255 255 191 255 255 209 162 242 255 255 250 212 246 246 255 255 255 255 188 243 255 255 191 202 0 0 49 194 209 216 255 255 255 227 255 255 201 255 255 242 242 255 255 255 176 158 143 151 177 255 166 11
46 158 223 255 255 255 255 255 255 255 191 194 255 255 255 255 255 255 255 255 255 255 255 255 255 79 0 28 255 255 176 205 255 198 255 238 254 255 196 198 255 255 255 255 165 255 255 201 244 255 255 255 39 0 49 255 255 163 255 230 198 249 208 255 210 228 230 255 255 255 186 243 255 201 255 255 255 204 214 0 6 188 255 255 255 255 255 225 227 255 255 188 255 255 230 255 255 255 255 224 255 255 255 255 255 66 0 18 245 255 188 255 255 205 181 255 255 255 255 255 255 255 255 255 255 255 184 236 255 255 197 199 0 0 80 174 209 212 255 255 255 227 255 255 198 255 255 238 231 255 255 255 236 226 219 211 237 255 146 14
86 187 223 255 255 255 255 255 255 255 201 194 255 255 255 255 255 255 255 255 255 255 255 255 255 55 0 39 255 255 166 205 255 219 255 234 254 253 192 201 254 255 255 255 165 255 255 198 222 255 255 254 11 0 57 255 255 179 255 242 216 255 227 255 255 255 255 255 255 255 186 243 255 255 255 255 255 255 214 0 3 195 255 255 255 255 255 248 227 255 255 205 255 255 249 255 255 255 255 217 216 255 255 255 255 45 0 77 223 255 198 255 255 205 191 255 255 250 250 255 255 255 255 255 255 255 201 255 255 255 212 209 19 0 151 180 231 216 255 255 255 223 255 255 188 255 255 234 227 255 255 227 255 255 255 255 255 255 125 11
98 194 218 255 255 255 255 255 255 255 191 198 255 255 238 255 250 228 255 255 255 255 255 255 255 95 0 41 255 255 173 186 255 255 255 231 250 255 188 194 255 255 255 255 179 255 255 205 237 255 255 253 6 0 124 255 255 194 255 230 221 255 221 255 255 255 255 255 242 227 184 242 255 255 255 255 255 255 217 0 9 169 255 255 255 255 255 208 234 255 255 198 255 255 255 255 255 255 255 191 230 255 255 255 255 33 0 65 200 255 184 255 255 227 191 255 255 255 205 255 255 255 250 255 255 255 219 254 255 255 204 204 22 0 97 238 255 212 255 255 255 205 255 255 198 255 255 234 238 255 255 255 255 255 255 255 255 255 170 24
111 178 193 255 255 255 255 255 255 255 191 194 255 255 234 246 208 160 208 255 255 255 255 255 255 90 0 25 252 255 176 173 255 255 255 246 255 253 212 201 255 255 253 251 173 255 255 219 255 255 255 242 5 0 145 255 255 205 255 223 216 255 210 255 255 255 255 255 231 234 194 242 255 255 255 255 255 255 217 0 5 172 255 255 255 255 255 191 231 255 255 198 255 255 255 255 255 255 255 181 255 255 255 255 255 41 0 20 142 255 191 249 255 234 223 255 255 254 171 255 255 255 255 255 255 255 238 255 255 255 197 207 21 0 71 255 255 209 255 255 255 198 255 255 174 238 255 223 219 255 255 255 255 255 214 255 255 255 255 90
113 175 183 255 255 255 255 255 255 255 194 188 255 255 238 242 201 137 149 187 255 255 255 255 255 55 0 0 188 255 174 183 255 255 255 254 255 246 234 205 255 255 205 243 169 255 255 238 255 255 255 255 14 0 139 255 255 230 255 223 227 255 210 255 255 255 255 255 255 255 208 234 255 255 255 255 255 255 221 0 0 172 255 255 255 255 255 184 227 255 255 201 255 255 255 255 255 255 255 169 251 203 239 255 255 55 0 17 151 255 188 233 255 223 250 255 255 242 149 255 255 255 255 255 255 255 255 255 255 255 187 207 26 0 102 255 255 205 255 255 255 191 255 255 174 216 255 230 209 255 255 255 255 255 193 255 255 255 255 136
82 177 197 255 255 255 255 183 255 255 201 188 255 255 246 246 212 149 151 155 246 255 255 255 255 45 0 14 217 255 166 184 255 234 255 250 249 242 230 205 255 255 171 247 166 255 255 246 255 231 255 255 44 0 136 255 255 254 255 223 230 255 212 255 255 255 255 255 255 255 216 230 255 255 255 255 255 255 217 0 0 150 255 255 254 255 255 201 223 255 255 198 255 255 246 255 255 255 255 163 219 152 155 171 255 49 0 20 179 255 188 241 255 234 255 255 255 255 152 255 255 255 255 255 255 255 254 255 255 255 197 186 5 0 148 255 255 205 255 255 250 181 255 255 188 205 255 246 212 255 255 255 255 198 225 255 255 255 255 148
45 161 194 255 255 255 255 155 230 255 212 194 255 255 246 249 219 158 157 160 236 255 255 255 255 51 0 26 234 255 172 180 255 188 255 238 242 253 219 210 255 255 161 255 169 255 255 238 255 212 255 255 66 0 139 255 255 255 255 216 227 253 208 255 255 255 255 255 255 255 216 242 255 255 255 255 255 255 213 0 0 119 243 230 242 255 255 221 227 255 255 195 255 255 242 255 255 255 249 166 174 146 149 181 255 59 0 11 176 255 198 253 255 255 255 255 255 255 171 255 255 255 255 255 255 255 255 255 255 255 226 186 0 0 162 255 255 212 255 255 242 178 255 255 181 201 255 242 209 255 255 255 190 158 255 255 255 255 255 138
35 155 182 255 255 255 249 158 219 255 223 198 255 255 238 249 255 186 157 163 239 255 255 255 255 64 0 16 210 255 182 180 255 165 255 238 249 255 217 214 255 255 161 251 176 255 255 255 255 223 255 255 55 0 139 255 255 255 255 234 238 249 208 255 255 255 255 255 255 255 212 242 255 255 255 255 255 253 210 0 4 95 201 201 231 255 255 228 227 255 255 191 255 255 231 255 255 255 246 192 151 147 160 206 255 55 0 1 166 245 165 237 255 255 255 255 255 255 178 255 255 250 255 255 255 255 255 255 255 255 233 212 41 0 149 255 255 212 255 255 246 178 255 255 174 223 255 219 195 255 255 219 140 168 255 255 255 230 255 130
39 168 182 255 255 255 234 158 223 255 223 198 255 255 234 249 255 246 168 152 242 255 255 255 255 78 0 24 228 255 179 171 255 165 255 238 255 255 221 210 254 255 168 243 179 255 255 255 255 219 255 255 46 0 145 255 255 255 255 255 255 255 212 255 255 255 255 255 255 255 216 234 255 255 255 255 255 242 224 0 1 95 215 201 227 255 255 224 227 255 254 184 255 255 216 254 255 255 253 255 255 255 255 255 255 57 0 6 196 255 174 253 255 255 255 255 255 255 171 255 255 188 255 255 209 216 255 255 255 255 226 198 78 0 134 255 255 209 255 255 254 188 255 255 194 253 255 212 191 255 255 223 164 201 255 255 255 209 255 133
39 185 187 255 255 255 238 155 227 255 219 194 255 255 234 253 255 255 184 143 242 255 255 255 255 60 0 9 213 255 170 187 255 171 255 234 255 239 228 206 255 255 181 236 176 255 255 255 255 223 252 255 48 0 139 255 255 250 255 255 255 255 208 255 255 255 255 255 255 255 219 234 255 255 255 255 255 242 243 0 0 106 255 222 229 255 255 221 227 255 250 181 255 255 201 238 255 255 255 255 255 255 255 255 255 78 0 0 189 255 194 226 250 255 255 255 255 255 161 247 254 162 255 255 165 178 255 255 255 255 233 168 68 0 149 255 255 205 255 255 255 195 255 255 223 255 255 216 201 255 255 255 255 253 255 255 255 197 218 124
28 191 182 255 255 255 204 146 230 255 223 198 255 255 242 242 255 255 174 143 242 255 255 255 255 49 0 36 255 255 178 177 255 168 255 254 255 246 221 221 253 255 178 242 168 255 255 255 255 216 249 255 47 0 134 255 255 223 255 255 255 250 201 255 255 255 255 255 255 255 234 230 255 248 255 255 255 233 250 0 0 157 255 233 219 255 255 230 227 255 249 168 255 255 184 253 255 255 255 255 255 246 255 255 255 111 0 0 226 255 199 234 255 255 255 255 255 255 161 249 255 158 255 254 155 198 255 255 255 255 237 154 71 0 149 255 255 205 255 255 255 195 255 255 254 231 255 224 196 255 255 255 255 255 255 255 255 205 212 116
4 180 189 255 255 255 215 143 234 255 223 198 255 255 242 242 255 255 209 158 223 255 255 255 255 49 0 11 203 255 178 181 255 168 255 255 255 249 217 210 255 255 174 242 171 255 255 255 255 202 194 255 71 0 146 255 255 234 255 255 255 255 209 255 228 253 255 255 255 255 255 255 255 218 255 255 255 226 227 0 2 183 255 229 223 255 255 217 223 255 253 165 255 255 194 242 255 255 255 255 223 238 255 255 255 108 0 0 255 255 196 242 255 255 255 255 255 255 184 230 255 149 255 255 255 255 255 255 255 255 233 157 64 0 146 255 255 198 255 255 255 212 255 255 255 216 255 221 182 255 255 255 255 255 255 255 255 184 229 126
0 177 196 255 255 255 204 137 234 255 227 198 255 255 242 242 255 255 255 227 255 255 255 255 255 49 0 8 196 255 174 181 255 171 255 255 255 253 214 214 255 255 171 246 171 255 255 255 255 227 158 255 80 0 181 255 255 219 255 255 255 255 231 255 203 253 255 255 255 255 255 255 254 207 255 255 255 215 216 0 9 212 255 222 227 255 255 228 212 255 255 161 249 255 201 234 255 255 255 230 184 255 255 255 255 116 0 0 255 255 182 227 255 255 223 246 255 255 219 234 255 168 255 255 255 255 255 255 255 255 233 163 73 0 174 255 246 194 255 255 255 231 255 255 255 188 255 232 203 255 255 255 255 255 255 255 255 167 241 146
0 180 189 255 255 255 187 140 234 255 227 194 255 255 242 246 255 255 255 255 255 255 255 255 255 47 0 14 214 255 171 184 255 174 255 255 255 249 217 228 255 255 171 247 176 255 255 255 255 254 146 255 76 0 255 255 255 212 255 255 255 255 255 255 199 253 255 255 255 255 255 255 255 200 255 255 255 201 216 0 24 254 255 218 223 255 255 228 205 255 249 165 253 255 194 238 255 255 250 165 184 255 255 255 255 92 0 0 245 255 196 234 255 255 201 238 255 255 234 255 255 178 255 255 255 255 255 255 255 255 237 157 64 16 216 255 242 201 255 255 255 255 255 255 227 179 255 221 203 255 199 155 255 255 255 255 255 192 203 123
0 180 186 255 255 255 191 149 238 255 227 191 255 255 238 249 255 255 255 255 255 255 255 255 255 47 0 5 189 255 174 184 255 174 255 255 255 246 221 239 255 255 171 243 176 255 255 201 234 255 152 255 76 0 255 255 255 201 255 255 242 255 255 255 199 242 255 255 255 255 255 255 246 186 255 255 255 191 216 0 22 255 255 214 226 255 255 224 201 255 246 178 255 255 184 246 255 255 195 146 212 255 255 254 247 53 0 1 241 255 199 234 255 255 191 246 255 227 223 255 255 168 255 255 255 253 253 255 255 255 241 151 36 0 210 255 255 201 238 255 255 255 255 255 236 169 255 216 194 255 247 160 233 255 255 255 255 203 116 45
0 194 189 255 255 255 194 140 242 255 230 191 255 255 238 249 255 255 255 255 255 255 255 255 255 51 0 4 186 255 178 174 255 174 255 255 255 242 221 239 255 255 171 239 176 255 253 158 245 255 161 255 71 0 255 255 255 184 255 255 227 255 255 255 196 227 255 255 255 255 255 255 254 183 255 255 255 187 238 0 8 223 255 218 226 255 255 222 201 255 255 201 255 255 174 249 255 255 227 201 255 255 255 255 224 26 0 9 255 255 189 231 255 255 184 249 255 208 201 255 255 162 255 255 242 157 160 255 255 255 237 179 38 0 179 240 227 191 242 255 255 255 255 255 255 166 255 227 178 255 255 169 252 255 255 255 255 208 121 38
0 197 189 255 255 255 184 140 255 255 242 194 255 255 234 249 255 255 255 255 255 255 255 255 255 49 0 22 232 255 174 174 255 181 255 255 255 242 217 239 255 255 171 243 177 255 239 142 245 255 187 255 66 0 255 255 255 181 255 255 223 255 255 255 196 219 255 255 250 255 255 255 255 186 255 255 255 180 246 0 5 205 255 225 223 255 255 222 205 255 255 227 255 255 181 246 255 255 255 255 255 255 255 255 203 26 0 11 255 255 192 242 255 255 184 246 255 198 181 255 255 162 255 255 255 186 144 245 255 255 255 236 63 0 184 221 205 188 255 255 255 255 255 255 255 168 255 255 235 255 255 247 255 255 255 255 255 211 237 110
0 187 176 255 255 255 174 155 255 255 249 198 255 255 234 249 255 255 255 255 255 250 255 255 255 43 0 46 255 255 165 187 255 188 255 255 255 238 221 239 255 255 168 247 177 255 232 144 234 255 233 255 69 0 255 255 255 178 255 255 212 255 255 255 206 223 255 255 205 255 255 255 250 180 255 255 255 174 231 0 2 191 255 225 223 255 255 248 208 255 255 249 234 255 188 238 255 255 255 255 255 255 255 255 203 51 0 8 249 255 186 238 255 255 191 238 255 188 174 255 255 174 255 255 255 255 152 215 255 255 255 255 68 1 208 244 230 194 255 255 255 255 255 255 247 184 255 255 255 255 255 255 255 255 255 255 255 175 255 118
0 209 184 255 255 255 164 161 255 255 255 198 255 255 242 242 255 255 255 255 212 255 255 255 255 47 0 16 229 255 171 181 255 202 255 255 255 250 208 230 255 255 178 243 166 255 254 174 255 255 255 255 71 0 206 255 255 168 255 255 231 255 255 255 205 238 255 255 174 255 255 255 251 183 255 255 255 182 255 0 1 203 255 222 238 255 255 255 250 255 255 234 201 255 178 239 255 255 255 255 255 255 255 255 180 120 6 6 253 255 192 238 255 255 194 242 255 181 178 255 255 178 255 255 255 255 255 194 255 255 255 255 66 8 211 226 255 191 255 255 249 255 255 255 227 181 255 255 255 255 255 255 255 255 255 255 255 188 255 96
0 208 178 255 255 255 168 171 255 255 255 195 255 255 242 246 255 255 255 255 178 253 255 255 255 47 0 5 203 255 171 177 255 231 255 255 255 242 212 249 255 255 171 247 189 255 255 254 255 255 255 255 69 0 153 255 255 181 255 255 223 255 255 255 194 253 255 255 171 255 255 255 247 180 255 255 255 178 253 3 4 203 255 222 223 255 255 255 255 255 255 194 198 255 168 242 255 191 171 255 255 255 255 255 222 91 0 9 255 255 203 242 255 255 205 246 255 191 195 255 255 195 255 255 255 255 255 198 255 255 255 255 69 4 168 228 253 188 255 253 230 255 255 255 227 188 255 255 255 255 255 255 255 252 255 255 255 181 255 101
0 194 178 255 255 255 164 181 255 255 255 191 255 255 242 249 255 255 253 216 184 255 255 255 255 51 0 1 193 255 178 174 255 255 255 255 255 238 212 255 255 255 168 247 203 255 255 255 255 255 255 255 74 0 104 255 255 184 255 255 242 255 255 255 208 255 255 255 181 255 255 255 255 186 255 255 255 178 255 29 10 203 255 233 226 248 255 255 255 255 255 191 208 255 168 250 255 191 152 255 255 255 255 242 215 44 0 2 215 255 228 255 255 255 219 255 255 208 223 255 255 191 255 255 255 255 255 255 255 255 255 255 76 0 99 241 255 191 255 255 216 255 255 255 219 184 255 255 255 255 255 255 255 233 255 255 255 188 255 93
0 184 181 255 255 248 158 191 255 255 255 188 255 255 238 249 255 255 194 146 205 255 255 255 255 51 0 8 210 255 178 174 255 255 255 255 255 227 205 255 255 255 168 247 203 255 231 255 255 255 255 255 55 0 74 255 255 178 255 255 255 255 255 255 238 255 255 255 198 255 255 255 255 190 255 255 255 178 255 46 0 162 255 207 219 255 255 255 255 255 255 201 205 255 184 246 255 238 209 255 255 255 255 246 218 37 0 0 151 251 232 255 255 255 230 255 255 216 246 255 255 201 255 255 255 255 255 255 255 255 255 255 75 0 72 217 253 178 255 255 191 234 255 255 242 205 255 255 255 254 255 255 255 211 255 255 255 198 255 111
3 196 184 255 255 244 155 195 255 255 255 181 255 255 238 253 255 255 184 140 208 255 255 255 255 51 0 17 232 255 178 177 255 255 255 255 255 212 188 255 255 255 171 247 203 255 238 255 255 255 255 255 24 0 67 255 255 168 255 255 255 255 255 255 242 253 255 255 201 255 255 255 251 186 255 255 255 169 237 38 0 150 248 186 215 255 255 255 255 255 255 230 227 255 255 255 255 255 255 255 255 255 255 234 241 46 0 3 124 217 224 255 255 255 234 255 255 219 250 255 255 195 255 255 255 254 255 255 255 255 255 255 63 1 149 255 246 181 255 255 181 231 255 255 249 227 255 255 255 255 255 255 255 194 255 255 255 195 255 140
27 220 190 255 255 252 158 190 255 255 255 174 255 255 238 253 255 255 194 152 249 255 255 255 255 47 0 19 240 255 171 181 255 255 255 255 255 223 191 255 255 255 178 239 203 255 238 255 255 255 255 255 16 0 85 255 255 171 255 255 234 181 250 255 249 255 255 255 201 255 255 255 251 183 255 255 255 172 237 38 4 156 255 204 219 255 255 255 255 255 255 212 219 255 255 255 255 255 255 255 255 255 255 246 226 44 0 2 130 214 221 255 255 255 227 255 255 216 246 255 255 205 255 255 255 219 176 163 148 164 238 255 75 12 206 255 246 194 255 255 181 242 255 255 255 246 255 255 255 255 255 255 255 177 255 255 255 199 243 88
35 227 197 255 255 248 158 194 255 255 255 168 255 255 234 249 255 255 246 194 255 255 255 255 255 47 0 19 240 255 171 181 255 255 255 255 255 234 194 255 255 255 188 232 210 255 216 255 255 255 255 255 27 0 115 255 255 171 255 255 191 137 231 255 255 255 255 255 231 255 255 255 255 183 255 255 255 175 241 33 0 132 255 204 215 255 217 245 255 255 255 198 223 255 255 255 255 255 255 255 255 255 255 238 215 63 0 2 157 239 221 255 255 255 216 255 255 212 238 255 255 194 255 255 255 219 144 149 167 155 200 255 67 6 255 255 242 184 255 255 171 198 255 255 238 219 246 255 255 255 255 255 255 164 255 255 255 199 202 48
23 220 209 255 255 240 158 200 255 255 255 165 255 255 234 249 255 255 255 255 255 255 255 255 255 49 0 21 244 255 174 177 255 255 255 255 255 234 191 255 255 255 201 239 232 255 198 255 255 255 255 255 28 0 123 255 255 168 255 255 198 146 254 255 255 249 198 255 255 255 255 255 251 183 255 255 255 175 211 9 7 129 255 200 215 255 206 245 255 255 255 181 216 255 255 255 255 255 255 255 254 255 255 223 211 96 0 9 193 255 255 255 255 255 212 253 255 212 234 255 255 205 255 255 255 230 157 191 137 152 196 255 67 7 255 255 249 181 255 255 171 152 242 255 255 238 223 238 255 255 255 255 255 167 255 255 248 182 202 62
36 230 199 255 255 245 158 195 255 255 255 168 255 255 238 249 255 255 255 255 158 253 255 255 255 51 0 14 227 255 160 180 255 234 255 255 255 232 194 255 255 255 198 212 253 255 205 255 255 255 255 255 22 0 124 255 255 158 255 255 181 205 255 255 246 255 242 255 255 255 255 255 255 186 255 255 255 183 212 1 4 165 255 204 223 255 238 211 255 255 255 184 219 255 255 242 255 255 255 254 242 255 255 242 225 109 0 28 254 255 255 255 255 255 198 255 255 216 238 255 255 209 255 255 255 219 195 209 191 223 255 255 79 11 255 255 246 178 255 255 184 146 234 255 255 246 255 249 231 255 255 255 255 167 255 255 255 185 203 77
29 223 216 255 255 237 146 195 255 255 255 168 255 255 238 249 255 255 255 255 161 205 255 255 255 58 0 3 194 255 172 190 255 222 255 255 255 228 191 255 255 255 198 201 255 255 205 255 255 255 255 255 21 0 97 255 255 168 255 255 178 234 255 255 234 255 255 255 255 255 255 255 248 200 255 255 255 180 216 1 3 159 255 215 209 255 255 194 255 255 255 205 255 255 255 255 255 255 255 250 223 255 255 246 255 65 0 54 227 255 255 255 255 253 191 255 255 212 227 255 255 254 255 255 255 238 209 255 255 255 255 227 84 3 255 255 246 184 255 255 223 171 254 255 255 242 255 255 234 255 255 255 255 161 255 255 253 178 176 48
0 170 222 255 255 237 134 191 255 255 255 171 255 255 234 249 255 255 255 255 178 165 255 255 255 58 0 0 174 255 179 183 255 208 255 255 255 224 187 255 255 255 194 181 255 255 209 255 255 255 255 255 21 0 89 221 255 161 255 255 188 238 255 255 223 230 255 255 255 255 255 255 244 225 255 255 255 177 216 0 5 181 255 211 205 255 255 175 255 255 255 227 255 255 255 255 255 255 255 242 198 255 255 242 247 76 0 28 202 255 255 255 255 255 201 255 255 208 216 255 255 255 255 255 255 242 194 255 255 255 255 208 78 11 255 255 246 184 255 255 255 255 255 255 255 238 255 255 238 255 255 255 255 167 255 255 255 191 183 48
0 130 219 255 255 241 131 198 255 255 250 171 255 255 234 249 255 255 255 255 212 155 255 255 255 66 0 0 171 255 180 174 255 198 255 255 255 221 187 255 255 255 194 174 255 255 205 255 255 255 255 255 17 0 87 203 255 161 255 255 209 255 255 255 234 198 255 255 255 255 255 255 244 252 255 255 255 174 212 0 5 212 255 191 209 255 255 156 223 255 255 242 223 250 255 255 255 255 255 242 181 255 255 227 240 120 0 7 223 255 255 255 255 255 216 255 255 208 205 255 255 255 255 255 255 253 181 255 255 255 255 255 88 41 252 255 242 191 255 255 255 255 255 255 253 238 255 255 238 255 255 255 255 177 255 255 253 195 179 50
0 133 215 255 255 237 142 205 255 255 242 171 255 255 234 249 255 255 255 255 242 165 255 255 255 80 0 0 171 255 180 177 255 194 255 255 255 221 191 255 255 255 198 181 255 255 198 255 255 255 255 255 14 0 70 207 255 171 255 242 216 255 255 255 227 198 255 255 255 255 255 255 240 255 255 255 255 183 212 2 2 203 255 197 222 255 255 160 158 255 255 255 219 254 246 255 255 255 255 246 178 255 255 205 240 81 0 12 255 255 255 255 255 255 227 255 255 212 205 255 255 250 255 255 255 255 230 255 255 255 255 255 123 45 255 255 242 208 255 255 227 255 255 255 246 238 255 249 234 255 255 255 255 167 255 255 255 209 183 50
0 145 212 255 255 237 157 191 255 255 234 171 255 255 234 253 255 255 255 255 255 195 255 255 255 80 0 0 179 255 180 181 255 194 255 255 255 224 191 255 255 255 198 201 255 255 188 255 255 255 255 255 21 0 57 240 255 174 255 255 250 255 255 255 223 184 255 255 255 255 255 255 240 255 255 255 255 197 205 5 0 131 255 192 204 255 255 170 162 255 255 254 254 255 231 255 255 255 255 246 178 255 255 201 228 60 0 13 255 255 255 255 255 255 230 255 255 216 205 255 255 234 255 255 255 205 194 255 255 255 255 255 186 18 255 255 238 208 255 255 191 255 255 255 234 238 255 242 227 255 255 255 255 164 255 255 255 223 170 31
0 164 211 255 255 237 183 171 255 255 227 171 255 255 234 253 255 212 201 255 255 246 255 255 255 90 0 0 182 255 177 175 255 194 255 255 255 224 191 255 255 255 201 230 255 255 178 255 255 255 255 255 24 0 51 248 255 174 255 255 255 255 255 255 249 181 255 255 255 255 255 255 255 255 255 255 255 204 191 3 0 117 255 206 215 255 255 243 223 255 255 234 250 255 216 255 255 255 255 246 174 255 255 212 240 101 0 40 255 255 255 255 255 255 201 255 255 212 201 255 255 219 255 255 227 146 166 255 255 255 255 255 202 3 227 255 238 201 255 255 209 255 255 255 219 238 255 234 216 255 255 255 255 171 255 255 249 216 151 15
0 194 223 255 255 237 211 171 255 255 219 168 255 255 234 253 255 181 158 255 255 255 255 255 255 128 0 0 172 255 177 178 255 191 255 255 255 228 191 255 255 255 201 253 255 255 171 255 255 255 255 255 17 0 43 214 191 158 255 255 255 255 255 255 255 191 255 254 209 255 255 231 255 255 255 255 255 204 174 0 0 117 255 188 215 255 255 255 255 255 255 250 246 255 216 255 255 255 255 242 171 255 255 230 221 106 0 101 255 255 255 255 255 201 158 238 255 208 198 255 255 219 255 255 249 149 186 255 255 255 255 229 122 0 104 255 238 208 255 255 209 255 255 255 205 242 255 234 212 255 255 255 255 171 255 255 255 234 176 38
0 255 198 255 255 251 237 163 255 255 227 165 255 255 238 238 255 238 140 234 255 255 255 255 255 139 4 0 168 255 160 179 255 184 255 255 255 231 188 255 255 255 201 254 255 255 168 255 255 255 255 255 28 0 43 255 255 178 249 230 255 255 255 255 255 166 255 236 181 255 255 140 227 255 255 255 255 192 113 0 0 139 255 206 204 255 255 255 255 255 255 234 255 255 219 254 255 255 255 249 171 255 255 224 211 147 0 7 255 255 255 255 255 187 152 235 255 187 208 255 255 223 255 255 255 188 219 255 255 255 215 159 97 0 85 255 242 198 255 255 216 255 255 255 212 212 255 238 223 255 255 255 255 171 255 255 255 227 231 75
0 181 230 255 255 255 255 176 255 255 223 168 255 255 242 249 255 219 171 238 255 255 255 255 255 47 0 0 165 255 176 196 255 178 255 255 255 231 191 255 255 255 198 250 255 255 168 255 255 255 255 255 16 0 49 255 255 171 255 255 255 255 255 255 228 163 255 223 188 255 216 131 239 255 255 255 255 187 95 0 7 184 255 203 208 255 255 235 255 255 255 227 255 255 209 250 255 255 255 253 174 255 255 221 237 84 0 52 255 215 255 255 255 215 174 242 255 208 212 255 255 223 255 255 255 212 250 255 255 252 177 143 87 0 83 255 242 205 255 255 219 255 255 255 198 208 255 255 255 255 255 255 255 171 255 255 249 212 178 39
0 91 230 255 255 255 252 164 255 255 219 174 255 255 238 255 255 216 219 249 255 255 255 255 255 70 0 1 175 255 183 196 255 171 255 255 255 227 191 255 255 255 198 250 255 255 171 255 255 255 255 255 5 0 47 255 255 165 255 255 255 255 255 255 255 169 255 227 188 255 238 219 255 255 255 255 255 191 83 0 22 226 255 203 215 255 255 223 255 255 255 216 255 255 209 254 255 255 255 253 184 255 255 217 237 84 0 63 231 194 255 255 255 219 184 242 255 215 201 255 255 227 255 255 205 178 255 255 255 233 158 146 87 0 78 255 253 219 255 255 216 255 255 255 212 223 255 255 255 255 255 255 255 171 255 255 249 209 137 16
0 106 238 255 255 255 190 143 255 255 219 184 255 255 234 253 255 242 253 255 255 255 255 255 255 87 0 0 175 255 173 206 255 168 255 255 255 223 191 255 255 255 198 254 255 255 174 255 255 255 255 238 6 0 54 255 255 168 255 255 255 223 255 255 255 168 255 234 174 255 255 255 255 255 255 255 255 187 78 0 19 249 255 214 230 255 255 219 255 255 255 184 253 255 216 254 255 255 255 253 194 255 255 217 229 154 0 51 194 204 255 255 255 184 181 250 255 219 194 255 255 223 255 255 205 195 255 255 255 255 168 164 97 0 80 255 255 234 255 255 227 255 255 255 230 246 253 255 255 255 255 255 255 167 255 255 255 231 130 16
0 169 234 255 255 255 167 152 255 255 216 191 255 255 230 253 255 255 246 242 255 255 255 255 255 72 0 0 178 255 170 214 255 168 255 255 255 223 191 255 255 255 201 255 255 255 178 255 255 255 255 227 9 0 55 255 255 181 255 255 254 209 255 255 255 212 255 246 174 255 255 255 255 255 255 255 255 197 87 0 19 255 255 222 245 255 255 219 255 255 255 168 238 255 246 255 255 255 255 253 201 255 255 217 233 197 0 76 224 207 255 255 255 152 187 255 255 226 198 255 255 223 255 255 255 255 255 216 212 255 171 171 94 0 88 255 255 238 255 255 250 255 255 255 219 249 246 255 255 255 255 255 255 171 255 255 255 252 134 20
0 255 255 255 255 255 167 146 246 255 212 198 255 255 234 253 255 255 205 212 255 255 255 255 255 170 11 5 185 255 173 203 255 168 255 255 255 223 191 255 255 255 205 255 255 255 178 255 255 255 255 231 11 0 92 255 255 194 255 255 254 201 255 255 194 246 255 234 191 255 255 255 230 255 255 255 255 226 114 0 24 255 255 219 255 255 255 238 255 255 255 181 242 255 255 255 255 255 255 253 208 255 255 221 240 186 0 114 231 196 255 255 255 137 194 255 255 237 191 255 255 231 255 255 255 255 255 165 198 255 166 158 70 0 80 255 253 238 255 255 255 255 238 255 223 246 246 255 255 255 255 255 255 183 255 255 255 255 131 19
0 192 255 255 255 255 180 139 249 255 219 201 255 255 238 253 255 255 178 194 255 255 255 255 255 222 31 0 178 255 173 200 255 168 255 255 255 223 198 255 255 255 201 254 255 255 174 255 255 255 255 250 12 0 202 255 255 198 255 255 242 195 255 255 174 255 255 223 178 255 255 239 152 184 255 255 255 233 155 0 24 255 255 219 255 255 255 255 255 255 255 191 242 255 255 255 255 255 255 249 208 255 255 228 242 176 0 142 219 191 255 255 255 137 197 255 255 253 187 255 255 227 255 255 255 255 234 165 253 255 163 152 49 0 66 255 255 238 255 255 255 255 195 255 246 246 242 255 255 255 255 255 255 197 255 255 255 253 131 21
0 112 255 255 255 255 193 142 255 255 223 201 255 255 234 246 255 255 168 198 255 255 255 255 255 113 0 0 178 255 170 210 255 168 255 255 255 219 201 255 255 255 198 246 255 250 174 255 255 255 255 249 1 0 255 255 255 194 255 255 227 188 255 255 171 223 255 238 178 255 255 255 167 164 255 255 255 238 216 0 21 255 255 226 253 255 237 255 255 255 255 208 249 255 255 255 255 255 255 249 208 255 255 232 255 182 0 180 239 197 255 255 254 146 208 255 255 255 191 255 255 223 255 255 255 246 205 255 255 241 163 155 43 0 60 255 255 246 255 255 255 255 188 255 255 242 249 255 255 255 246 255 255 208 255 255 255 253 140 28
0 255 255 255 255 255 255 171 255 255 223 194 255 255 234 253 255 246 178 160 217 255 255 255 255 95 0 10 205 255 169 225 255 174 255 255 254 227 188 255 255 255 195 254 255 255 181 255 255 255 255 149 0 0 255 255 255 201 255 255 223 195 255 255 171 205 255 255 171 255 255 255 237 164 245 255 255 255 237 0 14 246 255 214 255 255 224 255 255 255 255 219 254 255 255 255 255 255 255 246 201 255 255 231 255 110 0 211 226 186 255 255 255 158 171 255 255 255 226 255 255 217 255 255 255 166 151 255 255 237 165 139 40 0 70 255 255 254 255 255 255 255 198 255 254 255 246 255 255 255 178 253 255 236 255 255 255 255 155 27
0 228 255 255 255 255 255 201 255 255 227 191 255 255 230 249 255 230 161 154 221 255 255 255 255 174 6 21 208 255 172 221 255 171 255 255 255 231 188 255 255 255 201 255 255 255 181 255 255 255 234 132 0 0 253 255 255 198 255 255 242 201 255 255 165 219 255 255 181 255 255 255 255 226 221 255 255 255 249 0 0 208 255 218 253 255 255 255 253 246 255 223 246 254 255 255 255 255 255 254 205 255 255 231 255 136 0 180 219 200 255 255 255 164 171 255 255 249 219 255 255 230 255 255 255 246 208 205 255 255 172 157 36 0 49 255 255 255 255 255 255 255 201 255 255 255 255 255 255 255 181 255 255 255 255 255 255 255 165 20
5 236 255 255 255 255 255 201 255 255 230 194 255 255 234 253 255 231 146 144 239 255 255 255 255 166 0 12 198 255 182 236 255 171 255 255 255 234 191 255 255 255 198 255 255 255 171 255 255 255 201 120 0 0 219 255 255 201 255 255 255 212 255 255 165 246 255 255 195 255 255 255 255 255 225 255 255 255 243 0 2 202 255 244 253 255 255 255 249 234 255 234 250 254 255 255 255 238 255 255 231 255 255 238 255 170 0 190 187 200 255 255 255 174 161 255 255 234 208 255 255 223 255 255 255 255 255 216 255 255 206 152 44 0 47 255 255 255 255 255 255 255 194 255 255 255 255 255 255 255 178 255 255 255 255 255 255 255 155 2
0 182 255 255 255 255 255 204 255 255 230 198 255 255 238 249 255 250 184 171 255 255 255 255 255 142 0 20 223 255 175 240 255 168 255 255 255 231 191 255 255 255 201 254 255 255 165 255 255 228 177 131 2 0 156 210 255 205 255 255 255 219 255 255 171 255 255 255 205 255 255 255 255 255 255 255 255 255 192 0 4 195 255 255 255 255 255 255 255 234 255 255 255 255 255 255 255 205 255 255 255 255 255 242 255 177 10 193 222 190 255 255 255 187 149 246 255 222 205 255 255 219 255 255 255 255 255 255 255 255 255 143 48 0 64 255 255 255 255 227 255 255 194 255 255 255 255 255 255 255 178 255 255 255 255 255 255 255 161 2
0 165 255 255 255 255 255 191 255 255 227 194 255 255 238 238 255 255 255 253 255 255 255 255 255 87 0 29 234 255 175 232 255 165 255 255 255 223 191 255 255 255 216 255 255 255 171 255 255 182 152 140 2 0 150 173 242 201 255 255 254 231 255 255 171 255 255 255 209 255 255 255 255 255 255 255 255 255 166 0 5 199 255 255 255 255 255 255 255 238 255 255 255 255 255 255 255 195 255 255 255 255 255 242 255 187 0 75 201 200 255 255 255 201 134 231 255 219 205 255 255 234 255 255 255 255 255 255 255 255 255 149 27 0 66 255 255 255 255 205 242 255 198 255 255 255 255 255 255 255 181 255 255 255 255 255 255 255 158 8
0 172 255 255 255 255 255 211 255 255 227 191 255 255 242 238 255 255 255 238 255 255 255 255 255 78 0 42 238 255 179 228 255 165 255 255 255 219 195 255 255 255 223 255 255 255 174 255 255 173 152 161 2 0 171 168 227 195 255 255 254 238 255 255 168 255 255 255 209 255 255 255 238 208 208 208 229 255 128 0 18 231 255 255 255 255 219 255 246 238 255 255 254 250 255 255 255 191 255 255 255 255 255 255 255 180 0 66 177 200 255 255 255 222 131 223 255 219 208 255 255 227 255 255 255 223 191 255 255 247 197 149 4 0 57 255 255 250 255 212 242 255 194 255 255 255 255 255 255 255 184 255 255 255 255 255 255 255 161 20
0 185 255 255 255 255 255 211 255 255 230 194 255 255 255 255 255 255 255 188 255 255 255 255 254 77 0 36 223 255 175 247 255 168 255 255 255 219 198 255 255 255 234 255 255 255 174 255 255 200 205 220 8 0 161 162 250 198 255 255 246 231 255 255 171 255 255 255 209 255 255 255 174 142 143 152 172 246 126 0 22 242 255 255 255 255 194 255 246 234 255 255 255 255 255 255 255 188 255 255 255 255 255 255 255 154 11 207 219 190 255 255 255 245 134 220 255 215 208 255 255 219 255 255 255 165 149 255 255 203 152 144 0 0 55 255 255 234 255 219 238 255 191 255 255 255 255 255 255 255 184 255 255 255 255 255 255 255 185 36
0 189 255 255 255 255 255 215 255 255 238 198 255 255 255 255 255 255 255 171 246 255 255 255 255 82 0 26 212 255 169 255 255 168 255 255 255 219 201 255 255 255 250 255 255 255 181 255 255 252 255 255 9 0 197 242 255 209 255 255 234 216 255 255 174 255 255 255 209 255 255 255 194 183 180 155 145 226 135 0 19 239 255 255 229 255 174 255 255 234 255 255 255 255 255 255 255 191 255 255 255 255 255 255 255 187 21 214 174 207 255 255 255 255 140 223 255 212 208 255 255 236 255 255 189 144 166 255 255 221 204 160 8 0 62 255 255 209 255 212 230 255 201 255 255 255 255 255 255 255 178 255 255 255 255 255 255 255 165 22
0 124 255 255 255 255 255 204 255 255 234 191 255 255 255 255 255 255 255 173 228 255 255 255 255 87 0 15 182 255 166 255 255 168 255 255 255 227 188 255 255 255 255 255 255 255 174 255 255 241 255 246 9 0 207 255 255 254 255 255 234 216 255 255 169 249 255 255 239 255 255 255 198 215 199 197 234 255 122 0 19 241 255 255 219 255 176 255 253 243 255 255 255 255 255 255 255 171 255 255 255 255 255 255 255 195 32 215 201 203 255 255 255 255 188 249 255 198 191 255 255 214 255 179 136 160 169 255 255 255 255 243 19 0 59 255 255 205 255 216 238 255 205 255 255 255 255 255 201 219 176 255 255 255 255 255 255 255 140 12
0 107 255 255 255 255 255 196 255 255 231 188 255 255 255 255 255 255 255 181 246 255 255 255 253 87 0 5 178 255 159 255 255 168 255 255 255 227 188 255 255 255 255 255 255 255 174 255 255 253 255 246 5 0 229 255 255 255 255 255 231 216 255 255 182 246 255 255 254 255 255 255 178 244 255 255 255 255 90 0 22 245 255 255 215 255 167 255 255 239 255 255 255 255 255 238 255 165 255 255 255 255 255 255 255 223 43 222 188 196 255 255 255 255 255 255 255 191 191 255 255 238 249 184 174 212 249 255 255 255 255 255 23 0 55 255 255 194 255 219 242 255 201 255 255 255 255 255 234 242 171 255 255 255 255 255 255 255 146 14
0 115 255 255 255 255 255 189 255 255 227 191 255 255 255 255 255 255 255 201 253 255 255 255 255 100 0 0 172 255 166 255 255 168 255 255 255 227 188 255 255 255 246 255 255 255 178 255 255 253 253 253 6 0 255 255 255 255 255 255 238 223 255 255 206 246 255 255 255 255 255 255 219 222 255 255 255 255 98 0 24 245 255 252 212 255 164 255 255 234 255 255 255 255 255 205 253 161 255 255 255 255 255 255 255 232 39 218 178 182 255 255 255 255 255 255 255 184 198 255 255 255 255 254 255 255 255 255 255 255 255 209 7 0 70 255 255 184 255 219 246 255 201 255 255 255 255 255 255 255 171 255 255 255 255 255 255 255 152 17
1 212 255 255 255 255 250 183 255 255 223 198 255 255 255 255 255 255 255 219 255 255 255 255 252 89 0 1 172 255 192 255 255 168 255 255 255 227 188 255 255 255 227 255 255 255 178 255 255 245 237 250 8 0 244 255 255 255 255 255 249 223 255 255 206 255 255 255 255 255 255 255 234 194 255 255 255 255 170 0 22 241 255 237 205 255 170 255 249 227 255 255 255 255 255 250 255 168 255 255 255 255 255 255 255 221 28 212 194 181 255 255 255 234 255 255 255 178 198 255 255 255 255 255 255 255 255 255 255 255 255 192 8 0 90 255 255 178 255 216 242 255 201 255 255 254 238 255 255 255 168 255 255 255 255 255 255 255 146 19
0 255 255 255 251 255 255 190 255 255 223 205 255 255 255 255 255 255 255 216 255 255 255 255 255 93 0 15 192 255 210 255 255 168 255 255 255 227 188 255 255 255 205 255 255 255 178 255 255 253 226 227 3 0 207 255 255 255 255 255 255 223 255 255 176 255 255 255 220 255 255 255 246 255 255 255 255 255 197 0 21 245 255 229 194 255 176 255 253 227 255 255 255 255 255 255 255 168 255 255 255 255 255 255 255 236 24 161 193 191 255 255 255 209 255 255 255 174 184 255 255 255 255 255 255 255 255 255 255 255 255 207 10 0 97 255 253 171 255 208 238 255 205 255 242 249 223 255 255 255 158 255 255 246 255 255 255 255 137 17
0 255 255 255 243 255 255 179 255 255 227 217 255 255 254 255 255 255 253 188 249 255 255 255 255 116 0 19 195 255 217 255 255 168 255 255 255 227 188 255 255 255 188 255 255 255 178 255 255 255 215 219 5 0 218 255 255 255 255 255 255 219 255 255 166 255 255 255 202 255 255 223 184 218 255 255 255 255 226 0 21 253 255 218 181 255 173 255 255 234 255 247 255 255 255 255 255 165 255 255 255 255 255 255 255 252 14 66 150 190 255 255 250 201 255 255 255 171 165 255 255 255 255 255 255 255 255 255 255 255 255 197 14 0 119 255 242 158 255 212 246 255 205 255 219 238 216 255 255 255 162 255 255 223 255 255 255 255 134 14
0 166 255 255 239 255 253 182 255 255 230 228 255 255 255 255 255 255 251 169 206 199 238 255 255 149 0 19 200 255 213 255 255 168 255 255 255 227 188 255 255 255 174 255 255 255 178 255 255 255 187 250 17 0 255 255 255 255 255 255 214 194 255 255 176 249 255 255 209 255 255 188 143 186 255 255 255 255 194 0 22 253 255 200 171 255 167 255 255 246 255 214 251 253 255 255 255 161 255 255 227 255 255 255 255 255 8 12 128 191 255 255 250 216 255 255 255 174 152 255 255 255 255 255 255 255 255 255 255 255 255 218 37 0 145 255 234 140 255 223 255 255 201 255 203 230 212 255 255 255 171 255 255 219 231 255 255 255 143 11
0 105 255 255 251 255 255 194 255 255 230 232 255 255 249 255 255 255 243 171 201 157 160 208 255 224 38 46 236 255 204 255 255 168 255 255 255 227 188 255 255 255 165 255 255 255 181 255 255 253 158 255 27 0 255 255 255 255 255 251 160 165 255 255 176 246 255 255 198 255 255 238 161 252 255 255 255 255 119 0 21 249 255 186 161 255 167 255 242 254 255 196 239 253 255 255 255 161 255 255 201 255 255 255 255 255 11 5 152 201 255 255 255 250 255 255 255 184 146 255 255 255 255 255 255 255 255 255 255 255 255 225 35 0 145 255 230 126 255 234 255 255 198 255 199 236 219 255 255 255 175 255 255 223 202 255 255 255 155 8
0 118 255 243 249 255 255 191 255 255 227 230 255 255 254 255 255 255 249 166 212 165 162 155 255 255 96 60 216 255 252 255 255 165 255 255 255 223 201 255 255 255 171 255 255 255 181 255 255 233 140 255 24 0 255 255 239 255 255 249 177 174 255 255 173 221 255 255 198 255 255 253 212 255 255 255 229 190 103 0 15 249 255 197 164 255 252 255 253 238 255 181 216 255 255 255 255 173 255 255 178 238 255 255 255 255 9 5 147 195 255 255 255 255 255 255 255 165 191 231 242 246 242 255 255 255 255 255 255 255 255 214 38 0 148 255 232 127 255 255 255 255 205 255 194 241 225 255 255 255 179 255 255 196 250 255 255 255 147 5
0 102 255 232 249 255 255 194 255 255 227 230 255 255 250 255 255 255 238 155 181 155 158 168 255 255 55 56 246 255 226 255 255 168 255 255 255 223 208 255 255 255 168 255 255 255 184 255 255 215 137 255 19 0 250 251 239 255 255 255 212 181 255 255 169 217 255 255 212 255 255 181 242 255 255 255 222 167 108 0 21 255 255 183 161 255 255 255 253 234 255 191 223 255 255 255 255 163 255 255 198 255 255 255 255 225 8 3 138 205 255 255 255 255 255 255 255 191 174 210 255 255 234 255 255 255 255 255 255 255 255 225 31 0 145 255 236 133 247 255 255 255 198 255 201 238 214 255 212 241 169 255 255 217 255 255 253 255 172 21
0 92 253 224 253 255 255 198 255 255 227 230 255 255 246 255 255 255 224 158 171 168 158 178 255 253 37 46 242 255 238 255 255 168 255 255 255 223 212 255 255 255 168 255 255 255 184 255 255 191 140 255 18 0 242 214 243 255 255 255 198 181 255 255 182 217 255 255 205 255 255 165 216 255 255 255 218 158 116 0 18 253 255 183 164 255 229 255 255 238 255 201 230 255 255 219 255 158 255 255 230 255 231 255 255 160 0 9 138 216 255 255 255 255 255 255 255 192 152 194 255 255 227 255 255 255 255 216 253 255 255 229 39 0 142 255 232 139 247 219 255 255 191 255 197 238 229 255 198 219 169 255 255 251 255 230 228 255 158 30
0 97 234 221 255 255 255 198 255 255 227 230 255 255 242 255 255 255 221 164 155 168 149 176 255 233 19 42 237 255 255 255 255 168 255 255 255 219 212 255 255 255 168 255 255 255 184 255 255 174 149 255 21 0 254 199 247 255 255 230 161 198 255 255 199 217 255 255 198 255 255 227 255 255 222 255 229 161 127 0 15 249 255 183 168 255 186 255 253 234 255 208 234 255 255 201 246 171 255 255 255 255 205 255 255 116 0 14 144 223 255 255 255 255 255 255 255 182 168 245 255 253 227 255 255 255 255 178 249 255 255 180 41 0 138 255 232 139 255 208 246 255 201 255 197 238 248 255 201 219 173 255 255 255 255 230 228 255 130 28
0 102 219 221 255 255 255 200 255 255 223 230 255 255 234 255 255 255 221 171 140 157 157 200 255 164 0 35 244 255 255 255 255 165 255 255 255 216 212 255 255 255 168 255 255 255 181 255 255 177 158 255 24 11 255 192 239 255 255 212 146 219 255 255 206 203 255 255 209 255 255 255 255 252 146 240 255 171 127 0 18 249 255 180 164 255 180 255 255 246 255 208 234 255 255 201 250 195 255 255 255 255 219 242 255 136 0 8 156 231 255 255 255 255 255 255 255 173 186 255 255 246 234 255 255 255 255 181 255 255 255 178 38 0 94 255 236 130 255 216 234 255 238 255 197 230 244 255 194 219 179 255 255 255 255 255 199 255 164 37
0 105 208 219 252 255 255 196 255 255 223 230 255 255 231 255 255 255 253 217 163 166 168 209 255 160 0 37 244 255 255 255 249 168 255 255 255 216 212 255 255 255 168 255 255 255 181 255 255 190 161 255 23 13 255 186 239 255 255 212 140 215 255 255 221 206 255 255 212 255 255 255 255 200 171 255 229 164 119 0 19 253 255 186 164 255 180 255 255 255 255 205 230 242 255 194 246 205 255 255 255 255 230 173 253 197 1 1 169 238 255 255 255 205 160 228 255 163 169 255 255 230 238 255 255 255 255 213 255 255 255 254 16 0 57 255 236 124 255 219 227 255 255 255 194 226 240 255 198 222 179 255 255 255 255 255 154 239 223 45
0 108 208 219 252 255 255 197 255 255 223 230 255 255 227 255 255 255 255 255 255 255 255 255 255 227 3 43 250 255 255 255 249 171 255 255 255 216 212 255 255 255 168 255 255 255 181 255 255 208 158 255 20 11 255 187 243 255 255 227 140 222 255 255 232 228 255 255 205 255 255 255 246 211 255 255 183 161 116 0 18 253 255 197 164 255 176 255 255 255 255 198 230 242 255 201 242 198 255 255 223 255 243 154 255 173 0 7 176 233 255 255 255 230 142 205 255 166 161 255 255 219 227 255 255 255 255 255 255 255 255 255 0 0 85 255 232 130 255 219 231 255 255 255 187 226 244 255 208 230 176 255 255 208 234 255 164 252 215 33
0 114 211 230 255 255 255 197 255 255 223 230 255 255 227 255 255 246 255 255 255 255 255 255 255 223 0 32 255 255 255 255 253 174 255 255 255 216 216 255 255 255 168 255 255 255 181 255 255 218 156 255 18 11 255 194 210 255 255 227 131 219 255 255 217 247 255 255 209 255 255 238 149 160 255 255 197 180 113 0 21 253 255 197 164 255 190 255 255 255 249 188 238 255 255 223 246 191 255 242 146 247 255 203 255 93 0 13 169 222 255 255 255 255 164 201 255 164 161 255 255 208 242 255 255 255 255 255 255 255 255 255 0 0 150 255 232 139 255 219 238 255 255 255 187 226 240 255 201 222 173 255 255 167 198 255 222 255 167 18
0 119 253 208 255 255 255 188 255 255 230 238 255 255 219 255 255 246 255 255 255 255 255 255 255 231 3 23 235 255 255 255 255 165 255 255 255 227 209 255 255 255 164 255 255 255 177 255 255 228 163 255 18 16 255 194 203 255 255 223 134 222 255 255 206 247 255 255 201 255 255 255 248 185 217 255 215 159 137 0 24 239 255 193 164 255 228 255 255 255 255 179 254 255 255 221 249 181 255 234 223 255 255 255 255 56 0 16 164 255 255 255 255 255 205 219 212 157 170 255 255 227 227 255 255 255 255 255 255 255 255 255 3 0 157 255 232 130 244 255 254 255 255 255 191 224 255 255 210 226 178 255 255 197 255 255 255 255 153 17
0 102 255 212 249 255 255 191 255 255 227 234 255 255 216 255 255 255 255 255 255 255 255 255 255 191 0 39 255 255 255 255 255 165 255 255 255 223 209 255 255 255 161 255 255 255 177 255 255 228 208 255 21 5 255 181 214 255 255 249 149 194 255 255 203 255 255 255 205 255 255 255 255 255 255 255 255 209 128 0 17 247 255 193 155 255 255 255 255 255 255 179 255 255 255 199 246 201 255 255 255 255 255 255 255 77 0 21 181 255 255 255 255 255 227 217 208 151 160 255 255 216 238 255 255 255 255 255 255 255 255 255 11 0 151 255 236 133 251 255 255 255 255 255 191 243 255 255 214 230 194 255 243 255 255 255 255 255 186 39
0 85 255 216 241 255 255 202 255 255 227 227 255 255 208 255 255 255 255 255 255 255 255 255 255 156 0 43 255 255 255 255 255 165 255 255 255 219 209 255 255 255 168 255 255 241 174 255 255 241 191 255 20 23 255 161 214 255 255 255 158 171 255 255 182 255 255 255 212 255 255 255 255 255 255 255 255 255 118 0 14 243 255 193 146 255 255 255 255 255 251 179 255 255 255 203 227 223 255 246 255 255 255 255 255 118 0 40 188 249 255 255 255 255 238 210 212 157 154 255 255 219 249 253 223 253 212 238 255 255 255 255 2 0 139 255 240 133 255 255 255 255 255 255 184 253 255 255 214 222 205 255 221 255 255 255 255 255 193 35
0 95 255 216 241 255 255 205 255 255 227 216 255 255 208 253 255 255 255 255 255 255 255 255 255 163 0 32 239 255 255 255 255 168 255 255 255 216 209 255 255 255 171 255 255 234 177 255 255 244 155 255 46 51 255 151 206 255 255 255 171 168 255 255 166 249 255 255 209 255 255 255 255 248 255 255 255 237 127 0 17 228 255 194 146 250 255 255 255 255 255 176 255 255 255 236 205 255 255 223 255 255 255 255 255 116 0 53 201 253 255 255 255 255 227 206 234 176 151 255 255 214 236 214 142 154 157 199 255 255 255 255 0 0 136 255 232 133 251 255 255 255 255 255 187 253 255 255 221 212 216 255 214 255 255 255 255 255 163 17
0 124 255 212 253 255 255 198 255 255 223 198 255 255 208 253 255 255 255 255 209 238 255 255 255 144 0 21 208 255 255 255 254 171 255 255 255 216 212 255 255 255 168 255 255 255 187 255 255 245 164 242 108 49 255 154 203 255 255 255 187 158 255 255 171 249 255 255 198 255 255 255 149 154 255 255 184 161 120 0 21 221 255 187 149 254 229 255 255 255 255 173 255 255 255 251 171 255 255 219 255 255 255 255 255 80 0 64 239 255 255 255 255 255 227 224 251 179 148 255 255 224 243 251 144 142 214 255 255 255 255 255 0 0 142 255 232 136 248 255 255 255 255 255 187 253 255 255 232 196 227 255 206 255 255 255 255 255 141 11
0 133 255 208 255 255 255 202 255 255 216 181 255 255 208 253 255 255 255 255 195 246 255 255 255 120 0 21 219 255 255 255 254 174 255 255 255 223 219 255 255 255 168 255 255 255 187 255 255 255 172 226 130 34 239 157 206 255 255 255 208 149 253 255 174 246 255 255 194 255 255 194 152 170 255 255 194 167 109 0 17 214 255 183 149 255 207 255 255 255 251 176 255 255 255 228 165 255 255 201 255 255 255 255 255 95 0 96 255 255 255 255 255 255 254 255 255 170 140 255 255 216 234 255 181 161 255 255 255 255 255 255 0 0 148 255 240 139 251 242 238 255 255 255 177 249 255 255 234 176 234 255 203 255 255 255 255 255 141 6
0 121 255 205 255 255 255 195 255 255 208 168 255 255 208 249 255 255 255 255 195 255 255 255 255 129 0 21 230 255 255 255 250 178 255 255 255 227 227 255 255 255 171 255 255 253 177 255 255 255 165 224 143 28 220 160 214 255 255 255 237 181 255 255 165 246 255 255 205 255 196 147 149 183 255 255 249 255 149 0 11 183 255 194 149 255 207 248 255 255 247 176 255 255 255 206 216 255 255 194 255 255 255 255 255 155 0 117 255 255 255 255 255 255 255 255 255 163 146 255 255 227 234 255 246 212 255 255 255 255 255 253 0 0 136 255 244 136 251 242 219 255 255 255 177 254 255 255 242 182 250 255 192 255 255 255 255 255 141 6
0 113 255 212 241 255 255 175 253 255 201 161 255 255 205 246 255 255 255 255 181 255 255 255 255 112 0 3 205 255 255 255 250 181 255 255 255 231 231 255 255 255 164 255 255 255 174 255 255 245 185 192 188 28 255 160 224 255 255 255 255 245 255 255 165 246 255 255 214 255 166 154 177 237 255 255 255 255 198 0 8 148 255 206 155 250 211 252 255 255 247 176 255 255 255 199 253 255 253 194 255 255 255 255 255 185 0 103 255 255 255 255 255 255 255 255 255 170 156 255 255 223 223 255 255 255 254 255 255 255 255 255 2 1 124 255 240 127 248 242 216 255 255 255 194 255 255 255 255 206 255 255 169 255 255 255 255 255 138 16
0 116 255 203 237 255 255 170 242 255 188 162 255 255 205 242 255 255 255 221 170 255 255 255 255 78 0 5 179 255 255 255 240 233 255 255 255 225 222 255 255 255 165 255 255 254 168 255 255 255 166 197 201 40 238 168 220 255 255 255 255 255 255 255 159 238 255 255 237 255 225 255 255 255 255 255 255 255 139 0 0 102 255 189 161 255 198 247 255 255 250 159 255 255 255 205 255 255 244 183 255 255 255 255 255 183 0 118 235 253 255 255 255 255 250 235 255 160 148 255 255 222 218 255 255 255 255 255 207 255 255 232 12 0 148 253 221 136 251 214 223 255 255 255 186 255 255 255 236 229 255 255 173 255 255 255 255 255 133 19
0 116 255 203 237 255 255 170 242 255 188 162 255 255 202 238 255 255 251 176 176 255 255 255 255 80 0 31 227 255 254 255 244 248 255 255 255 225 218 255 255 255 168 250 255 254 181 255 255 247 166 186 191 38 223 164 231 255 255 242 250 255 255 255 171 235 255 255 255 255 255 255 255 255 255 255 255 255 133 0 0 100 255 196 177 255 194 243 255 255 250 162 255 255 255 195 254 255 246 195 255 255 255 255 255 149 0 100 227 253 255 255 255 255 227 195 238 170 157 255 255 211 233 255 255 221 196 170 160 224 255 229 15 0 139 255 232 145 255 214 220 255 255 255 189 255 255 255 225 221 255 255 166 255 255 255 255 255 145 16
0 113 255 203 237 255 255 170 238 255 195 162 255 255 202 235 255 255 210 148 193 255 255 255 233 106 0 16 194 255 255 255 225 255 255 255 255 225 218 255 255 255 168 235 255 255 195 255 255 239 170 176 184 36 201 161 223 255 255 216 227 255 255 254 168 212 255 255 255 255 255 255 255 255 255 255 255 255 136 0 8 140 255 200 189 255 177 240 255 255 238 165 255 255 255 195 254 250 238 195 255 255 255 255 255 138 0 45 229 255 255 255 255 255 216 175 227 176 151 255 255 211 227 254 200 154 154 151 217 254 255 234 14 0 133 255 229 148 251 210 223 255 255 255 183 255 255 255 221 210 255 255 170 255 255 255 255 255 188 45
0 111 255 199 233 255 255 170 235 255 198 168 255 254 195 231 255 255 186 148 210 255 255 255 201 88 0 13 198 255 255 255 195 246 255 255 255 227 220 255 255 255 168 223 255 254 209 255 255 236 176 173 177 36 191 161 216 255 255 209 216 255 255 242 160 193 255 255 242 250 255 255 255 235 243 255 255 255 145 0 16 154 255 187 182 255 168 247 255 250 231 168 255 255 255 195 250 250 231 191 255 255 255 216 174 49 0 28 230 255 255 255 255 255 238 202 250 183 142 251 255 202 227 254 186 145 157 166 255 255 255 226 12 0 157 242 221 151 248 207 223 255 255 246 170 254 255 255 221 207 250 255 161 255 255 255 255 255 181 54
0 108 255 199 229 255 253 170 231 255 202 175 255 250 188 227 255 246 170 151 218 255 255 248 180 78 0 10 198 255 254 255 178 238 255 254 255 227 223 255 255 255 168 220 255 250 216 255 255 236 189 180 177 38 191 164 220 255 255 209 212 255 255 246 160 183 255 242 216 255 255 255 255 247 251 255 255 255 145 0 8 148 255 187 199 255 164 247 255 255 231 175 250 255 255 191 238 255 231 195 255 255 202 152 187 24 0 104 254 255 255 252 255 255 246 231 255 189 148 251 255 195 235 255 200 157 160 166 234 255 255 249 21 1 186 231 221 160 251 203 220 255 250 227 166 246 255 255 218 203 242 255 170 253 255 255 241 209 171 84
0 103 255 196 226 255 249 170 227 255 205 185 250 242 178 227 255 227 160 148 218 255 255 244 190 92 0 1 176 255 255 254 178 238 255 255 255 227 227 255 255 255 168 212 255 242 227 255 255 236 199 193 177 36 201 164 216 255 255 231 227 255 255 238 163 179 240 229 202 255 255 255 255 255 255 252 255 255 145 0 9 152 255 194 209 255 166 247 255 255 227 171 246 255 255 202 240 255 225 193 255 255 186 157 228 50 0 107 202 249 255 255 255 255 220 223 255 186 163 255 255 202 238 255 193 151 148 158 225 255 255 255 26 0 176 229 210 163 248 196 220 254 246 227 166 246 254 255 214 203 242 255 170 255 255 255 208 161 93 30
0 100 253 192 226 255 242 167 223 255 205 195 250 235 168 223 255 238 186 154 225 255 255 244 197 68 0 10 192 255 237 255 185 231 254 254 255 220 231 254 250 255 165 195 255 242 242 254 250 232 203 207 174 33 212 164 209 246 255 255 246 246 250 227 163 183 189 232 200 246 250 250 252 251 251 248 255 255 133 0 8 143 250 180 201 255 166 252 250 254 216 168 250 255 255 212 240 255 221 189 255 255 210 200 255 86 0 63 154 239 242 251 255 250 205 216 250 173 176 251 250 202 240 251 193 154 146 158 228 255 245 207 15 0 125 241 207 166 244 193 216 254 254 242 163 242 247 252 218 207 242 255 163 247 229 204 151 158 83 19
0 100 249 189 222 254 242 167 223 254 205 202 246 231 165 223 248 255 232 170 236 255 242 244 174 61 0 1 166 255 244 255 181 220 242 246 250 212 231 250 242 255 165 178 246 246 254 246 242 228 199 211 174 29 219 161 220 246 246 254 238 227 246 238 163 200 166 251 203 227 250 246 244 243 239 240 253 237 116 0 11 149 255 194 208 255 166 244 250 255 216 168 250 255 250 209 229 251 221 196 248 248 221 218 255 46 0 63 164 243 246 243 240 255 223 231 242 166 189 251 246 202 232 229 183 160 165 194 248 247 226 166 9 0 83 241 214 176 251 193 212 246 250 242 157 238 247 255 225 214 242 255 165 255 237 208 163 224 122 37
0 100 246 193 213 253 238 160 222 237 207 211 211 225 173 214 246 246 246 231 231 250 254 235 176 46 0 37 215 253 238 247 188 216 223 250 235 195 216 246 242 250 166 179 240 240 246 238 244 237 218 197 173 29 220 163 208 237 250 231 238 240 251 221 160 160 214 225 211 226 237 245 239 224 187 225 255 230 90 0 17 184 236 183 205 252 162 240 237 252 207 177 245 248 245 183 218 241 211 176 237 255 221 183 255 48 0 70 161 243 237 248 238 242 255 255 216 159 223 242 232 214 244 189 145 186 214 221 241 243 233 196 17 0 74 241 214 189 251 189 203 248 244 232 156 238 246 246 227 220 231 254 160 234 248 233 191 255 141 18
0 97 238 193 209 249 238 160 211 237 218 215 207 218 173 218 246 238 238 235 235 238 238 227 172 55 0 22 194 253 238 240 181 216 223 242 223 188 216 246 238 246 166 176 236 232 242 235 240 241 218 194 170 27 213 169 204 233 245 242 246 232 255 210 160 180 237 225 197 218 237 245 239 213 180 214 237 230 108 0 20 194 251 201 212 248 159 236 233 245 204 177 245 241 237 177 222 245 215 183 240 248 207 176 255 48 0 70 164 239 244 233 242 235 238 238 202 159 212 242 236 196 232 196 145 203 244 229 237 243 241 208 14 0 117 222 214 193 251 189 203 244 240 229 159 231 238 242 216 212 231 246 168 226 244 211 201 255 116 13
0 95 234 189 206 242 234 166 204 241 229 211 204 214 173 218 246 231 231 242 238 235 231 227 163 63 0 7 164 242 233 228 171 212 223 235 212 188 215 241 231 238 163 176 232 225 235 231 233 241 207 183 164 27 202 169 211 229 218 212 189 170 229 203 157 190 248 222 190 218 233 226 239 213 187 223 226 237 142 0 11 180 240 201 212 240 159 236 229 233 200 177 241 233 222 173 215 245 211 183 240 232 183 163 249 44 0 112 218 232 229 222 235 223 235 235 231 209 227 254 236 189 244 214 145 196 244 210 230 235 190 164 0 0 140 219 210 193 251 189 200 240 232 225 165 223 235 235 198 202 231 238 167 226 234 214 187 251 130 25
0 92 230 186 206 238 230 176 200 237 233 204 200 211 170 211 233 222 222 233 229 229 229 222 184 86 0 5 160 250 237 236 166 210 225 232 214 200 225 233 226 233 164 180 225 218 229 226 225 233 197 170 157 27 191 166 207 233 229 229 176 139 210 196 154 180 237 218 193 222 226 207 228 224 208 234 230 245 168 0 8 171 225 201 212 232 159 228 233 229 200 180 240 229 218 180 207 237 204 176 237 214 166 157 245 52 0 147 255 228 218 200 229 232 244 232 232 214 173 166 193 173 240 225 154 197 244 218 215 228 157 151 5 0 130 220 207 197 248 186 200 233 229 222 173 218 229 232 186 196 236 232 161 232 226 232 164 206 193 58
0 92 227 186 206 231 227 186 204 229 229 190 197 214 170 204 225 222 222 222 218 225 225 214 180 84 0 1 151 227 214 217 160 203 225 236 222 211 233 225 222 229 167 183 222 211 226 222 229 230 190 167 154 31 191 166 204 229 237 240 186 142 210 196 154 170 222 218 197 218 222 215 217 235 217 222 227 233 168 0 20 191 232 211 219 229 162 217 233 225 200 176 233 225 211 183 204 229 197 176 229 210 170 160 237 76 0 139 242 228 227 167 170 204 233 218 218 218 167 160 176 173 229 222 180 207 237 229 225 224 159 151 9 0 133 220 204 197 237 180 197 229 229 222 180 214 229 233 180 190 237 229 161 229 219 225 161 196 204 66
0 90 220 183 203 223 223 193 211 222 222 180 197 214 170 200 229 225 225 222 218 225 225 211 173 77 0 4 158 233 226 232 163 203 221 233 214 204 229 218 218 222 167 183 218 204 222 218 233 226 190 170 145 33 195 172 213 220 217 225 197 157 197 173 157 170 222 218 190 207 222 233 218 232 225 215 221 226 176 0 27 197 228 218 223 221 162 214 229 222 200 173 225 222 211 183 207 222 200 180 229 218 183 166 241 85 0 139 242 224 220 160 157 204 237 229 214 225 200 207 211 200 222 214 200 214 222 218 229 213 181 151 8 0 145 207 207 200 229 173 193 222 225 218 176 211 225 229 176 186 233 222 167 218 211 176 162 203 130 31
0 88 212 176 199 215 219 200 211 214 214 170 193 207 167 204 218 207 214 222 222 222 218 211 162 68 0 2 144 222 218 217 166 200 218 222 193 186 217 217 215 218 164 183 214 197 215 215 225 215 187 167 125 24 191 179 209 217 220 233 225 183 183 151 160 170 222 214 186 200 207 211 214 203 218 211 217 228 184 3 17 184 217 215 216 210 162 214 218 218 204 170 222 222 207 180 200 211 197 180 222 221 193 163 241 77 0 136 242 213 212 170 154 183 204 225 214 222 214 229 218 197 211 218 211 214 218 218 214 209 219 176 37 0 142 193 214 204 225 167 190 218 222 211 170 211 218 222 176 186 225 218 168 213 210 160 158 200 110 19
0 85 209 173 196 211 216 200 211 207 211 167 190 204 164 207 193 180 186 211 214 204 204 204 181 82 0 7 144 219 211 200 166 203 214 214 176 167 211 222 211 215 164 183 207 190 211 211 214 204 180 158 108 16 185 179 213 213 213 206 211 186 190 170 157 167 214 204 186 200 194 173 201 169 204 207 210 224 184 3 12 177 214 215 212 203 159 214 211 214 204 167 218 222 204 173 194 200 190 176 214 218 193 154 226 75 0 103 202 210 220 173 154 157 167 214 214 214 197 200 211 186 211 233 211 207 214 214 214 212 224 167 57 0 127 214 218 207 222 164 186 214 214 204 167 207 218 218 176 186 218 214 158 218 210 180 158 200 164 42
0 89 213 167 196 224 203 197 218 204 204 164 187 197 174 197 198 164 161 201 215 208 215 198 160 63 0 2 135 235 209 191 152 202 208 197 171 158 191 215 204 214 161 184 204 173 207 214 208 212 171 167 78 18 183 173 215 204 210 206 199 176 197 174 162 168 204 204 170 194 167 148 157 156 197 217 204 214 171 24 3 164 211 217 203 205 158 200 211 218 186 173 207 210 208 161 204 208 205 164 212 211 194 145 210 74 0 27 194 205 206 178 155 158 167 194 217 210 202 213 201 187 204 211 211 214 207 210 214 215 209 154 64 0 127 204 210 210 217 169 182 210 206 206 169 200 207 207 173 183 207 214 157 207 209 180 164 219 138 51
0 79 194 177 183 198 207 211 203 200 203 160 186 193 163 183 202 166 156 192 206 199 209 195 163 51 0 2 136 214 200 194 175 205 205 202 176 156 185 198 217 206 150 180 204 173 204 212 196 203 180 168 77 22 178 190 196 203 197 192 220 193 186 173 158 164 198 196 170 196 173 154 162 181 195 197 200 219 171 19 4 145 207 211 192 186 170 205 199 206 179 169 199 199 202 166 184 198 200 164 204 201 194 158 208 32 0 49 183 208 218 179 161 152 168 197 209 205 196 176 200 193 203 203 203 203 195 206 193 195 187 170 57 0 70 210 204 197 200 164 186 207 197 186 167 197 200 204 173 180 197 197 161 197 208 193 170 199 98 12
0 102 190 171 178 179 194 197 197 200 197 151 183 193 170 197 203 163 150 182 196 189 196 189 146 51 0 5 140 204 197 178 155 190 208 211 181 158 186 204 191 203 166 185 190 161 183 193 201 203 196 191 89 28 176 200 197 197 206 196 182 172 197 183 161 166 197 195 169 199 183 164 171 200 194 190 198 208 163 15 0 110 206 214 207 187 190 196 195 207 193 189 210 196 196 163 190 197 190 164 204 200 188 152 207 35 0 61 199 202 180 203 183 167 183 201 197 207 214 184 186 196 203 196 196 186 172 189 208 207 164 160 59 0 48 197 204 204 204 161 171 190 197 208 170 197 197 200 174 183 197 194 168 189 189 183 160 194 100 17
2 160 215 159 184 190 189 194 193 199 199 160 189 189 163 179 208 170 161 187 201 197 197 194 159 89 0 1 132 211 204 175 168 187 183 180 167 165 193 193 197 200 164 170 186 183 199 192 194 190 189 212 82 16 168 191 189 199 196 193 210 199 182 169 152 161 187 189 167 196 196 182 169 187 181 193 199 196 167 21 0 105 206 187 192 171 187 185 194 194 177 177 197 186 197 170 174 196 203 176 200 194 187 171 199 28 0 84 173 186 197 200 183 180 197 200 190 193 193 169 167 193 200 193 197 173 154 166 186 200 155 151 89 0 88 204 193 186 189 166 186 199 189 182 171 194 191 191 164 177 198 201 159 186 202 196 164 186 88 9
0 144 194 161 173 182 189 191 190 190 187 155 180 177 167 183 198 171 168 184 194 194 188 184 162 131 0 7 124 192 186 168 143 189 194 183 171 167 193 190 184 184 171 181 181 163 173 186 187 187 186 222 56 0 157 201 190 180 190 194 183 194 190 164 166 172 194 197 167 187 194 190 188 191 187 197 197 201 171 20 0 108 217 188 200 171 193 192 194 191 181 184 201 184 191 164 173 190 185 172 195 193 176 160 212 66 0 90 174 183 202 183 192 189 183 183 183 187 184 184 161 191 191 187 187 164 149 158 173 193 178 164 64 0 80 199 180 187 194 170 183 183 190 194 170 193 193 193 164 176 197 200 169 190 193 183 160 183 92 20
0 81 163 200 186 183 196 197 204 193 197 176 190 180 173 186 196 183 186 189 196 203 189 186 156 89 0 1 139 224 196 164 158 206 192 181 187 180 189 185 210 180 166 196 200 173 183 219 200 207 198 204 35 0 116 166 182 196 193 193 190 204 179 179 173 170 186 202 172 184 197 197 190 187 180 174 180 200 167 31 0 110 210 192 202 171 186 189 196 196 186 186 198 187 205 181 181 201 200 186 200 198 184 184 188 113 0 82 183 189 191 184 169 166 164 180 197 191 180 187 176 196 194 187 184 171 167 171 193 187 178 147 8 0 42 209 196 196 200 183 196 189 186 179 173 196 196 199 173 179 189 186 174 190 184 189 175 177 81 22
0 16 53 87 57 37 35 33 60 49 67 67 62 43 34 29 37 37 41 35 39 45 37 35 43 27 0 0 46 87 117 151 146 148 98 103 161 183 191 197 129 61 24 26 35 37 30 32 23 32 37 51 4 0 71 100 84 185 135 57 45 28 26 138 61 47 45 55 33 32 32 30 31 31 30 24 37 45 35 0 0 21 41 37 37 29 37 38 49 49 39 32 34 39 70 68 27 62 88 85 81 88 116 161 151 66 0 30 52 97 177 184 172 159 168 174 135 75 39 31 31 37 31 30 28 26 30 26 35 29 33 33 0 0 28 143 118 77 43 39 84 118 132 126 112 126 123 129 112 120 123 112 41 64 82 121 124 103 28 5
0 0 0 0 0 0 0 0 0 0 0 0 0 0 0 0 0 0 0 0 0 0 0 0 0 0 0 0 0 0 0 0 0 0 0 0 0 0 0 15 18 6 0 0 0 0 0 0 0 0 0 0 0 0 0 0 0 0 0 0 0 0 0 0 0 0 0 0 0 0 0 0 0 0 0 0 0 0 0 0 0 0 0 0 0 0 0 0 0 0 0 0 0 0 0 0 0 0 0 0 0 0 0 0 0 0 0 0 0 0 0 0 0 0 8 26 3 0 0 0 0 0 0 0 0 0 0 0 0 0 0 0 0 0 0 0 0 0 0 0 0 0 0 0 0 0 0 0 0 0 0 0 0 0 0 0 0 0 0 0

