0 0 0 0 0 0 0 0 0 0 0 0 0 0 0 0 0 0 0 0 0 0 0 0 0 0 0 0 0 0 0 0 0 0 0 0 0 0 0 0 0 0 0 0 0 0 0 0 0 0 0 0 0 0 0 0 1 0 0 0 0 0 0 0 0 0 0 0 0 0 0 0 0 0 0 0 0 0 0 0 0 0 0 0 0 0 0 0 0 0 0 0 0 0 0 0 0 0 0 0 0 0 0 0 0 0 0 0 0 0 0 0 0 0 0 0 0 0 0 0 0 0 0 0 0 0 0 0 0 0 0 0 0 0 0 0 0 0 0 0 0 0 0 0 0 0 0 0 0 0 0 0 0 0 0 0 0 0 0 0
0 47 79 98 82 80 45 18 108 124 113 118 127 121 121 110 68 77 72 53 18 30 59 82 70 0 0 0 39 27 28 36 26 28 25 25 32 35 35 33 27 36 81 144 163 158 162 173 174 139 67 46 1 0 97 150 131 97 83 73 47 30 19 11 44 29 9 2 2 7 19 17 0 0 0 1 0 3 0 0 0 10 6 4 0 1 2 4 35 7 0 20 42 17 30 87 27 14 16 10 57 172 138 46 76 40 0 16 30 4 1 5 5 2 0 3 0 0 35 127 182 186 172 144 94 87 124 115 135 104 68 33 0 0 7 23 0 3 16 16 19 28 14 8 3 0 16 57 68 45 39 53 36 2 8 56 67 11 0 0
0 131 174 181 176 197 195 180 176 189 170 179 193 186 186 170 190 193 197 200 183 204 204 190 166 1 0 52 190 189 190 180 175 169 172 179 186 196 196 182 193 183 184 186 169 154 158 182 186 196 175 178 37 0 140 178 184 177 186 197 190 194 194 177 183 187 187 197 194 194 194 177 199 178 185 210 201 190 99 0 65 179 190 190 175 181 187 193 194 193 183 170 196 177 164 167 196 185 195 190 183 196 189 173 196 72 0 78 224 193 196 203 193 180 176 209 193 176 172 200 188 179 167 184 188 192 196 158 171 188 193 124 0 0 94 175 195 198 195 191 189 189 193 196 200 170 183 183 181 184 184 205 191 203 203 183 180 168 77 0
0 147 171 172 181 174 176 182 185 189 162 169 185 182 185 166 197 183 177 164 161 187 194 187 169 37 0 114 176 165 181 179 161 158 171 186 186 189 182 160 173 193 193 179 187 190 183 180 177 185 192 197 26 0 124 185 176 186 190 187 180 182 180 155 171 184 184 180 164 176 190 194 199 171 177 186 176 186 102 0 38 196 193 186 180 184 187 186 177 194 183 163 194 184 167 148 174 171 177 190 190 180 186 193 207 83 0 95 218 182 189 193 191 188 171 176 157 179 194 180 182 180 163 176 192 189 179 154 191 178 179 128 0 10 143 157 193 196 183 189 179 163 182 189 164 168 201 168 161 204 187 174 193 183 175 171 183 193 92 0
0 156 158 166 206 193 177 173 189 189 160 166 186 186 186 163 189 189 203 179 169 179 182 182 179 64 4 130 161 158 193 199 158 155 174 193 193 193 186 164 168 189 186 176 186 193 191 191 194 183 205 194 28 0 101 173 164 189 189 186 183 189 196 166 167 190 204 204 174 191 187 187 188 170 179 190 190 191 94 0 36 206 192 182 189 183 176 164 193 190 176 170 200 176 158 158 173 199 196 193 186 182 196 189 207 93 10 124 200 186 186 189 194 180 176 207 170 160 188 198 184 179 164 164 176 170 164 164 174 197 200 128 0 0 124 167 180 190 183 200 186 157 180 191 183 157 189 167 160 197 190 204 189 193 186 165 171 218 115 0
0 170 169 157 189 193 186 186 190 194 167 177 197 194 187 158 204 187 190 161 174 197 197 197 179 35 0 76 176 178 197 200 182 179 186 196 196 193 186 176 180 194 204 204 197 174 164 183 202 186 209 165 21 0 96 165 156 190 190 180 177 189 200 173 176 193 190 190 164 204 195 195 203 179 179 190 200 200 97 0 43 208 194 197 208 201 186 161 163 186 183 166 198 189 164 143 194 180 177 194 197 190 190 190 229 108 34 141 200 204 194 198 210 179 163 202 175 166 189 193 211 183 162 174 211 210 177 158 174 206 186 111 0 0 70 157 203 203 196 203 182 156 179 203 182 156 192 186 172 196 189 200 190 184 180 184 174 187 79 0
0 157 180 174 199 198 182 173 191 198 171 181 201 194 188 158 203 196 210 173 183 193 196 203 183 53 0 82 186 181 193 206 202 202 199 199 199 192 186 189 202 202 200 201 181 158 158 181 188 200 219 149 14 0 123 173 159 202 197 190 186 193 206 180 178 195 199 195 165 206 192 189 174 176 207 213 192 191 105 0 66 211 192 191 192 188 182 164 164 172 176 169 199 180 165 163 176 179 200 200 186 193 200 193 196 124 49 130 164 174 189 211 186 191 177 197 164 169 203 207 204 178 161 174 197 200 181 171 187 207 197 122 0 0 73 170 192 192 199 206 185 159 169 195 186 176 199 175 160 196 203 193 194 201 207 194 179 189 70 0
26 197 175 166 199 206 190 186 204 204 174 184 204 197 194 167 218 201 211 170 190 204 201 204 200 100 0 97 186 205 203 196 200 207 200 200 207 197 189 202 191 201 208 201 183 170 157 145 166 205 221 136 3 0 147 173 156 202 196 189 182 190 207 179 173 199 207 200 163 207 197 207 193 174 192 209 192 215 128 0 60 196 198 211 197 186 171 146 149 180 190 173 200 194 174 155 197 167 187 208 204 206 196 192 197 147 45 107 166 193 204 200 206 200 176 199 177 173 201 196 196 170 163 183 203 200 174 160 208 196 206 128 0 0 98 168 207 204 211 204 179 163 170 200 184 174 193 183 167 193 208 197 193 206 200 189 176 196 70 0
33 200 180 157 183 221 191 178 207 207 176 183 211 207 200 167 211 207 214 173 180 218 200 204 199 113 0 77 206 218 199 207 207 207 204 211 211 204 200 207 190 194 208 204 210 160 157 161 181 206 197 212 29 0 131 200 160 204 211 200 183 190 211 180 173 207 207 218 167 211 207 211 193 176 204 212 202 209 152 0 41 202 207 221 200 180 189 191 176 193 197 173 207 196 163 154 190 173 193 214 208 215 215 190 187 142 46 121 163 193 204 210 213 204 186 208 174 173 204 209 207 190 173 180 207 211 186 170 201 210 194 131 0 0 139 174 211 204 207 214 197 173 176 197 197 164 207 176 170 218 211 190 197 206 207 197 178 205 70 0
0 175 184 152 192 222 186 197 214 211 180 186 214 211 200 167 218 214 218 173 183 222 197 207 213 116 0 68 202 214 209 214 207 218 211 207 207 200 204 218 217 209 218 207 222 193 170 157 176 220 215 238 43 0 134 214 167 197 218 207 183 193 211 180 173 211 211 218 167 211 211 214 193 176 204 219 213 212 161 0 30 216 222 219 214 204 203 208 207 204 193 176 222 210 166 154 190 170 190 214 211 215 215 201 187 145 48 124 166 200 211 214 211 207 189 207 173 173 207 211 214 200 183 190 214 214 190 170 216 206 226 129 0 0 98 158 214 211 211 214 211 200 200 211 197 167 214 183 170 218 218 197 204 214 210 201 181 209 70 0
13 185 180 158 199 215 186 190 222 218 180 193 218 214 200 167 225 222 225 176 190 225 190 207 206 99 0 43 180 190 211 214 211 222 207 197 211 211 200 211 195 197 218 207 225 218 176 154 173 222 218 253 49 0 134 219 164 180 222 214 186 207 214 190 176 211 214 222 167 211 218 222 196 176 208 219 224 212 165 11 12 217 230 204 222 218 210 219 229 214 193 180 229 214 166 154 200 164 170 207 214 218 218 201 187 148 49 129 173 202 215 218 215 211 193 207 170 173 214 219 218 214 200 200 222 222 193 170 216 199 237 134 0 0 133 171 222 218 214 214 222 225 222 218 200 170 222 190 180 218 225 200 204 217 218 204 179 212 73 0
77 198 172 164 210 226 207 186 225 222 180 197 218 225 204 170 226 218 233 176 193 229 183 214 200 91 0 26 170 183 222 222 222 233 200 186 218 214 180 176 154 173 222 218 225 225 186 170 183 211 218 255 45 0 137 216 157 167 222 214 186 218 225 200 176 214 218 222 164 211 222 225 200 186 219 216 228 212 155 3 2 196 233 208 221 216 216 226 218 222 204 180 225 214 166 157 221 170 154 200 229 233 229 199 187 148 51 132 174 209 218 221 219 214 200 210 170 179 222 222 222 218 207 207 222 225 200 173 230 228 237 137 0 0 184 163 229 222 218 218 222 222 222 214 204 167 225 197 193 222 233 197 201 221 220 202 183 216 75 0
77 209 191 174 221 230 207 186 225 225 180 207 222 229 204 170 229 218 233 173 197 237 176 218 195 83 0 19 174 183 233 222 214 225 186 173 218 222 186 193 154 173 218 229 229 240 222 222 211 211 222 255 48 0 139 211 157 170 229 218 186 225 233 200 180 218 225 225 160 211 229 229 198 188 230 201 219 216 146 0 1 168 241 228 218 209 227 232 211 225 204 176 229 221 173 154 221 176 154 189 222 225 225 193 184 148 53 135 181 212 221 225 219 218 210 217 170 183 226 222 225 214 207 211 218 222 204 176 218 233 230 126 0 0 153 170 229 218 218 222 222 215 215 222 207 167 225 200 204 225 237 183 195 219 220 202 183 222 77 0
6 205 233 179 236 226 188 187 225 232 186 218 229 236 203 170 235 220 238 171 200 240 170 225 195 69 0 19 197 195 230 225 207 229 183 163 214 221 203 240 238 220 209 226 222 226 218 222 225 215 225 255 49 0 124 207 163 189 236 218 189 225 232 193 188 223 227 223 159 212 235 231 191 184 232 191 211 218 146 0 0 143 241 241 214 186 223 232 225 229 204 180 240 236 176 157 210 196 179 203 218 218 222 197 184 148 53 139 184 216 224 229 226 226 221 225 173 186 233 226 226 207 204 211 218 218 200 177 237 239 252 136 0 0 66 170 233 226 226 233 229 218 222 237 210 166 225 207 210 220 238 181 192 219 223 206 186 225 80 0
0 191 249 183 243 237 201 197 229 240 196 232 232 240 203 170 242 227 246 171 202 244 166 225 197 50 0 28 241 227 237 242 225 244 183 160 210 207 193 244 250 202 162 218 233 233 241 245 229 230 218 211 41 0 97 218 166 218 244 218 196 225 240 193 198 231 235 231 162 220 242 235 195 178 235 188 204 218 155 0 0 133 239 241 208 180 216 232 237 233 204 186 248 225 166 163 221 236 225 236 240 237 240 207 187 151 57 142 191 222 232 231 234 233 229 229 170 189 241 230 233 207 207 222 229 222 200 180 237 224 252 163 0 0 55 186 237 233 233 233 233 233 233 237 214 170 236 210 210 212 242 188 192 227 231 209 186 229 82 0
5 204 245 186 239 240 212 183 236 251 207 240 236 244 200 170 248 235 254 175 205 248 163 229 180 27 0 28 255 238 228 246 218 229 166 151 218 218 193 244 246 191 146 231 252 230 234 234 241 253 214 177 35 0 82 237 166 232 244 218 203 229 251 196 205 238 238 235 165 227 250 238 205 178 239 191 204 214 162 0 0 142 251 244 219 188 219 248 244 237 211 193 240 200 154 173 221 247 236 240 244 240 240 190 187 154 59 145 194 225 236 235 238 241 232 229 170 189 248 238 241 211 211 233 241 226 200 180 255 233 248 193 0 0 75 167 241 245 237 226 229 241 237 226 214 176 244 214 205 205 246 195 199 230 237 213 189 233 82 0
7 212 189 179 216 246 217 190 235 255 198 228 250 252 207 174 254 238 250 181 210 240 157 240 188 48 0 34 207 236 248 244 181 170 157 183 244 223 195 255 251 176 163 251 216 242 255 235 250 249 204 191 34 0 113 247 203 236 255 218 200 240 244 196 225 248 246 244 160 227 237 248 205 169 255 180 204 222 152 0 0 163 253 242 235 225 235 250 235 232 210 189 236 176 163 170 235 242 205 235 244 248 244 203 184 157 53 148 216 211 238 244 246 246 250 227 165 195 255 242 251 193 242 242 242 250 218 179 255 240 255 149 0 0 82 170 238 246 251 200 189 240 250 242 214 186 251 236 210 218 251 189 189 238 246 218 183 252 87 0
0 137 149 163 208 255 228 187 243 255 196 228 246 248 207 174 255 246 254 178 210 236 160 244 219 83 0 58 255 255 248 207 154 154 163 207 255 231 191 250 229 173 186 240 198 227 254 246 241 255 204 167 23 0 147 255 203 218 251 236 200 236 255 207 222 252 250 248 160 231 240 255 205 176 255 184 204 222 152 0 0 155 255 242 251 244 247 246 250 255 221 176 218 179 173 183 227 250 242 246 255 255 248 207 184 160 55 148 208 204 236 244 250 238 254 238 171 185 254 250 247 189 242 250 250 254 218 179 252 252 255 140 0 0 105 180 250 250 255 200 157 196 238 255 221 186 251 236 196 210 255 196 189 238 253 222 186 252 84 0
2 129 154 214 249 255 213 197 239 255 196 232 252 248 210 178 255 242 246 175 210 229 157 244 198 108 0 78 255 244 248 214 166 154 154 200 255 212 191 255 221 160 207 251 209 223 254 255 252 255 232 227 45 0 107 200 166 186 248 248 200 240 255 196 222 255 255 251 163 235 248 255 203 189 255 187 207 237 161 0 0 149 255 245 255 251 255 246 254 255 244 189 240 218 183 176 233 255 255 212 250 255 251 207 187 163 57 151 201 195 239 251 254 227 255 255 181 175 246 255 251 189 246 254 255 255 214 179 255 255 255 146 0 0 113 176 255 254 255 200 133 170 235 255 232 186 255 236 183 207 255 203 189 245 255 225 189 255 84 0
53 173 198 255 255 255 205 203 228 255 196 244 255 255 216 178 250 238 246 181 225 229 157 244 219 119 0 66 255 255 255 207 176 157 157 210 255 209 183 255 229 145 214 255 238 242 254 255 250 244 255 255 53 0 70 151 168 209 255 250 202 246 255 195 225 255 255 255 163 235 252 255 208 203 255 179 201 233 152 0 0 149 255 244 255 244 255 250 250 255 246 209 255 255 183 160 248 255 255 181 238 255 250 196 190 166 61 157 194 185 247 255 255 216 255 255 195 181 254 255 255 193 254 255 255 255 214 186 255 255 255 168 0 0 102 173 255 254 255 200 136 186 250 255 240 183 255 240 170 207 255 207 189 249 255 229 189 255 87 0
72 240 255 255 255 255 227 193 231 255 196 248 255 255 223 176 255 254 255 191 240 229 163 251 216 111 0 58 255 255 255 214 166 154 160 214 255 220 193 255 232 145 203 244 212 254 255 255 255 255 255 195 7 0 79 151 227 255 255 242 195 223 255 209 229 255 255 255 163 235 255 255 205 204 255 176 211 251 151 0 0 152 255 255 255 236 250 255 255 255 250 220 255 255 179 166 248 255 255 186 242 255 254 185 184 160 59 160 184 175 251 255 255 209 255 255 205 198 255 255 255 191 254 255 255 255 220 203 255 255 255 178 0 0 105 190 255 255 255 186 142 209 255 255 240 183 255 244 166 210 255 207 189 253 255 233 189 255 92 0
50 255 255 255 255 255 230 194 255 255 200 248 255 255 223 176 255 255 255 188 244 218 160 251 216 122 0 64 255 255 255 211 151 154 166 216 255 218 200 255 221 154 189 214 165 246 255 255 255 255 255 191 8 0 169 255 255 255 255 250 205 205 242 216 233 255 255 255 166 242 255 255 205 204 255 168 221 255 127 0 0 166 255 255 255 249 254 255 255 255 255 254 255 255 183 179 244 255 255 207 229 254 255 188 178 154 57 160 177 165 254 255 255 205 255 255 209 205 255 255 255 188 255 255 255 255 231 225 255 255 255 165 0 0 120 237 255 255 255 173 151 227 255 255 240 186 255 248 170 218 255 210 193 255 255 233 193 255 94 0
5 223 255 255 255 255 226 204 255 255 200 248 255 255 227 173 255 255 255 188 244 207 151 244 226 116 0 34 255 255 207 154 173 196 221 255 255 222 197 255 225 160 173 229 162 254 255 255 255 255 236 244 33 0 189 255 255 255 255 255 216 231 255 220 233 255 255 255 170 250 255 255 211 204 254 155 213 238 78 0 0 203 255 255 255 255 255 255 255 255 255 255 255 255 195 176 247 255 255 240 233 255 255 188 185 160 64 170 181 165 255 255 255 198 255 255 209 198 255 255 255 191 255 255 255 255 235 236 255 255 255 155 0 0 114 255 255 255 246 170 183 255 255 255 244 189 255 244 173 225 255 214 193 255 255 240 196 255 94 0
0 239 255 255 255 255 237 194 255 255 196 254 255 255 231 173 255 255 255 198 255 210 154 244 212 122 0 28 255 255 218 207 255 255 255 255 255 218 211 255 240 157 160 255 198 255 255 255 255 255 221 255 58 0 206 255 255 255 255 255 190 237 255 204 237 255 255 255 173 255 255 255 211 204 255 161 228 250 71 0 5 239 255 255 255 255 255 255 255 233 255 246 255 255 202 166 251 255 255 255 255 255 255 178 199 170 70 183 191 168 255 255 255 191 255 255 209 188 255 255 255 198 255 255 255 255 231 235 255 255 255 155 0 0 93 255 255 255 235 171 220 255 255 255 244 193 255 244 173 229 255 218 193 255 255 244 200 255 94 0
0 236 255 255 255 255 229 203 255 255 196 249 255 255 223 171 255 255 255 198 253 189 147 239 226 118 0 43 255 255 255 255 246 242 255 255 255 209 205 255 232 151 163 255 255 255 255 255 255 255 255 255 49 0 210 255 255 255 255 255 216 255 255 199 235 255 255 255 168 242 255 255 211 219 247 154 229 235 122 0 6 255 255 255 255 255 241 179 163 169 255 203 255 255 223 168 255 255 230 255 255 255 255 198 198 178 56 177 201 168 255 255 255 191 255 255 219 188 255 255 255 191 255 255 255 255 198 246 255 255 255 169 0 0 178 255 255 255 219 191 255 255 255 255 238 198 255 253 174 216 255 212 190 255 255 246 204 255 89 0
0 232 255 255 255 255 248 210 255 228 186 255 255 255 230 177 255 255 255 201 249 199 144 247 241 121 0 41 255 255 255 255 255 234 223 255 255 223 209 255 247 157 166 255 255 255 255 255 255 255 255 255 58 0 210 255 255 255 255 255 216 255 255 189 231 255 255 255 168 255 255 255 224 211 239 160 234 255 144 0 2 249 255 252 255 252 177 151 163 186 255 191 255 255 216 184 255 255 181 255 255 255 255 198 184 161 37 148 200 178 255 255 255 195 255 255 223 188 255 255 255 195 255 255 255 255 191 242 255 255 255 206 3 0 202 255 255 255 234 231 255 255 255 255 246 194 255 255 171 219 255 216 190 255 255 246 201 255 97 0
0 239 255 255 255 255 253 213 255 199 186 255 255 255 234 181 255 255 255 209 249 203 139 255 255 124 0 39 255 255 255 255 255 228 176 212 255 234 212 255 247 157 170 255 242 255 255 255 255 255 255 255 48 0 200 255 255 255 255 255 216 255 255 157 242 255 255 255 168 255 255 255 224 200 229 161 222 255 158 0 0 172 171 211 255 255 164 152 212 249 255 191 255 255 212 205 255 238 155 232 255 255 255 194 187 184 37 136 195 171 255 255 255 201 255 255 234 198 255 255 255 205 255 255 255 255 184 246 255 255 255 200 0 0 150 255 255 255 212 234 255 255 255 255 255 191 255 255 174 227 255 219 200 255 255 254 201 255 102 0
0 245 255 255 255 255 255 255 255 203 199 255 255 255 230 181 255 255 255 231 255 192 139 255 255 116 0 39 255 255 255 255 255 194 140 163 255 231 219 255 232 151 173 255 201 255 255 255 255 255 255 229 29 0 189 255 255 255 255 255 223 255 228 144 255 255 255 255 165 255 255 255 233 229 237 164 218 255 168 0 5 159 161 204 255 255 158 140 255 255 255 194 255 255 216 216 255 253 164 210 255 255 255 187 208 216 33 117 202 168 255 255 255 201 255 255 242 209 255 255 255 209 255 255 255 255 181 255 255 255 255 183 0 0 177 255 255 255 219 234 255 255 255 255 255 188 255 255 181 234 255 227 218 255 255 255 204 255 100 0
3 248 255 255 255 255 255 255 255 224 206 255 255 255 234 174 255 255 255 255 255 186 144 251 255 100 0 43 255 255 255 255 181 171 146 154 238 234 238 255 232 148 163 255 184 255 255 255 255 255 255 159 19 0 195 255 255 255 255 255 246 255 217 176 242 255 255 255 168 255 255 255 255 255 240 155 215 255 173 15 0 187 249 255 255 255 253 242 255 255 255 198 255 255 223 214 255 255 171 192 255 255 255 187 222 216 10 82 217 180 255 255 255 191 255 255 234 209 255 255 255 205 255 255 255 255 188 255 255 255 255 176 9 0 211 255 255 255 255 255 255 255 255 255 255 191 255 255 191 238 255 238 237 255 255 255 208 255 87 0
63 255 255 255 255 255 255 249 250 239 199 238 255 255 242 174 255 255 255 255 255 189 151 247 255 84 0 47 255 255 255 255 201 224 228 216 255 250 246 255 247 154 151 242 188 255 255 255 255 255 248 138 11 0 198 255 255 255 255 255 255 255 217 214 213 255 255 255 171 255 255 255 255 255 240 146 200 255 160 12 0 197 255 255 255 255 255 255 255 255 255 205 255 255 224 206 255 253 161 169 255 255 255 191 219 227 1 68 223 174 255 255 255 195 255 255 238 209 255 255 255 195 255 255 255 255 195 255 255 255 255 207 29 0 255 255 255 255 255 255 255 255 255 255 255 205 255 255 205 234 255 242 245 255 255 255 211 255 70 0
54 255 255 255 255 255 255 255 234 236 199 249 255 255 242 181 255 255 255 255 255 189 151 251 255 75 0 49 255 255 255 255 255 255 255 255 255 250 242 255 251 160 148 227 184 255 255 255 255 255 252 148 9 0 184 255 255 255 255 255 255 247 221 217 216 255 255 255 171 255 255 255 255 255 239 160 204 255 166 11 2 183 220 255 255 252 255 255 255 255 255 212 255 255 221 217 255 255 168 151 255 255 255 194 211 242 4 70 238 161 255 255 255 201 255 255 242 209 255 255 255 184 255 255 255 255 198 255 255 255 255 200 19 5 255 255 255 255 255 255 255 255 255 255 255 219 255 255 216 227 255 242 241 255 255 254 204 255 57 0
0 248 255 255 255 244 204 255 223 232 210 255 255 235 238 194 255 255 255 242 255 189 147 255 255 71 0 49 255 255 255 255 255 255 255 255 255 234 238 255 240 163 154 219 174 234 255 255 255 255 234 155 15 0 168 255 255 255 255 216 255 251 228 210 242 255 246 255 171 255 255 255 232 246 224 166 192 255 170 11 2 164 172 255 255 194 215 250 255 255 255 205 255 255 221 239 255 255 194 139 255 255 255 191 211 238 0 65 254 170 255 255 255 205 255 255 242 201 255 255 255 174 255 255 255 255 195 255 255 255 255 166 11 59 255 255 255 255 255 255 255 238 255 255 255 234 255 255 223 219 255 242 237 255 255 250 201 250 51 0
0 242 255 237 255 171 183 255 223 227 216 255 255 219 246 201 255 255 255 223 255 217 154 251 255 66 0 49 255 255 255 255 255 255 255 255 255 246 234 255 246 151 174 255 171 173 255 255 255 255 231 131 11 0 165 255 203 255 209 155 255 255 223 224 246 255 230 255 169 255 255 255 224 218 249 169 194 255 164 14 2 170 176 241 255 241 168 147 255 255 255 198 255 255 219 230 255 255 184 149 255 255 255 196 226 233 0 69 249 158 255 255 255 198 255 255 242 212 255 255 255 174 255 255 255 255 195 255 255 255 255 174 0 49 255 255 255 255 255 255 255 250 255 255 255 234 255 255 223 227 255 249 244 255 255 254 204 205 49 0
61 255 199 190 255 205 218 255 234 230 205 255 255 212 249 201 255 255 255 212 253 221 154 255 255 40 0 45 255 255 255 255 255 255 255 255 255 242 246 255 251 163 198 255 171 157 255 255 255 255 231 134 9 0 225 251 160 255 254 227 255 254 205 214 250 255 230 255 173 255 255 255 232 215 242 166 190 255 157 3 4 170 151 233 255 249 212 232 255 255 255 201 255 255 201 238 255 255 191 158 255 255 255 186 215 190 0 69 245 171 247 255 255 198 255 255 242 212 255 255 255 174 255 255 255 255 198 255 255 255 255 184 26 72 255 255 255 255 255 255 255 255 255 255 255 234 255 255 223 227 255 249 240 255 255 254 187 201 53 0
70 255 190 180 255 255 255 255 227 234 198 249 255 201 246 201 255 255 255 201 246 224 151 251 255 6 0 68 255 255 255 248 239 255 255 255 255 250 238 255 255 166 194 255 192 165 234 255 255 255 220 134 11 0 233 241 169 255 255 255 255 242 194 221 246 255 230 255 173 255 255 255 213 190 227 166 194 255 154 0 0 176 167 255 255 174 233 255 255 255 255 201 255 255 191 238 255 255 194 149 249 255 255 182 222 177 0 73 230 171 210 255 255 198 255 255 242 212 255 255 255 171 255 255 255 255 198 255 255 255 255 194 26 16 242 255 198 166 157 181 214 255 255 255 255 230 255 255 219 230 255 249 240 255 255 255 180 205 56 0
35 226 233 193 255 255 255 255 208 230 201 253 255 198 246 205 255 255 255 198 242 232 151 247 255 18 0 59 234 255 255 222 213 255 255 255 255 242 238 255 255 169 189 255 255 249 254 255 255 255 202 131 14 0 172 255 228 230 255 255 255 246 194 236 223 255 230 255 169 255 254 255 239 207 238 166 190 255 170 6 0 167 188 255 218 149 255 255 255 255 255 194 255 255 188 230 255 255 184 143 216 255 255 196 222 187 0 76 215 161 179 255 255 198 255 255 242 212 255 255 255 168 255 255 255 255 201 255 255 255 255 185 28 22 234 255 200 163 148 149 161 251 255 255 255 227 255 255 219 230 255 246 240 255 255 255 197 210 51 0
8 170 255 252 255 255 255 255 198 219 198 246 255 208 246 208 255 238 255 201 242 228 154 255 255 65 0 43 234 255 255 207 227 255 255 255 255 242 246 255 222 163 199 255 255 255 255 255 255 255 195 131 11 0 153 255 255 205 255 255 255 255 188 228 209 255 234 251 173 255 238 254 228 215 253 179 194 255 173 12 4 164 178 255 252 219 255 255 234 255 255 194 255 255 194 219 255 255 177 187 205 255 255 210 211 187 0 76 212 168 173 255 255 198 255 255 242 212 255 255 255 168 254 255 255 255 205 255 255 248 255 188 35 92 255 255 170 155 158 158 155 255 255 255 255 223 255 255 216 234 255 246 233 255 255 255 222 224 43 0
44 239 255 233 219 255 255 255 205 212 198 238 255 227 242 208 255 227 255 219 253 221 157 255 255 75 0 69 255 255 255 231 254 255 255 255 255 254 249 255 174 157 216 255 255 255 255 255 255 255 198 140 7 3 203 255 255 219 255 254 255 255 181 239 219 255 238 251 176 255 242 250 243 237 255 182 197 255 164 12 4 164 159 234 255 255 255 191 188 255 255 198 255 255 198 208 255 253 171 249 234 255 255 224 226 180 0 73 215 171 186 255 255 198 255 255 242 212 255 255 255 168 250 255 255 255 205 255 255 248 255 201 29 100 255 255 152 149 168 168 158 255 255 255 255 223 255 255 212 234 255 246 218 255 255 255 237 243 45 0
12 255 255 255 255 255 255 255 205 212 223 249 255 234 223 208 255 227 255 255 255 217 157 255 255 68 0 90 245 255 255 255 255 255 255 255 255 250 249 253 181 166 227 255 255 255 255 255 255 255 202 140 3 25 253 255 255 255 250 201 255 246 188 255 255 255 234 243 176 255 246 246 255 255 255 169 190 255 160 17 0 133 162 227 255 255 254 194 205 255 255 201 255 255 201 198 255 234 171 230 255 255 255 243 255 177 0 78 204 161 221 255 255 198 255 255 242 212 255 255 255 171 250 255 255 255 205 255 255 237 255 188 50 94 255 255 151 157 174 174 157 255 255 255 255 227 255 255 201 230 255 253 214 255 255 254 241 255 66 0
0 250 255 255 255 223 226 255 191 216 255 255 255 227 208 208 255 230 255 255 255 217 154 247 255 80 0 90 255 255 255 255 255 255 255 255 255 238 246 238 204 166 209 255 255 255 255 255 255 255 198 134 5 33 253 255 255 255 212 171 255 242 194 255 255 255 230 232 169 255 246 238 255 252 249 163 208 255 157 9 0 119 180 255 255 255 255 212 255 255 255 198 255 255 205 191 255 253 168 161 255 255 255 255 255 170 0 83 191 149 255 255 255 198 255 255 242 212 255 255 255 171 250 255 255 255 205 255 255 250 255 181 72 92 255 224 145 163 189 191 166 255 255 255 255 227 255 255 194 227 255 255 214 255 255 255 241 255 88 0
0 250 255 255 255 191 225 255 205 205 255 255 255 223 206 222 255 230 255 219 255 224 154 247 255 69 0 97 255 255 255 255 255 255 255 255 255 255 234 255 234 155 219 255 255 255 212 255 255 255 196 142 4 31 253 255 255 255 255 168 255 255 184 255 255 255 223 216 161 255 247 247 245 211 244 174 222 255 162 17 0 146 255 255 255 255 214 184 255 255 255 198 255 255 198 184 255 255 152 165 255 255 255 255 255 161 0 73 192 176 255 255 255 201 255 255 238 216 255 255 255 174 255 255 255 255 201 255 251 232 255 198 33 74 210 255 188 146 178 214 173 255 255 255 255 219 255 255 205 249 255 255 210 255 255 255 255 255 100 0
0 255 255 255 255 212 225 255 201 209 255 255 255 223 206 212 255 227 255 205 249 221 154 255 255 67 0 68 255 255 255 255 255 255 255 255 255 255 246 255 249 152 212 255 255 255 191 255 255 255 201 121 5 53 255 255 255 255 255 209 255 249 181 255 255 255 227 242 188 255 247 255 253 226 255 171 237 255 162 3 0 197 255 255 255 255 180 137 216 255 255 209 255 255 191 201 255 255 198 234 255 255 255 255 255 158 0 73 213 189 255 255 255 195 255 255 234 216 255 255 255 171 255 255 255 255 201 255 255 237 255 175 4 24 144 255 255 216 194 203 179 255 255 255 255 231 255 255 205 249 255 249 218 255 255 255 255 255 125 0
0 255 255 255 255 249 233 255 198 209 255 255 255 223 219 214 255 227 255 198 238 224 157 255 255 60 0 47 255 255 255 255 227 255 255 255 255 255 254 255 255 155 216 255 255 255 188 255 255 255 201 143 35 91 255 255 255 255 255 255 255 246 181 255 255 255 231 255 212 255 238 253 249 233 255 161 252 255 164 0 0 238 255 255 255 255 197 171 234 255 255 198 255 255 205 212 255 255 201 255 255 255 255 255 255 139 0 70 236 196 255 255 255 184 255 255 231 216 255 255 255 171 254 255 255 255 201 255 251 233 255 161 0 3 121 255 255 255 255 239 196 255 255 255 255 234 255 255 212 255 255 253 210 255 255 255 255 255 180 0
0 250 255 255 255 255 255 255 198 205 255 255 255 231 255 236 255 223 255 198 242 232 160 255 255 47 0 33 255 255 255 255 255 255 255 255 255 255 255 255 255 161 223 255 255 255 201 255 255 255 192 205 102 101 255 255 255 255 255 255 255 253 188 255 255 255 250 255 234 255 238 253 233 226 255 158 255 255 161 0 0 223 255 255 255 255 240 255 255 255 255 216 255 255 219 212 255 255 191 255 255 255 255 255 255 128 0 70 255 203 255 255 255 184 255 255 231 219 255 255 255 168 254 255 255 255 198 255 243 222 255 149 0 0 98 255 255 255 255 255 216 255 255 255 255 250 255 255 212 255 255 255 197 255 255 255 255 255 171 0
0 239 255 255 255 255 255 255 199 201 255 255 255 246 255 253 255 227 255 198 246 243 173 255 255 35 0 32 248 255 255 255 255 255 255 255 255 255 255 255 255 174 223 255 255 255 234 255 255 255 172 246 148 71 243 255 255 255 255 255 255 255 191 242 255 255 255 255 255 255 246 255 230 218 255 177 255 255 158 0 3 205 255 255 255 255 176 255 255 255 255 255 255 255 219 208 255 255 201 255 255 255 255 255 255 119 0 75 255 210 255 255 255 188 255 255 242 231 255 255 255 168 254 255 255 255 198 255 231 222 255 140 0 0 93 255 255 255 255 249 219 255 255 255 255 255 255 255 205 253 255 249 180 255 255 255 255 255 149 0
0 239 255 255 255 255 255 255 203 208 255 255 255 255 255 255 255 230 255 191 246 247 192 255 255 32 0 49 255 255 255 255 255 255 255 255 255 255 255 255 255 181 216 255 255 255 255 255 255 255 162 246 142 50 247 255 255 255 255 255 255 253 188 230 209 255 255 255 255 255 242 253 237 221 255 208 255 255 158 0 0 158 255 255 255 255 176 255 255 255 255 255 255 255 219 205 255 255 184 255 255 255 255 255 255 103 0 73 255 214 255 255 255 195 255 255 254 242 255 255 255 168 250 255 255 255 194 255 221 221 255 146 0 0 109 255 255 255 255 227 212 255 255 255 255 255 255 255 205 253 255 249 196 255 255 255 255 255 90 0
0 250 255 255 255 255 255 255 201 224 234 255 255 255 255 255 255 234 255 184 249 251 210 255 255 32 0 55 255 255 255 255 255 238 208 188 198 255 216 255 255 184 212 255 255 255 255 255 255 255 165 238 118 41 255 255 255 255 255 255 255 242 188 249 220 255 255 255 255 255 238 250 237 221 255 237 255 255 161 0 0 174 255 255 255 255 204 255 255 255 255 255 255 255 223 208 255 255 158 255 255 255 255 255 255 87 0 68 255 225 255 255 255 195 255 255 255 254 255 255 255 168 250 255 255 255 191 255 224 222 255 155 0 0 109 255 255 255 255 223 201 255 255 255 255 255 255 255 205 255 255 253 218 255 255 255 255 255 95 0
0 255 255 255 255 255 255 255 201 232 194 234 255 255 255 255 255 234 255 184 255 251 214 255 255 31 0 37 255 255 255 255 236 173 147 151 214 255 203 255 255 188 219 255 238 198 255 255 255 248 169 242 102 38 250 255 255 255 255 255 255 230 191 255 255 255 255 255 255 255 246 254 226 213 255 244 255 255 164 0 0 191 255 233 204 230 190 215 255 255 255 242 255 255 216 212 255 255 168 255 255 255 231 255 255 83 0 68 255 240 255 255 255 195 255 255 255 255 255 255 255 168 250 255 255 255 191 255 226 219 255 171 0 0 111 253 255 255 255 205 191 255 255 255 255 255 255 255 208 253 255 246 236 255 255 255 255 255 107 0
0 245 255 255 255 255 255 255 196 205 255 255 255 255 255 255 255 228 255 168 255 234 242 255 255 31 0 26 225 183 255 255 206 157 154 206 251 255 208 255 255 181 238 255 198 165 255 255 255 255 148 228 105 7 231 250 255 255 255 255 255 255 184 255 255 255 255 255 255 255 249 253 225 229 255 236 255 255 163 0 1 242 207 122 167 173 175 204 255 255 255 234 255 255 230 208 255 255 184 255 255 255 223 255 255 64 0 75 255 239 255 255 255 194 255 255 254 254 255 255 255 174 253 255 255 255 171 255 205 200 255 205 0 0 110 255 255 255 255 201 198 255 255 255 255 255 255 255 212 255 255 249 246 255 255 255 255 255 162 0
28 255 255 255 255 255 255 255 203 216 255 255 255 255 255 255 255 228 255 194 255 238 250 255 255 35 0 18 178 155 235 255 228 154 176 255 255 255 212 255 255 178 234 255 198 161 255 255 255 255 167 255 113 4 216 246 255 255 255 255 255 246 178 255 255 255 255 255 255 255 246 249 240 218 255 255 255 255 160 0 2 234 244 139 143 143 150 201 255 255 255 231 255 255 238 208 255 255 188 255 255 255 195 255 167 53 0 73 249 187 237 255 255 194 255 255 246 246 255 255 255 174 253 255 255 255 174 255 212 200 255 202 0 0 100 255 255 255 255 230 208 255 255 255 255 255 255 255 208 253 255 242 250 255 255 255 255 255 128 0
8 253 245 255 255 255 255 255 210 212 255 255 255 255 255 255 255 223 255 219 255 242 255 255 255 34 0 22 188 208 255 255 205 174 212 255 255 255 209 255 255 181 238 255 201 155 249 255 255 255 157 185 45 0 220 246 255 255 255 255 255 246 188 255 255 255 255 255 255 255 246 249 255 248 255 255 255 255 157 0 2 223 255 207 191 194 197 247 255 255 255 216 255 255 242 212 255 255 188 255 255 255 171 234 174 60 0 49 173 139 216 255 255 194 255 255 238 234 255 255 255 171 253 255 255 255 177 255 212 200 255 205 0 0 97 255 255 255 255 255 255 255 255 255 223 255 255 255 208 249 255 238 231 255 255 255 255 255 98 0
0 237 241 255 255 255 255 255 221 212 255 255 255 239 255 255 255 223 255 223 250 254 255 255 255 30 0 49 226 255 255 255 255 255 255 255 255 255 209 255 255 188 242 255 208 152 223 255 255 255 164 185 41 0 231 238 255 255 255 255 255 249 184 255 255 255 255 255 255 255 242 253 255 255 255 255 255 255 163 0 2 229 255 255 255 255 255 255 255 255 255 198 255 255 242 208 255 255 188 255 255 255 168 254 177 58 0 44 164 148 220 255 255 194 255 255 234 227 255 255 255 171 255 255 255 255 177 255 208 207 255 188 0 0 154 255 255 255 255 255 255 255 255 255 216 255 255 255 208 253 255 234 218 255 255 255 255 255 103 0
0 255 249 255 255 255 255 255 232 219 255 255 255 227 255 255 255 227 255 238 254 255 255 255 255 30 0 77 212 255 255 255 255 255 255 255 255 255 205 255 255 201 249 255 219 152 198 255 255 244 176 255 97 2 231 238 255 255 255 255 255 242 178 255 255 255 255 255 255 255 242 246 255 255 255 244 255 255 160 0 6 255 255 255 255 255 255 255 255 255 255 191 255 255 230 201 255 255 195 255 255 255 174 255 204 87 0 43 154 170 246 255 255 194 255 255 234 223 255 255 255 171 255 255 255 255 177 255 216 214 255 149 0 0 226 255 255 255 255 230 176 188 255 255 227 255 255 255 194 249 255 227 218 255 255 255 255 255 155 0
0 249 226 255 255 255 255 255 232 223 255 255 255 227 255 255 255 230 255 255 255 255 255 255 255 28 0 73 177 233 255 255 246 255 255 255 255 255 201 255 255 205 255 255 238 155 181 255 255 248 173 255 108 2 231 231 255 255 255 223 255 255 216 255 255 255 255 255 246 255 242 242 255 255 255 232 255 255 153 0 11 255 255 255 255 225 255 255 255 255 255 195 255 255 216 194 255 255 201 255 255 255 174 255 255 154 0 34 139 214 255 255 255 194 255 255 227 219 255 255 255 171 255 255 255 253 181 255 198 211 255 143 0 0 255 252 255 255 255 210 136 147 255 255 234 255 255 255 178 238 255 219 224 255 255 255 255 255 177 0
2 255 212 255 255 255 255 255 224 219 255 255 255 220 255 254 255 227 255 255 255 255 255 255 255 24 0 57 174 193 255 255 182 221 251 255 255 255 216 255 255 205 255 255 255 165 165 255 255 255 180 255 95 0 220 209 255 255 255 209 255 255 255 255 255 255 255 254 223 255 253 249 255 255 255 225 255 255 179 0 11 255 255 255 255 204 237 255 255 255 255 198 255 255 201 191 255 255 195 255 255 255 171 255 255 156 0 36 170 255 255 255 255 194 255 255 219 212 255 255 255 168 255 255 255 253 187 255 178 204 255 174 3 9 247 255 255 255 255 206 144 157 255 255 230 255 255 255 168 230 255 219 228 255 255 255 255 255 154 0
28 255 197 255 255 255 251 255 224 223 255 255 255 220 255 238 255 219 255 255 255 255 242 255 255 26 0 53 177 164 255 255 221 163 176 255 255 255 208 255 255 198 255 255 255 168 158 255 255 255 167 255 87 0 192 209 255 255 255 209 246 255 255 255 255 255 255 242 201 255 255 255 255 255 255 214 255 255 235 0 12 255 255 255 255 208 180 255 255 255 255 195 255 255 194 191 255 255 184 255 255 255 171 255 255 126 0 36 183 255 255 255 255 194 255 255 212 205 255 255 255 168 253 255 255 253 194 255 188 214 255 181 0 8 171 255 255 255 255 214 157 163 255 255 227 255 255 255 168 230 255 223 185 255 255 255 255 255 161 0
3 253 200 255 255 255 211 255 254 254 255 255 255 227 255 239 255 227 255 255 255 255 216 255 255 33 0 54 171 183 255 255 231 212 246 255 255 255 209 255 255 198 255 255 255 171 171 255 255 255 184 255 107 2 222 219 255 255 255 201 242 255 255 255 255 255 255 231 191 255 255 255 255 253 255 213 255 255 255 0 9 255 226 255 255 245 170 181 255 255 255 198 255 255 194 201 255 254 191 255 255 255 168 255 255 117 0 65 255 255 255 255 255 194 246 255 223 212 255 255 255 171 242 255 255 242 188 255 197 187 255 171 0 9 146 255 255 255 255 255 186 181 255 255 227 255 255 255 171 230 255 227 162 208 255 255 255 255 95 0
0 246 200 255 255 255 207 255 255 255 255 255 255 227 255 239 255 231 255 255 255 255 209 255 255 35 0 58 171 204 255 238 184 255 255 255 255 255 205 255 255 194 255 255 255 165 155 255 255 255 194 245 59 0 226 187 255 255 255 205 249 255 255 255 255 255 255 227 198 255 255 255 245 255 255 192 255 255 255 0 11 206 229 255 255 255 170 152 250 255 255 198 255 255 205 208 255 246 184 255 255 255 174 255 255 90 0 70 255 255 255 255 255 194 255 255 223 209 255 255 255 171 246 255 255 246 191 255 193 194 255 137 0 89 255 255 255 255 255 255 182 215 255 255 227 255 255 255 171 234 255 216 140 208 255 255 255 255 133 0
0 253 204 255 255 255 207 255 255 255 255 255 255 254 246 247 255 255 255 255 255 255 205 255 255 46 0 76 174 210 255 177 168 255 255 255 255 255 209 255 249 188 253 255 255 165 165 255 255 255 198 241 45 0 237 184 255 255 255 198 249 255 255 255 255 255 255 234 201 255 255 255 226 255 255 177 255 255 255 0 12 138 229 255 255 255 236 223 255 255 255 198 255 255 219 234 255 246 184 255 255 255 181 255 255 59 0 77 255 255 255 255 255 194 255 255 223 209 255 255 255 174 250 255 255 250 195 255 204 176 255 149 0 50 255 255 255 255 255 255 179 245 255 255 230 255 255 255 171 234 255 212 140 211 255 255 255 255 194 0
0 255 194 255 255 255 207 255 255 255 255 255 255 255 219 228 255 255 255 246 255 255 205 255 255 61 0 101 173 193 255 191 246 255 250 255 255 255 205 255 255 191 255 255 255 161 188 255 255 255 196 240 49 0 245 187 255 255 255 184 242 255 255 255 231 255 255 250 198 255 255 255 233 249 255 184 255 255 255 0 19 129 248 255 255 255 255 255 255 255 255 181 242 255 230 255 255 255 188 255 255 255 178 255 255 39 0 79 255 255 255 255 255 191 255 255 227 212 255 255 255 171 250 255 255 250 195 255 189 164 255 152 0 0 135 255 255 255 255 255 217 253 255 255 227 255 255 255 171 234 255 219 158 204 255 255 255 255 152 0
0 246 180 255 255 245 200 255 255 255 255 255 255 255 208 217 255 255 255 246 255 255 201 255 255 63 0 103 167 173 255 255 255 255 184 216 255 255 201 255 255 174 249 255 227 174 227 255 255 255 203 221 36 0 211 177 255 255 255 181 242 255 255 255 181 246 255 254 198 255 255 255 241 245 255 191 254 255 243 0 6 136 248 255 255 255 255 255 255 255 255 188 242 255 219 255 255 255 201 255 255 255 165 255 255 33 0 79 255 255 255 255 255 188 255 255 234 227 255 255 255 171 250 255 255 250 195 255 176 193 255 128 0 0 112 255 255 255 255 255 255 237 255 255 227 255 255 255 168 230 255 227 165 211 255 255 255 218 92 0
0 234 183 255 255 249 204 255 255 255 255 255 255 255 208 214 255 255 255 246 255 255 201 255 255 63 0 98 158 170 255 255 254 246 178 219 255 255 212 255 255 155 234 255 216 194 255 255 255 255 221 240 34 0 167 182 255 255 255 184 246 255 255 255 181 250 255 254 201 255 255 255 218 245 255 184 243 255 208 0 0 142 222 255 255 255 255 255 231 255 255 198 253 255 186 255 255 255 250 255 255 255 161 255 255 33 0 77 255 255 255 255 255 188 255 255 242 238 255 255 255 168 250 255 255 250 195 255 173 197 255 140 0 0 88 255 255 255 255 255 255 194 255 255 227 255 255 255 168 230 255 227 194 255 255 255 255 233 98 0
8 253 187 255 255 255 204 255 255 255 255 255 255 255 194 199 255 255 255 242 255 255 198 255 255 65 0 106 164 191 255 255 255 242 212 255 255 255 219 255 255 165 249 255 208 178 223 255 255 254 251 252 27 0 187 192 255 255 255 188 249 255 255 255 191 255 255 254 205 255 255 255 215 255 255 177 247 255 142 0 0 154 211 255 255 255 255 203 155 242 255 181 246 255 169 251 255 255 255 255 255 255 168 255 249 33 0 74 255 255 255 255 255 191 255 255 246 242 255 255 255 171 254 255 255 250 195 255 173 173 255 155 0 0 85 255 255 255 255 254 232 158 255 255 227 255 255 255 174 234 255 208 208 255 255 255 255 225 116 0
62 255 177 255 255 255 197 255 255 255 255 220 255 255 191 214 255 255 255 242 255 255 195 255 255 61 0 122 173 222 255 255 255 216 209 255 255 255 212 255 255 161 255 255 201 152 184 255 255 255 255 207 5 0 249 179 255 255 255 184 246 255 255 255 178 250 255 255 209 255 255 255 244 255 255 184 255 255 83 0 0 151 213 255 255 255 255 180 165 255 255 181 247 255 182 255 255 255 255 255 234 255 171 255 230 33 0 74 255 255 255 255 255 194 255 255 250 242 255 255 255 171 254 255 255 254 198 255 183 183 255 146 0 25 178 255 255 255 255 255 214 155 255 255 230 255 255 255 178 238 255 194 174 253 253 255 255 221 136 0
27 249 169 255 255 233 186 255 255 255 255 209 255 255 219 208 255 255 250 242 255 255 194 255 255 59 0 158 224 255 255 255 255 184 168 255 255 255 209 255 255 178 238 255 216 162 216 255 255 255 255 255 35 0 238 181 255 255 255 191 249 255 255 255 191 250 255 255 223 255 255 255 255 255 255 180 255 255 75 0 37 223 187 255 255 255 255 254 246 255 255 216 254 255 191 255 255 255 255 255 255 255 161 249 189 28 0 74 255 255 255 255 255 205 255 255 230 234 255 255 255 165 255 255 255 246 212 255 161 190 255 139 0 0 218 255 255 255 255 255 255 143 255 255 219 255 255 255 184 255 255 223 181 190 253 255 255 226 125 0
0 204 172 255 255 253 186 255 255 255 255 201 255 255 234 227 255 255 254 231 255 255 184 255 255 144 5 187 255 255 255 255 227 161 155 255 255 255 209 255 255 178 242 255 238 212 255 255 255 255 255 255 37 0 187 198 250 255 255 191 246 255 255 255 174 250 255 255 227 255 255 246 255 255 255 180 254 255 75 0 53 246 190 255 255 255 255 255 255 255 255 255 255 255 188 255 255 255 255 255 255 255 158 249 196 32 0 74 255 255 255 255 255 198 255 255 216 238 255 255 255 171 255 255 255 246 198 255 149 183 255 136 0 0 99 255 255 255 255 255 255 181 255 255 223 255 255 255 184 255 255 238 178 187 255 255 255 219 114 0
3 230 182 255 255 241 186 255 255 255 255 198 255 255 242 238 255 255 255 219 255 255 168 255 255 169 16 208 255 255 255 255 249 201 201 255 255 255 209 255 255 174 242 255 231 227 255 255 255 255 255 213 7 0 126 163 246 255 255 188 249 255 255 255 198 255 255 255 255 255 255 158 205 255 255 183 255 255 100 0 62 246 184 255 255 255 255 255 255 255 255 255 255 255 184 242 255 255 255 238 255 255 165 255 189 28 0 72 255 255 255 255 255 188 255 255 191 242 255 255 255 171 255 255 255 250 188 255 161 190 255 133 0 0 107 255 255 255 208 255 255 238 255 255 227 255 255 255 181 255 255 255 171 177 255 255 255 215 108 0
20 233 175 255 255 237 173 255 255 255 255 195 255 255 238 242 255 255 255 242 255 255 158 255 255 187 26 191 255 255 255 255 255 234 255 255 255 255 231 255 255 195 255 255 234 219 255 255 255 255 255 209 4 0 148 160 255 255 255 181 249 255 255 255 227 255 223 254 255 255 255 131 179 255 255 183 255 255 159 0 60 238 184 255 255 255 240 255 255 255 255 255 255 255 191 238 255 255 255 191 255 255 171 255 179 25 0 74 255 255 255 255 255 188 255 255 171 253 255 255 255 168 255 255 255 254 188 255 174 190 255 142 0 0 163 255 255 242 165 249 255 255 255 255 231 255 255 255 181 255 255 255 174 161 255 255 255 201 95 0
20 226 172 255 255 245 173 255 255 255 255 198 255 255 227 246 255 255 255 255 255 255 165 255 255 184 19 116 255 255 255 255 230 194 255 255 255 255 255 255 255 205 255 255 255 219 255 255 255 255 255 195 10 0 166 180 255 255 255 184 246 255 255 255 255 255 216 242 255 255 255 188 170 255 255 187 255 255 214 0 62 242 194 255 255 255 244 255 255 255 255 255 255 255 181 230 255 255 255 184 255 255 165 255 183 26 0 77 255 255 255 255 255 195 255 253 165 255 255 255 255 168 255 255 255 254 191 255 168 176 255 136 0 0 70 255 255 255 158 230 255 255 255 255 231 255 255 255 178 255 255 255 184 149 255 255 255 184 88 0
19 237 178 255 255 245 180 255 255 255 255 198 255 255 223 255 255 255 255 255 255 255 168 255 255 160 24 95 247 255 255 255 255 178 255 255 255 255 255 255 255 201 246 255 255 209 255 255 255 255 255 185 17 0 126 166 255 255 255 198 242 255 255 255 255 255 255 255 255 255 255 246 173 255 255 183 241 255 214 0 64 253 197 255 255 255 240 255 255 255 255 255 255 255 184 238 255 255 205 191 255 255 163 255 196 28 0 79 255 255 255 255 255 209 255 249 165 255 255 255 255 171 255 255 255 254 201 255 152 190 255 142 0 0 77 255 255 255 165 205 255 255 255 255 227 255 255 255 174 255 255 255 181 143 255 255 255 194 111 0
17 226 172 255 255 249 173 255 255 255 255 201 255 255 227 255 255 238 188 254 255 255 165 255 255 145 31 114 255 255 255 255 255 181 255 255 255 255 255 255 255 201 254 255 255 205 255 255 255 255 255 220 29 0 136 168 255 255 255 216 242 255 255 255 255 255 255 255 231 255 255 254 190 255 255 177 245 255 184 0 64 255 187 255 255 255 214 255 255 255 255 255 255 255 219 255 255 255 198 208 255 255 169 255 225 30 0 77 255 255 255 255 255 227 255 249 171 255 255 255 255 174 255 255 255 255 223 255 155 204 255 139 0 0 121 255 255 255 178 181 255 255 255 255 223 255 255 255 171 255 255 255 174 146 255 255 255 205 142 0
52 253 169 255 255 253 173 255 255 255 255 201 255 255 227 255 255 205 123 205 255 255 168 255 255 165 16 95 255 255 223 191 255 155 255 255 255 255 234 255 255 188 254 255 254 195 255 255 252 255 255 205 3 0 167 184 255 255 255 223 249 255 255 246 255 255 255 219 205 255 255 246 204 255 255 170 255 243 158 0 62 255 184 255 255 243 197 255 255 255 255 255 255 255 234 249 255 255 194 208 255 255 179 255 255 37 0 77 255 255 255 255 255 234 255 249 178 255 255 255 255 174 255 255 255 255 242 255 158 190 255 139 0 0 112 255 255 255 201 178 255 255 255 255 219 255 255 254 168 255 255 255 165 152 255 255 255 191 145 0
73 245 177 255 255 241 177 255 255 255 255 239 255 198 238 255 255 227 131 205 255 255 169 255 255 146 23 153 255 190 161 136 222 164 249 255 255 255 223 255 255 191 242 255 255 201 255 255 246 255 255 160 0 0 193 181 255 255 255 255 231 255 255 255 255 255 255 194 201 255 255 255 234 254 255 168 255 214 147 0 60 255 174 255 255 217 200 255 255 255 255 255 253 178 246 255 255 234 162 212 255 255 168 255 255 57 0 75 255 255 255 255 255 242 255 223 198 230 255 255 255 178 255 255 255 255 255 255 161 182 255 171 0 0 75 255 255 255 255 255 255 255 255 255 223 255 255 255 195 255 255 255 173 143 255 255 255 200 143 0
66 241 200 255 255 241 183 255 255 255 255 255 255 238 242 255 255 255 174 201 255 255 173 255 255 154 31 166 255 193 149 160 168 147 242 255 255 255 212 255 255 191 238 255 255 209 255 255 231 225 241 119 5 0 126 170 255 255 255 255 242 255 255 255 255 255 255 184 198 255 255 255 219 231 255 165 255 232 154 0 62 255 171 255 255 224 200 255 255 255 255 234 255 249 253 255 255 198 131 208 255 255 165 255 255 44 0 111 255 255 255 255 255 227 255 223 208 227 255 255 255 174 255 255 255 255 255 255 152 182 255 181 0 0 73 255 255 255 255 230 212 255 255 255 227 255 255 255 198 255 255 255 189 155 255 255 255 194 143 0
103 245 206 255 255 253 197 255 255 255 255 255 255 255 249 243 255 255 208 205 255 255 169 255 253 154 33 146 255 211 143 147 155 160 227 255 255 255 216 255 255 191 238 255 255 223 255 255 250 193 211 105 9 0 118 173 255 255 255 255 255 255 255 255 255 255 255 194 216 255 255 255 255 255 255 178 255 250 169 0 62 255 167 255 255 228 200 255 255 255 255 205 255 255 234 255 255 219 171 246 255 255 165 255 255 41 0 131 255 255 255 255 255 227 255 230 216 223 255 255 255 171 255 255 255 255 255 249 158 186 255 171 0 0 73 255 255 255 255 212 146 223 255 255 227 255 255 255 198 255 255 255 163 146 255 255 255 194 137 0
141 241 199 255 255 255 211 255 255 255 255 255 255 255 219 236 255 255 209 216 255 255 161 255 233 103 5 120 255 255 255 255 255 255 255 255 255 255 208 255 255 194 238 255 255 231 255 255 240 190 226 98 6 0 136 200 255 255 255 255 255 255 255 255 255 255 255 205 238 255 255 255 255 255 255 165 233 220 151 0 62 255 167 255 255 224 200 255 255 255 255 195 255 255 227 255 255 255 255 255 255 255 168 255 255 47 0 136 255 255 255 255 255 242 255 230 216 219 255 255 255 171 255 255 255 255 255 246 161 189 255 158 0 0 71 255 255 255 255 201 134 191 255 255 223 255 255 255 198 255 255 255 179 161 255 255 255 194 140 0
135 225 199 255 255 255 224 255 255 255 254 255 255 255 181 239 255 255 219 223 255 255 168 255 190 42 0 149 255 255 255 255 255 255 255 255 255 255 208 255 255 191 238 255 254 227 255 255 222 225 255 98 5 0 97 200 255 255 255 255 255 195 255 255 198 212 255 189 238 255 255 255 255 255 255 175 247 246 158 0 60 255 174 255 255 220 200 255 255 255 255 205 255 255 238 242 255 255 255 255 255 255 171 255 255 62 0 136 255 255 255 255 255 254 255 219 223 219 255 255 255 171 255 255 255 255 255 246 155 182 255 161 0 0 64 255 255 255 255 181 165 216 255 255 223 255 255 255 205 255 255 255 173 164 255 255 255 194 134 0
145 218 182 255 255 255 243 255 255 255 255 255 255 255 165 247 255 255 255 223 255 255 181 255 186 51 0 156 255 255 255 255 255 255 255 255 255 255 201 255 255 184 242 255 238 223 255 255 238 225 255 148 2 0 89 179 255 255 255 255 242 128 223 255 184 196 255 169 227 255 255 255 255 255 247 172 254 255 161 0 60 255 177 255 255 220 200 255 255 255 255 209 255 255 249 227 255 255 255 246 255 255 165 255 255 75 0 124 255 255 255 255 255 255 253 212 234 216 255 255 255 174 255 255 255 255 255 255 164 182 255 161 0 0 62 255 255 255 246 165 223 255 255 255 227 255 255 255 212 255 255 255 173 177 255 255 255 177 106 0
142 225 173 255 255 255 255 255 255 255 255 255 255 255 168 243 255 255 255 216 255 255 178 255 173 108 17 149 255 255 255 228 238 255 255 255 255 250 188 255 255 174 242 255 231 219 255 255 242 199 255 209 2 0 133 194 255 255 255 255 255 155 216 255 196 203 255 166 236 255 255 255 255 255 255 175 254 255 171 0 62 255 177 255 255 228 204 255 255 255 255 201 255 255 242 230 255 255 255 223 255 255 165 255 255 88 0 140 255 255 255 255 246 255 255 205 230 219 255 250 255 171 255 255 255 255 246 255 174 186 255 161 0 0 62 255 255 255 230 191 255 255 255 255 227 255 255 255 216 255 255 255 163 174 255 255 255 190 143 0
103 222 187 255 255 255 255 255 255 255 255 255 255 255 191 251 255 255 255 216 255 255 165 255 197 151 14 119 255 255 255 255 205 255 255 255 255 250 188 255 255 165 242 255 227 216 255 255 230 217 255 201 4 0 139 194 255 255 255 255 255 255 255 255 189 196 255 169 247 255 255 255 255 255 255 178 255 255 184 0 64 255 174 255 255 232 204 255 255 255 255 195 255 255 205 216 255 255 255 216 255 255 165 255 255 98 0 189 255 255 255 255 162 255 255 201 227 238 255 227 255 171 255 255 255 255 216 255 167 182 255 177 1 0 58 255 255 255 230 234 255 255 255 255 223 255 255 255 212 254 255 250 160 183 255 255 255 190 140 2
194 222 200 255 255 255 255 255 255 255 255 255 255 255 178 255 255 255 255 255 255 255 184 255 211 124 3 97 255 255 255 255 177 184 255 255 255 255 178 255 255 169 242 255 234 205 255 255 227 218 255 211 9 0 103 191 255 255 255 255 255 255 255 255 188 208 255 174 255 255 255 216 255 255 255 170 245 255 194 0 68 255 197 255 255 244 233 255 255 255 255 209 255 255 184 221 255 255 255 223 255 255 201 255 255 95 0 176 255 229 255 208 165 230 255 216 216 223 255 242 255 168 255 255 255 254 216 255 178 183 255 247 37 0 63 255 255 255 255 246 255 255 255 255 231 255 255 255 209 255 255 223 154 201 255 255 255 195 139 0
160 231 197 255 255 255 255 255 255 255 255 242 255 255 178 255 255 255 255 255 255 255 194 227 190 113 0 75 255 240 255 255 222 144 221 255 255 255 181 255 255 169 242 255 227 194 255 255 234 218 255 207 11 0 74 178 255 255 255 255 255 255 255 255 191 212 255 216 242 255 255 205 248 255 255 177 255 255 194 0 49 255 208 255 255 252 204 255 255 255 255 250 255 255 188 214 255 255 255 227 255 255 198 255 255 109 0 189 255 207 255 205 158 255 255 208 223 223 255 242 255 174 255 255 255 255 223 255 172 194 255 192 8 0 66 255 255 255 255 255 255 255 255 255 227 255 255 255 209 255 255 216 148 201 255 255 255 199 139 0
20 167 204 255 255 255 255 215 184 255 255 168 246 255 176 255 255 255 255 255 254 250 205 246 237 116 0 45 238 252 255 255 255 139 182 255 255 255 174 255 255 174 242 255 223 195 255 255 234 221 255 193 9 0 67 178 255 255 255 246 198 255 255 255 188 216 255 255 188 255 255 194 233 255 255 173 255 255 207 0 21 255 215 255 255 255 194 255 255 255 255 255 255 255 184 206 255 255 255 219 255 255 205 255 255 106 0 186 227 176 255 194 165 255 255 201 234 219 255 242 255 178 255 255 255 255 219 255 167 192 255 158 0 0 66 255 255 255 255 255 255 255 255 255 227 255 255 255 205 254 255 212 142 208 255 255 255 199 139 0
15 163 226 255 255 255 255 187 158 255 255 166 251 255 160 255 255 255 255 255 255 234 205 255 252 127 15 75 205 255 255 255 255 230 255 255 255 249 161 255 255 198 253 255 231 209 255 255 227 229 255 180 0 0 109 205 255 255 255 194 128 219 255 255 188 216 255 253 161 255 255 194 222 255 255 174 255 255 205 0 1 223 215 255 255 255 208 255 255 255 255 255 255 255 188 224 255 255 255 216 255 255 201 255 255 106 0 200 223 173 255 216 201 255 255 205 234 212 255 238 255 168 255 255 255 255 208 255 177 179 255 165 0 0 60 255 255 255 255 255 255 255 255 255 227 255 255 255 201 246 255 209 139 215 255 255 255 202 139 0
112 186 226 255 255 255 255 223 143 219 255 169 251 255 157 255 255 255 255 255 255 255 201 255 255 124 31 112 188 255 255 255 255 255 255 255 255 255 174 255 255 223 255 255 242 223 255 255 227 218 255 170 0 0 168 255 255 255 255 171 171 255 255 255 198 223 255 227 158 255 255 194 226 255 255 180 255 255 191 0 0 212 215 255 255 252 215 255 255 255 255 255 255 255 198 255 255 255 255 223 255 255 205 255 255 101 0 197 234 167 255 255 255 255 255 212 230 208 255 238 255 165 255 255 255 255 198 255 187 176 255 165 0 0 60 255 255 255 255 255 255 255 255 255 231 255 255 255 195 238 255 209 139 230 255 255 255 202 142 0
147 164 233 255 255 255 255 255 254 255 255 184 242 255 176 255 255 255 255 255 255 255 198 255 255 103 0 121 188 240 255 255 255 255 255 255 255 255 184 255 223 227 255 255 246 238 255 255 234 196 255 170 0 0 198 255 255 255 242 178 253 255 255 255 212 238 255 216 165 255 255 194 237 255 255 167 255 255 191 0 9 255 219 255 255 252 211 255 255 255 255 255 255 255 205 255 255 238 255 255 255 255 205 255 255 74 0 160 246 160 255 255 255 255 255 216 223 208 255 238 255 168 255 255 255 255 201 255 187 182 255 155 0 0 67 255 255 255 255 231 238 255 255 255 231 255 255 255 191 231 255 205 142 241 255 255 255 199 139 0
166 168 244 255 255 255 255 255 255 255 255 171 231 255 201 255 255 255 238 255 255 255 194 255 255 80 0 135 188 222 255 255 255 255 255 255 255 238 171 255 212 198 255 255 250 255 255 255 231 189 255 170 0 0 195 255 255 255 238 216 255 255 255 255 216 249 255 238 168 255 255 205 233 255 255 171 255 255 178 0 14 255 215 255 255 255 226 255 255 255 255 255 255 246 219 255 255 216 255 255 255 255 209 255 255 65 0 121 255 180 255 255 255 255 255 212 223 216 255 238 255 174 255 255 255 255 205 255 180 186 255 167 0 0 69 255 255 255 255 188 158 238 255 255 227 255 255 255 191 231 255 205 142 245 255 255 255 188 137 0
226 167 218 255 255 255 255 255 255 255 255 181 250 255 209 255 255 231 195 255 255 255 191 255 255 76 0 110 181 255 255 255 255 255 181 171 255 255 168 255 219 171 255 255 255 255 255 255 216 200 255 163 0 0 191 255 255 255 242 255 255 255 255 255 216 249 255 255 171 255 255 216 215 255 255 201 255 255 148 0 11 255 210 255 255 255 253 255 238 231 255 255 255 246 246 255 255 216 255 255 255 255 246 255 255 67 0 95 255 197 254 255 255 255 255 205 223 223 255 238 255 174 255 250 250 255 208 255 170 182 255 198 2 0 64 255 255 255 255 191 134 219 255 255 223 255 255 255 195 231 255 201 142 248 255 255 255 185 134 0
230 183 221 255 255 255 255 255 255 255 255 171 255 255 242 216 255 246 191 255 255 255 195 255 255 85 0 129 197 244 255 255 255 255 152 188 255 255 171 255 217 174 255 255 255 255 255 249 219 201 255 147 0 0 158 255 255 255 255 255 255 255 255 255 212 255 255 255 178 255 255 242 250 255 255 205 255 211 97 0 12 255 219 255 255 255 255 255 232 223 255 255 255 255 246 255 255 223 255 255 255 255 255 255 255 62 0 80 255 253 255 255 255 255 249 196 243 212 255 242 255 168 255 255 230 255 201 255 181 187 255 192 0 0 88 255 255 255 255 191 143 198 255 255 230 255 255 255 191 230 255 201 137 255 255 255 255 177 145 30
241 204 225 255 255 255 189 165 255 255 255 168 255 255 238 202 255 246 191 255 255 255 195 255 255 83 0 129 212 233 255 255 255 255 194 230 255 255 188 255 221 198 255 255 255 255 255 246 234 187 255 135 0 0 131 255 255 255 255 255 255 253 255 255 209 255 255 255 178 255 255 234 242 255 255 212 239 168 95 0 14 255 234 255 255 255 255 255 239 223 255 255 255 255 255 255 255 231 255 255 255 255 255 255 255 66 0 100 255 253 243 255 255 255 253 182 232 216 255 254 255 171 255 255 238 255 208 255 170 187 255 199 0 0 95 255 255 255 255 191 144 182 255 255 223 255 255 255 188 227 255 212 143 255 255 255 255 183 157 34
234 238 225 255 255 255 151 146 254 255 255 168 255 255 216 178 255 250 188 255 255 255 195 255 255 73 0 77 228 244 255 255 255 255 255 255 255 255 254 255 221 208 255 255 255 255 255 255 212 158 255 121 0 0 125 255 192 182 169 173 217 255 255 255 209 255 255 255 174 255 255 231 242 255 255 218 224 158 99 0 14 255 255 255 255 255 255 255 239 216 255 255 255 255 255 255 255 227 255 216 255 255 255 255 255 64 0 121 255 255 225 255 250 255 255 179 228 216 255 242 255 174 255 255 238 255 212 255 180 182 255 174 0 0 73 255 255 255 255 203 155 155 186 255 223 255 255 255 191 234 255 205 157 255 255 255 255 183 148 22
234 255 255 255 255 248 145 207 255 255 255 171 255 255 205 175 255 254 191 255 255 255 191 255 255 73 0 40 236 249 255 255 255 255 255 255 255 255 255 255 228 201 255 255 255 255 255 255 241 197 255 150 1 0 114 255 164 152 155 155 173 253 255 255 209 255 255 255 168 255 255 227 238 255 255 218 247 205 109 0 7 255 255 255 255 255 255 255 228 219 255 255 255 255 255 255 255 216 255 209 255 255 254 255 255 71 0 135 255 255 229 255 231 255 255 179 232 212 255 238 253 174 255 255 234 255 219 255 177 179 255 198 10 0 62 255 255 255 255 208 152 155 152 241 230 255 255 255 194 238 255 198 171 255 255 255 255 181 136 11
237 255 255 255 255 215 194 255 255 255 255 171 255 255 209 185 255 255 195 255 255 255 191 255 255 68 0 57 236 217 255 255 255 255 255 255 255 255 255 255 247 188 255 255 255 255 227 255 208 187 255 147 2 0 105 255 171 149 174 187 176 255 255 255 212 255 255 255 168 255 255 219 225 255 255 218 255 255 105 0 6 255 255 255 255 255 255 255 217 230 255 255 255 255 255 255 255 212 255 198 255 246 227 255 255 73 0 95 255 255 244 255 246 255 255 176 239 219 255 255 249 168 255 253 234 255 246 255 174 186 255 187 10 0 58 255 255 255 255 215 140 164 155 215 230 255 255 255 188 223 255 223 191 255 255 255 255 181 139 16
200 255 255 255 255 202 255 255 255 255 255 174 255 255 212 181 255 255 198 255 255 255 191 255 255 40 0 93 244 206 255 255 255 255 255 255 255 255 255 255 243 178 255 255 255 255 209 255 234 204 255 129 0 0 92 255 255 214 224 217 192 255 255 255 227 255 255 255 174 255 255 209 210 255 255 237 255 255 92 0 14 255 255 255 255 255 255 255 206 227 255 255 255 255 255 255 255 219 255 181 249 246 219 255 255 69 0 46 242 255 255 255 234 255 253 179 255 234 255 250 249 165 255 253 238 255 255 255 174 196 255 158 0 0 71 255 255 255 255 255 158 149 142 232 223 255 255 255 171 205 255 255 246 255 255 255 255 181 151 35
92 255 255 255 255 234 255 255 255 255 255 171 255 255 227 171 255 255 205 255 255 255 191 255 252 29 0 97 244 216 255 255 254 246 255 255 255 254 255 255 243 191 255 255 255 234 227 255 230 201 255 126 3 0 73 255 255 255 255 238 191 255 255 255 255 255 255 255 171 255 255 212 214 255 255 255 255 255 90 0 14 255 255 255 255 255 255 255 196 216 242 231 255 255 255 255 255 223 255 178 238 253 205 255 255 64 0 30 239 255 255 255 209 255 253 179 255 255 255 231 253 161 255 253 234 255 255 255 167 187 255 206 0 0 119 255 255 255 255 255 232 189 152 249 223 255 255 255 171 198 255 255 255 255 255 255 255 178 166 60
0 255 255 255 255 255 255 255 255 255 255 168 255 255 254 178 255 255 205 255 255 255 191 255 197 42 0 87 232 220 255 255 254 254 255 255 255 216 255 255 255 227 255 255 255 191 227 255 215 204 255 169 26 0 68 255 255 255 255 212 205 255 255 255 255 255 255 255 162 255 255 223 225 255 255 255 255 255 94 0 2 255 255 255 255 255 255 255 199 216 227 223 255 255 255 255 255 223 255 188 246 253 188 255 255 53 0 25 239 255 255 219 205 255 253 169 255 255 255 242 255 161 255 249 223 255 255 255 188 170 255 232 0 0 137 255 255 255 255 255 255 255 212 253 230 253 255 255 184 208 255 255 255 255 255 255 255 181 179 80
0 246 255 255 255 255 255 255 255 255 255 198 255 255 255 168 255 255 205 255 255 255 189 239 174 84 0 96 217 220 255 255 224 253 255 255 255 255 255 255 255 227 255 255 255 178 223 255 224 183 255 168 25 0 90 255 255 255 255 209 212 255 255 255 255 255 255 255 171 255 255 233 242 255 255 255 255 255 99 0 0 230 255 255 255 255 255 255 196 214 255 255 255 255 255 255 255 223 255 198 253 247 186 255 226 14 0 45 237 255 255 208 198 255 249 178 255 255 255 242 255 168 255 255 242 255 227 255 180 194 255 233 0 0 85 255 255 255 255 255 255 255 238 255 255 255 255 255 181 208 255 255 255 255 255 255 255 188 156 33
0 250 255 243 233 245 252 255 255 255 255 209 255 255 255 191 255 255 198 255 255 255 184 210 145 49 0 67 240 213 255 255 203 234 255 255 255 255 255 255 250 223 255 255 255 178 238 255 213 211 255 171 9 0 116 255 255 255 255 254 255 255 255 255 232 255 255 255 168 255 255 230 242 255 255 255 255 255 103 0 0 201 245 255 255 255 232 255 210 232 255 255 255 234 186 221 255 227 255 178 246 232 166 255 218 9 0 97 255 255 255 230 201 255 249 171 255 255 255 246 246 168 255 255 230 255 208 249 174 184 255 214 0 0 93 255 255 255 255 255 255 255 255 255 255 255 255 255 174 205 255 255 255 255 255 255 255 188 148 31
0 255 255 170 154 152 145 198 255 255 255 223 255 255 253 208 255 255 201 255 255 255 198 212 133 15 0 40 251 199 255 255 214 242 255 255 255 255 255 227 223 242 255 255 212 165 255 255 220 201 255 201 8 0 125 255 255 255 255 205 171 201 255 255 206 255 255 255 171 255 255 226 242 255 255 255 255 255 92 0 6 194 215 255 255 246 186 255 206 221 255 255 255 242 173 228 255 234 255 174 249 232 160 255 218 8 0 132 255 255 255 255 201 255 249 165 255 255 255 246 227 161 255 255 227 255 205 255 183 184 255 183 0 0 112 255 255 255 255 255 255 255 255 255 255 255 255 255 168 212 255 255 255 241 255 255 255 188 148 35
0 248 211 139 158 177 168 197 255 255 255 234 255 255 242 208 255 255 205 255 255 255 223 255 179 5 0 37 244 189 255 255 214 234 255 255 255 255 242 255 242 255 255 255 162 152 255 255 235 177 255 206 7 0 95 255 255 255 255 212 137 177 255 255 210 255 255 255 168 255 255 204 207 255 255 255 255 255 100 0 2 201 226 255 255 219 195 255 206 203 255 255 255 249 186 232 255 238 255 181 246 228 163 255 218 14 0 132 255 255 255 255 194 255 255 165 255 255 255 242 227 171 255 255 234 255 208 255 174 187 255 210 18 0 131 255 255 255 255 255 255 255 255 255 255 255 255 255 164 215 255 255 255 208 255 255 255 188 139 30
0 236 222 161 155 174 195 208 255 255 255 231 255 255 238 205 255 255 198 255 255 255 246 255 245 11 0 61 240 192 255 255 206 238 255 255 255 255 219 255 255 255 255 255 171 174 255 255 219 183 255 205 19 0 72 207 255 255 255 255 187 226 255 255 210 255 255 253 161 255 255 184 148 238 255 255 255 255 105 0 0 217 219 255 255 188 195 255 210 217 255 255 255 242 176 217 255 223 255 212 249 210 166 255 223 23 0 138 255 255 255 255 188 255 255 171 255 255 255 242 246 188 255 255 242 255 205 253 170 204 255 240 29 0 151 255 255 255 255 255 255 255 255 255 255 255 255 255 158 215 255 255 255 194 255 255 255 195 135 22
0 246 255 255 214 211 214 212 255 255 255 238 255 255 242 205 255 255 184 253 255 255 255 255 252 12 0 73 236 203 255 255 206 255 255 255 255 255 201 255 255 246 255 255 246 242 255 255 208 197 255 255 68 0 71 160 230 255 255 255 222 234 255 255 199 255 255 255 164 255 255 187 163 249 255 255 246 255 103 0 14 255 216 255 255 198 189 255 196 236 255 255 255 249 173 228 255 212 255 255 255 210 163 255 242 26 0 136 255 255 255 255 198 255 255 174 255 255 255 246 255 198 255 253 238 255 201 255 177 215 255 226 16 0 162 255 255 255 255 255 255 255 255 255 255 255 255 255 152 219 255 255 255 187 255 255 255 192 129 8
0 185 255 255 255 255 233 219 255 255 255 255 255 255 242 205 255 255 184 242 255 255 255 255 230 16 0 61 240 206 255 255 206 246 255 255 255 255 209 255 255 231 255 255 255 255 255 255 223 189 255 255 87 0 75 160 194 255 255 255 237 198 255 255 203 255 255 255 171 255 255 197 210 255 255 255 236 219 103 0 43 255 230 255 255 245 225 255 196 228 249 234 255 249 176 217 255 219 255 255 255 217 166 255 255 37 0 127 255 255 255 255 238 255 253 174 255 255 255 242 255 205 255 249 238 255 208 255 175 201 255 230 21 0 163 255 255 255 255 255 255 255 255 255 255 255 255 255 149 219 255 255 255 200 255 255 255 177 111 0
0 162 255 255 255 255 197 242 255 255 255 255 255 255 242 205 255 255 194 242 255 255 255 255 233 32 0 51 251 205 255 255 217 230 255 255 255 255 205 255 255 223 255 255 255 255 255 255 242 185 255 225 38 0 73 157 198 255 255 255 226 161 255 255 214 255 255 255 164 255 255 197 186 230 255 255 232 201 100 0 47 252 234 238 214 255 255 255 210 206 227 238 255 255 203 217 255 238 255 205 255 214 169 251 255 51 0 133 255 255 255 255 255 255 253 171 255 255 255 234 255 227 255 255 238 255 205 255 202 204 255 230 27 27 179 255 255 255 255 234 255 255 255 255 255 255 255 255 143 212 255 255 255 204 255 255 255 187 120 0
0 224 255 255 255 255 173 249 255 255 255 255 255 255 249 205 255 255 230 255 255 255 255 255 255 94 0 72 255 203 255 255 210 242 255 255 255 255 198 255 255 205 255 255 255 227 255 255 251 193 255 203 34 0 104 169 228 255 165 255 255 234 255 255 205 255 255 230 168 255 255 227 149 208 255 255 241 192 95 0 46 205 222 255 244 255 255 255 217 217 223 230 255 255 203 214 255 216 255 201 255 217 163 255 255 62 0 154 255 255 255 255 255 255 255 178 255 255 255 242 255 220 255 255 238 255 198 255 201 227 255 218 0 34 182 255 255 255 255 255 255 255 255 255 255 255 255 255 139 215 255 255 255 194 255 255 255 188 124 0
0 242 255 255 255 255 240 255 255 255 255 234 255 255 234 205 255 255 212 255 255 255 255 255 255 50 0 70 255 196 255 255 206 246 255 255 255 254 181 255 255 201 255 255 255 227 255 255 251 193 255 255 53 0 97 166 232 255 149 219 255 255 255 255 208 255 255 234 188 255 255 242 143 201 255 255 241 196 98 0 57 255 201 196 255 255 255 255 224 224 227 238 255 246 203 217 255 219 255 201 255 221 157 255 255 58 0 173 255 255 255 255 255 255 253 168 255 255 255 239 255 235 255 253 238 255 191 255 197 227 255 207 0 8 156 255 255 255 255 255 255 255 255 255 242 255 255 255 136 219 255 255 255 187 255 255 255 188 115 0
0 254 255 255 255 255 214 201 250 255 255 191 255 255 216 208 255 253 208 255 255 255 255 255 255 15 0 94 255 210 255 255 206 249 255 255 255 242 178 255 255 191 255 255 255 234 254 255 246 189 255 255 58 0 99 169 212 255 198 208 255 255 255 255 208 255 255 234 208 255 255 253 137 198 255 255 245 192 95 0 62 255 180 172 255 248 255 255 221 228 219 234 255 234 206 217 255 227 255 191 255 221 157 255 255 41 0 186 255 255 255 255 255 255 249 168 255 255 255 255 255 255 255 253 242 255 181 255 184 238 255 207 13 24 185 255 255 255 255 255 255 255 255 255 223 255 255 255 134 212 255 255 255 211 255 255 255 195 118 7
0 255 255 255 255 255 167 143 209 255 255 191 255 255 205 205 255 255 215 255 255 255 255 255 255 11 0 84 255 203 255 255 206 246 255 255 255 254 209 255 253 181 253 255 255 246 250 255 252 184 255 255 33 0 113 164 194 255 255 188 201 254 255 255 212 255 255 234 216 255 255 242 137 205 255 255 245 179 92 0 62 255 201 210 255 176 201 255 203 221 205 227 255 234 217 210 255 234 255 181 251 217 160 255 248 17 0 180 255 255 255 255 255 255 255 174 255 255 255 255 255 255 255 249 242 255 174 255 187 238 255 222 36 29 185 255 255 255 255 255 255 255 255 255 230 255 255 255 146 215 255 255 255 255 255 255 255 211 117 1
0 198 255 255 255 255 180 143 231 255 255 201 255 255 201 191 255 255 187 205 255 255 255 255 255 24 0 57 255 192 255 255 210 234 255 255 255 255 255 255 249 181 255 255 255 255 238 255 252 191 255 224 11 0 121 159 178 255 255 155 158 227 255 255 212 255 255 238 212 255 255 230 137 212 255 255 245 166 90 0 65 255 255 255 255 189 208 255 196 221 208 223 255 253 228 199 255 234 255 178 247 214 163 255 237 5 0 173 255 255 255 255 255 255 255 178 242 230 255 255 255 255 255 253 238 255 171 255 208 231 255 233 25 0 124 255 255 255 255 255 255 255 255 255 232 255 255 246 146 215 255 255 255 255 255 255 255 222 92 0
0 127 241 255 255 255 236 174 255 255 255 198 255 255 201 178 255 253 155 158 255 255 255 255 255 63 0 52 255 199 255 255 214 234 255 255 255 255 255 255 255 188 255 255 255 255 227 255 255 201 255 199 5 0 119 162 216 255 227 198 250 255 255 255 208 255 255 253 201 255 255 219 137 219 255 255 249 163 95 0 59 255 255 255 255 255 255 255 199 221 219 234 255 255 228 192 255 227 255 191 255 210 163 255 229 4 0 180 255 255 255 255 255 255 255 178 219 201 255 255 255 255 255 255 238 255 171 255 215 242 255 233 18 0 124 255 255 255 255 255 255 255 255 255 210 255 223 208 134 212 255 255 255 255 255 255 255 212 69 0
0 124 184 251 255 255 255 219 254 255 255 191 255 255 205 178 255 243 164 177 255 255 255 249 255 102 0 50 255 199 255 255 210 238 255 255 255 255 255 255 255 194 255 255 255 255 231 255 255 212 255 206 6 0 108 202 255 255 227 255 255 255 255 255 208 255 255 255 181 255 255 198 149 230 255 255 253 163 95 0 53 255 255 255 255 255 255 255 203 206 227 246 255 255 214 192 255 223 255 201 251 199 163 255 221 3 0 181 255 255 255 255 255 255 253 178 238 208 255 255 255 255 255 255 234 255 174 255 208 255 255 225 23 40 169 255 255 255 255 255 255 255 255 255 199 255 227 205 137 222 255 255 255 255 255 255 255 215 69 0
0 138 152 221 255 255 248 205 198 255 255 198 255 255 205 188 255 239 201 237 255 255 255 227 227 70 0 52 255 220 255 255 206 249 255 255 255 255 255 255 255 191 255 255 255 255 234 255 255 212 255 208 6 0 101 254 255 255 255 255 255 255 255 255 205 255 255 255 161 255 255 174 162 238 255 255 255 163 95 0 55 255 255 255 255 230 226 255 199 189 223 246 255 253 196 196 255 223 255 205 243 192 166 255 214 1 0 178 255 255 255 255 255 255 249 178 255 219 255 255 255 255 255 255 230 255 178 255 211 250 255 218 20 50 172 255 255 255 255 255 255 255 255 255 189 255 242 208 137 226 255 250 255 255 255 255 255 237 83 0
0 137 155 239 255 255 255 188 188 255 255 198 255 255 212 205 255 242 184 208 255 255 255 224 196 24 0 47 255 223 255 255 239 242 255 255 255 255 255 255 255 205 255 255 246 255 254 255 255 224 255 186 1 0 87 231 255 255 255 255 238 255 255 255 219 255 255 255 165 255 255 165 163 255 255 255 245 169 89 0 54 255 255 255 255 196 216 245 198 166 216 255 255 242 184 206 255 227 255 188 253 179 163 255 210 0 0 176 255 255 255 255 255 255 246 178 255 255 255 255 255 255 255 254 246 255 171 255 206 255 255 219 38 63 167 255 255 255 255 255 255 255 255 255 192 255 254 184 158 215 255 243 255 255 255 255 255 222 90 0
5 134 155 243 248 223 255 253 212 255 255 184 255 255 208 216 255 255 191 168 230 255 255 206 186 25 0 47 255 238 255 255 231 254 255 255 255 255 255 255 255 219 255 254 254 255 255 255 255 218 255 159 0 0 71 150 171 255 255 194 149 230 255 255 208 255 255 255 171 255 255 161 173 255 255 255 245 169 91 0 59 255 255 255 255 179 191 241 194 166 191 255 255 249 184 199 255 219 255 181 255 199 173 255 210 0 0 180 255 255 255 255 255 255 250 181 255 255 255 255 255 255 255 250 242 255 178 255 228 255 255 241 58 77 170 255 255 255 238 255 255 255 255 255 206 255 255 178 149 219 255 255 255 255 255 255 255 215 90 0
11 137 178 255 214 155 255 255 255 255 255 191 255 255 198 219 255 255 201 143 216 255 255 196 176 24 0 55 255 255 255 255 231 255 255 227 255 255 255 255 255 234 255 238 254 255 255 255 254 242 255 162 0 0 55 164 171 255 255 194 134 198 253 255 216 255 255 255 168 255 255 152 200 255 255 255 245 160 84 0 54 255 255 255 255 239 191 226 198 179 174 246 255 255 188 196 255 223 255 178 255 203 166 255 203 1 0 176 255 255 255 255 255 255 254 184 255 255 255 255 255 255 255 250 238 255 188 255 228 255 255 230 43 64 164 255 255 255 209 231 255 255 255 255 199 255 255 174 143 219 255 255 255 255 255 255 255 219 87 0
0 131 175 255 240 146 236 255 255 255 255 184 255 255 191 230 255 255 205 146 234 255 255 199 176 20 0 80 255 255 255 255 250 255 255 198 255 255 255 255 255 255 255 227 254 255 255 255 255 255 255 159 0 0 88 255 255 255 255 206 139 139 160 255 216 255 255 253 161 255 255 178 217 255 255 255 249 163 86 0 44 255 255 239 219 255 220 219 212 203 174 230 255 255 194 199 255 231 255 178 255 199 157 255 208 5 0 176 255 255 255 255 255 255 255 191 255 255 255 255 255 255 255 250 238 255 198 255 220 255 255 215 38 57 176 255 255 255 212 234 255 255 255 255 192 255 255 201 146 212 255 255 255 255 255 255 255 226 87 0
5 136 162 230 255 224 222 255 255 255 255 191 255 255 194 246 255 255 208 146 249 255 255 203 179 15 0 105 255 249 255 255 255 255 255 188 255 255 255 255 255 255 255 227 255 255 255 255 255 255 255 175 0 0 155 255 255 255 255 255 205 168 161 255 216 255 255 253 161 255 255 255 255 255 255 255 249 166 84 0 51 229 233 231 251 255 255 211 219 224 184 234 255 255 198 199 255 250 255 174 253 206 160 255 218 16 0 187 255 255 255 255 255 255 255 194 255 255 255 255 255 255 255 255 238 255 208 255 228 255 255 219 55 45 160 255 255 255 216 246 255 255 255 255 196 255 255 242 155 197 255 255 255 255 255 255 255 226 87 0
26 147 170 219 255 255 200 196 255 255 255 198 255 255 208 253 255 255 208 134 242 255 255 199 179 14 0 97 255 253 255 255 255 255 255 188 255 255 255 255 255 255 255 231 254 255 234 255 255 255 255 171 5 0 145 255 255 255 255 255 255 255 238 255 253 255 255 255 165 249 255 255 255 255 255 255 245 166 79 0 57 255 183 183 255 255 225 222 219 228 191 246 255 246 205 192 255 255 255 168 246 217 160 253 220 23 0 190 255 255 255 255 255 255 255 198 255 255 255 255 255 255 255 255 242 255 212 255 250 255 255 223 59 3 120 226 255 255 205 234 255 255 255 255 199 255 255 255 161 197 255 255 255 255 255 255 255 215 95 0
33 146 170 237 255 247 173 159 255 255 255 188 255 255 219 249 255 255 208 137 246 255 255 196 176 17 0 64 255 255 255 255 255 255 255 188 255 255 255 255 255 255 255 234 246 255 184 255 254 255 255 157 27 0 112 255 255 255 255 255 255 255 255 255 255 255 255 253 161 234 255 255 255 253 255 255 241 169 79 0 57 255 218 201 255 189 163 230 219 221 194 255 255 242 219 192 255 255 255 171 246 221 157 245 216 25 0 187 255 255 255 255 255 255 255 198 255 255 255 255 255 255 255 255 238 255 219 255 255 255 255 223 63 0 131 255 255 255 198 219 255 255 255 255 196 255 255 255 158 197 255 255 243 253 255 255 255 215 105 5
35 149 167 255 255 206 218 255 255 255 255 191 255 255 219 234 255 255 205 152 255 255 255 199 173 19 0 35 255 255 255 255 255 255 255 184 255 255 255 255 255 255 255 246 250 255 162 255 255 255 255 212 77 28 131 255 255 255 255 255 255 255 255 255 255 255 255 238 158 238 255 255 251 212 255 255 241 166 70 0 75 186 190 255 255 209 183 204 219 214 198 255 255 246 234 196 238 255 255 174 246 224 160 253 216 28 0 190 255 255 255 255 255 255 255 194 255 255 255 255 255 255 255 255 234 255 219 255 255 255 255 205 77 0 177 255 255 255 205 212 255 255 255 255 196 255 255 255 149 191 255 213 159 208 255 255 255 219 110 6
33 143 209 255 255 246 255 255 255 255 255 195 255 255 210 208 255 255 171 166 254 255 255 201 176 25 0 52 255 255 255 255 255 255 255 188 255 255 255 255 255 255 255 238 246 255 178 255 255 255 255 250 79 41 147 255 255 255 255 254 255 255 255 255 255 255 255 210 169 230 255 255 242 227 255 255 234 165 75 0 85 165 153 223 255 255 248 212 234 221 203 219 255 255 230 194 255 255 255 201 246 221 157 255 255 27 0 187 255 255 255 255 255 255 255 198 255 255 255 255 255 255 255 255 242 255 227 255 255 255 255 234 29 0 156 255 255 255 255 250 255 255 255 255 198 255 255 253 140 199 255 192 133 255 255 255 255 213 115 0
33 154 255 255 255 255 255 255 255 255 255 185 255 255 214 215 255 255 155 179 255 255 255 201 191 76 0 39 255 255 255 255 255 255 255 201 255 255 255 255 255 255 255 234 249 255 174 255 216 255 255 239 57 18 154 255 255 255 255 255 255 255 255 255 227 255 255 210 151 242 255 255 227 223 255 255 242 165 75 0 124 200 159 160 237 255 248 210 254 206 192 253 255 255 230 191 255 255 255 205 249 224 163 255 244 23 0 187 255 255 255 255 255 255 255 194 255 255 255 255 255 255 255 249 242 255 254 255 255 255 255 234 26 0 132 255 255 255 255 255 255 255 254 255 198 255 255 255 137 203 255 192 148 255 255 255 255 213 115 0
34 163 255 255 255 255 255 255 255 255 255 181 255 255 210 208 255 255 152 192 255 255 255 198 204 130 0 37 255 255 255 255 255 255 255 201 216 212 250 255 255 255 255 230 249 255 171 255 208 255 255 239 51 5 154 255 255 255 255 255 255 255 255 255 249 255 255 232 157 234 255 255 255 255 255 255 246 168 78 0 133 255 255 200 255 255 239 214 255 199 179 255 255 255 230 191 255 255 255 198 253 217 163 255 252 25 0 183 255 255 255 255 255 255 255 194 255 255 255 255 255 255 255 246 238 255 255 255 255 255 255 215 21 0 99 255 255 255 255 255 255 255 255 255 198 255 255 255 137 203 255 192 154 255 255 255 255 239 130 0
26 151 183 233 255 255 180 171 255 255 255 185 255 255 206 205 255 255 161 206 255 255 255 192 201 138 0 46 255 255 255 255 255 255 255 194 201 216 255 255 255 255 255 230 253 255 168 255 205 232 255 255 53 0 136 255 255 255 255 255 255 255 255 255 216 242 210 210 163 238 255 255 255 255 255 255 242 165 78 0 124 255 255 232 255 255 230 221 255 217 173 255 255 255 230 194 255 255 255 188 253 206 160 255 255 34 0 183 255 255 255 255 255 255 255 198 255 255 255 255 255 255 255 249 234 255 255 255 255 255 255 219 27 0 91 255 255 255 255 255 255 255 255 255 198 255 255 255 137 199 255 192 163 255 255 255 255 249 131 0
0 133 151 190 255 255 157 155 246 255 255 191 255 255 210 210 255 253 154 219 255 255 255 196 187 138 0 46 255 255 255 255 255 255 255 191 242 255 255 255 255 255 255 230 253 255 168 255 205 214 255 219 25 0 132 255 255 255 254 255 255 255 255 255 223 255 236 196 163 255 255 246 255 255 255 255 249 161 80 0 121 255 239 218 255 255 237 214 255 255 179 255 255 255 223 194 255 255 255 181 255 203 157 253 255 34 0 183 255 255 255 255 255 255 255 198 255 255 255 255 255 255 255 255 234 255 255 255 255 255 255 227 37 0 96 255 255 255 255 255 255 255 255 255 198 255 255 255 137 189 255 192 178 255 255 255 255 255 133 0
0 129 202 204 255 255 154 149 179 243 255 195 255 255 208 199 255 234 154 238 255 255 255 199 170 139 0 35 255 255 255 255 255 255 255 188 246 255 255 250 255 255 255 234 253 255 171 255 205 206 255 201 17 0 135 255 255 255 209 250 255 255 255 255 219 255 247 189 157 242 255 255 255 255 255 255 255 174 85 0 130 255 214 214 255 255 247 210 255 255 186 255 255 255 219 187 255 255 255 178 255 206 163 253 237 25 0 187 255 255 255 255 255 255 255 194 255 255 255 255 255 254 255 255 230 255 255 255 255 255 255 223 35 0 99 255 255 255 255 255 255 255 255 255 195 255 255 255 140 176 247 192 195 255 255 255 255 255 100 0
17 214 255 255 255 255 173 143 146 186 246 198 255 255 205 179 255 255 203 255 255 255 255 203 158 94 0 35 255 255 255 255 254 255 255 184 230 255 255 255 246 227 255 242 253 255 174 255 188 193 255 249 44 0 133 241 255 255 195 242 255 255 255 255 230 255 255 221 166 227 255 255 255 255 255 255 255 181 87 0 133 255 202 176 255 255 244 221 255 255 189 246 255 255 223 187 255 255 255 171 255 214 166 253 218 20 0 187 255 255 255 255 235 255 255 201 255 255 255 255 254 255 255 253 230 255 255 255 255 255 255 208 24 0 96 255 255 255 255 255 255 255 255 255 195 255 255 255 143 160 224 192 216 255 255 255 255 227 62 0
80 255 255 255 255 255 255 205 171 186 246 198 255 255 205 176 255 255 255 255 255 255 255 201 151 45 0 46 255 255 255 255 209 255 255 191 249 255 255 255 223 201 253 246 255 255 178 255 198 186 255 255 42 0 141 255 255 255 205 250 255 255 255 255 198 255 255 232 157 216 255 191 195 255 255 255 255 165 87 0 113 255 185 146 248 255 244 212 255 255 182 234 255 255 238 194 255 255 255 165 255 210 166 249 218 21 0 187 255 255 255 255 213 255 255 212 255 255 255 255 255 255 255 246 230 255 255 255 241 239 255 178 7 0 84 255 255 255 255 255 255 255 255 255 195 255 255 253 143 154 206 189 242 255 255 255 255 242 73 0
71 184 255 255 255 255 255 255 250 220 255 254 255 255 210 170 255 255 255 255 255 255 255 194 163 75 0 39 255 255 255 255 198 255 255 182 232 255 255 255 242 184 253 246 255 255 195 255 205 173 255 255 46 0 197 255 255 255 246 255 255 255 255 255 201 255 255 208 152 205 255 131 173 255 255 255 255 162 103 0 81 167 161 152 234 255 255 208 255 255 184 236 255 255 219 194 255 255 255 165 255 217 163 249 231 30 0 189 255 255 255 255 196 255 255 255 255 255 255 255 255 216 255 255 227 255 255 255 220 238 255 148 0 0 142 255 255 255 255 255 255 255 255 255 201 254 255 254 152 152 184 212 255 255 255 255 255 240 100 0
43 177 255 255 255 255 255 255 255 255 255 255 255 255 203 170 255 255 255 250 250 255 255 198 158 116 0 41 255 255 255 249 181 255 255 196 255 255 255 254 242 184 242 246 249 255 238 255 171 173 255 231 26 0 210 255 255 255 255 255 255 255 255 255 198 254 255 212 164 209 255 137 214 255 255 255 255 170 80 0 106 180 161 143 234 255 249 215 255 255 194 236 255 255 223 198 255 255 255 165 255 217 163 245 254 45 0 186 253 255 255 255 196 255 255 255 255 255 255 255 249 198 255 255 234 255 255 255 231 249 255 154 0 0 160 255 255 255 250 249 255 255 255 255 201 255 255 255 152 158 194 212 255 255 255 255 255 255 95 0
40 191 255 255 255 255 255 255 255 255 255 255 255 255 207 183 255 255 255 223 255 255 255 198 170 117 0 41 255 255 255 255 184 255 255 189 255 255 255 255 242 191 242 255 246 255 255 255 166 186 255 219 16 0 213 255 255 255 255 255 255 255 255 255 201 255 255 212 164 191 246 152 244 255 255 255 255 181 75 0 208 255 201 164 253 255 234 219 255 255 194 236 255 255 223 194 255 255 255 168 255 217 163 241 255 55 0 176 238 255 255 255 192 255 255 255 255 255 255 255 255 194 255 255 231 255 255 255 231 251 255 204 0 0 171 255 255 255 249 236 255 234 238 255 201 255 255 254 149 171 212 219 255 255 255 255 255 255 80 0
45 197 255 255 255 255 255 255 255 255 255 255 255 255 186 170 255 255 255 198 254 255 255 181 148 81 0 49 255 255 245 255 231 255 255 186 217 212 255 255 242 188 246 255 242 255 246 255 163 176 255 221 16 0 199 255 255 255 255 255 255 255 255 255 201 255 255 208 158 174 234 181 255 255 255 255 255 180 118 7 214 255 201 187 255 255 238 222 254 255 191 232 255 255 231 198 255 255 255 174 255 214 163 249 252 41 0 166 223 255 255 255 196 255 255 255 255 255 255 255 255 194 255 255 246 255 250 255 223 247 255 255 1 0 168 255 255 255 255 214 184 151 166 255 198 255 255 246 149 181 230 216 255 255 255 255 255 255 64 0
45 201 255 255 255 255 255 255 255 255 255 246 255 255 176 166 255 255 255 198 255 255 255 198 145 71 0 29 255 255 222 255 255 255 255 196 210 198 255 255 246 184 249 249 238 255 181 255 177 184 255 209 4 0 153 255 255 255 255 201 255 216 219 255 198 255 255 197 161 178 238 197 255 255 255 255 255 199 226 37 144 255 171 197 255 255 250 215 255 255 201 232 255 255 246 215 255 255 255 174 255 196 163 255 245 24 0 163 223 255 255 255 199 255 255 255 255 255 255 255 253 188 255 255 255 255 250 255 227 247 255 255 0 0 191 255 255 255 255 181 149 155 151 255 201 255 255 238 146 187 241 201 255 255 255 255 255 255 60 0
36 204 255 255 255 255 255 255 255 255 255 231 255 255 183 178 255 255 255 219 255 255 255 201 166 57 0 17 255 250 222 255 255 255 255 196 214 201 255 255 255 194 253 255 255 255 155 255 161 177 255 192 0 0 172 255 255 255 255 154 166 139 181 255 208 255 255 194 168 195 242 191 255 255 255 255 255 209 255 33 129 255 155 183 255 255 250 211 255 255 215 243 255 255 250 215 255 255 255 171 242 179 160 255 252 19 0 151 230 255 255 255 199 255 255 255 255 255 255 255 255 191 255 255 255 255 246 255 227 255 255 255 13 0 239 255 255 255 255 179 158 171 154 255 208 255 255 242 143 184 241 191 255 255 255 255 255 255 68 0
40 201 255 255 255 255 255 255 255 255 255 223 253 244 176 174 255 255 255 255 255 255 255 219 154 30 0 40 255 195 218 255 255 255 255 189 214 194 255 255 255 198 249 255 255 255 165 255 174 187 255 193 1 0 168 255 255 255 255 236 176 142 208 255 212 255 255 194 164 205 255 201 255 255 255 255 255 255 255 46 126 255 146 152 238 255 242 215 255 255 219 247 255 255 246 208 255 255 255 181 242 179 160 255 255 20 0 130 227 255 255 255 196 255 255 255 255 255 255 255 255 194 255 255 255 255 238 255 227 255 255 255 41 0 255 255 255 255 255 239 176 147 160 255 205 255 255 254 146 184 249 198 255 255 255 255 255 255 77 0
64 212 255 255 255 255 255 255 255 255 238 223 242 203 179 178 255 255 255 255 255 255 255 227 139 21 0 54 255 161 229 255 242 255 255 186 221 194 255 255 242 188 234 255 255 255 174 255 175 177 255 200 0 0 143 255 255 255 255 255 210 166 255 255 194 255 255 194 155 212 255 241 255 255 255 255 255 255 255 82 126 238 158 145 234 255 238 215 255 255 219 236 255 255 246 212 255 255 255 191 253 189 163 255 255 24 0 107 219 255 255 255 189 255 255 255 255 255 255 255 238 181 255 255 255 255 234 255 231 235 255 255 57 0 247 255 255 255 255 255 214 142 189 255 198 255 255 255 149 184 255 212 253 255 255 255 255 255 85 0
85 211 255 255 255 249 255 255 255 255 234 230 255 192 151 184 255 255 250 255 255 255 255 231 148 23 0 50 255 172 234 255 162 234 255 189 221 206 255 255 246 188 238 255 255 255 165 255 174 183 255 160 0 0 131 255 255 255 255 255 235 255 255 255 206 255 255 199 154 203 255 255 255 255 255 255 255 255 255 90 130 255 142 176 255 255 238 204 255 255 230 239 255 255 246 208 255 255 255 198 249 199 160 255 251 26 0 58 155 255 255 255 201 255 255 255 255 255 255 255 246 184 255 255 255 255 250 255 244 229 255 255 50 0 255 255 255 255 255 255 205 146 223 255 199 255 255 246 152 184 255 223 255 255 255 255 255 255 112 0
83 197 255 255 255 208 255 255 255 255 238 212 255 221 157 168 255 255 255 255 255 255 255 231 161 50 0 44 255 255 255 255 171 219 255 192 221 196 255 255 249 181 238 255 255 255 191 255 164 176 255 170 0 0 134 255 255 255 255 255 255 255 255 255 199 255 255 192 157 206 255 255 255 255 255 255 255 254 255 106 124 255 142 189 255 255 253 229 255 255 219 232 255 255 238 208 255 255 255 201 253 203 163 255 252 26 0 67 167 255 255 255 194 255 255 255 255 255 255 255 238 181 255 255 255 255 242 255 218 255 255 255 58 0 226 255 255 255 255 255 198 134 249 255 199 255 255 227 140 174 255 246 255 255 255 255 255 255 147 0
69 176 255 255 248 191 255 255 255 255 242 205 255 255 189 177 255 255 255 255 255 255 255 219 176 124 0 44 255 255 255 255 254 253 255 210 228 196 255 255 255 178 246 255 255 255 250 255 174 186 255 173 0 0 109 255 255 195 209 242 255 255 255 255 199 255 255 192 163 206 251 206 255 255 255 255 255 192 255 90 121 255 136 207 255 255 238 218 255 255 208 236 255 255 234 212 255 255 255 205 255 210 163 255 255 28 0 90 204 255 255 255 189 255 255 255 255 255 255 255 238 184 255 255 255 254 238 255 215 245 255 255 51 0 143 255 255 255 255 255 205 155 255 255 196 255 255 223 140 181 255 255 255 255 255 255 255 255 174 0
75 200 255 255 255 204 255 255 255 255 250 208 255 255 189 171 255 255 216 227 255 255 255 227 158 193 0 37 255 255 255 255 255 255 255 221 217 196 255 255 255 181 249 255 255 255 255 255 164 179 255 180 1 0 122 255 255 198 152 155 178 230 255 255 199 255 255 192 163 206 221 173 255 255 255 255 255 235 255 88 124 237 139 221 255 255 227 214 255 255 205 239 255 255 238 226 255 255 255 205 253 214 163 255 249 30 0 113 241 255 255 255 179 255 255 255 255 255 255 255 249 191 255 255 255 250 238 255 234 230 255 255 14 0 124 255 255 255 255 255 255 254 255 255 196 255 255 227 146 184 255 255 255 255 255 255 255 255 174 0
80 251 255 255 255 251 255 255 255 255 246 208 255 255 176 168 255 223 140 198 255 255 255 230 194 200 0 41 255 255 255 255 255 246 247 236 210 206 255 255 255 178 246 255 255 255 255 255 168 179 255 167 0 0 106 255 255 255 191 157 144 152 238 255 196 255 255 196 166 224 239 196 255 255 255 255 255 255 255 90 108 193 136 218 255 255 227 240 255 255 191 243 255 255 246 241 255 255 255 201 246 217 160 255 239 26 0 121 240 252 255 255 169 253 255 255 255 250 255 255 255 191 255 255 255 242 234 255 226 249 255 218 0 0 218 255 255 255 255 255 255 255 255 255 196 255 255 223 143 174 255 255 255 255 255 255 255 255 174 0
69 255 255 255 255 255 255 255 255 255 234 216 255 255 176 174 247 206 137 234 255 255 255 234 173 50 0 34 255 255 255 255 255 234 243 251 189 210 255 255 255 174 234 255 255 255 250 255 171 183 255 164 0 0 120 255 255 255 207 170 160 154 237 255 196 251 255 196 166 251 255 247 255 255 255 255 255 255 255 95 102 193 157 232 255 255 249 255 255 255 174 243 255 255 250 249 255 255 255 198 238 221 160 255 247 28 0 116 234 248 255 255 169 255 255 255 255 212 230 255 249 188 255 255 255 234 231 255 212 253 255 228 0 0 255 255 255 255 255 227 234 255 255 255 196 255 255 216 146 177 255 255 255 255 255 255 255 255 177 0
41 255 255 255 255 255 255 255 255 255 231 219 255 255 173 161 234 210 146 246 255 255 255 246 180 10 0 42 255 255 255 255 255 227 239 255 163 199 255 255 255 181 230 255 255 255 201 255 164 176 255 148 0 0 114 255 255 255 179 146 152 176 255 255 203 243 255 203 166 255 255 243 255 255 255 255 255 252 232 98 121 233 183 255 255 255 255 255 255 246 161 251 255 255 250 237 255 255 255 194 238 228 163 255 247 30 0 116 227 248 255 255 171 255 255 255 255 198 219 255 234 181 255 255 255 231 231 255 206 222 255 231 4 0 249 255 255 255 255 255 255 255 255 255 189 253 255 219 149 181 255 255 255 255 255 255 255 255 157 0
8 220 255 255 255 255 255 255 255 255 216 205 255 255 179 155 205 210 171 255 255 255 255 242 179 41 0 46 255 255 255 255 255 219 247 255 166 203 255 255 255 194 227 255 255 254 178 255 171 183 255 148 0 0 114 255 255 255 200 165 152 179 252 255 210 243 255 210 163 239 247 199 255 255 255 255 255 180 172 70 116 244 173 255 255 255 255 244 255 238 161 255 255 255 242 222 242 255 255 191 242 236 166 255 233 26 0 113 223 248 255 255 161 247 255 255 255 191 216 255 219 181 255 255 255 234 234 255 210 204 255 178 0 0 210 255 255 216 242 255 255 255 255 255 189 249 255 223 149 168 247 209 246 255 255 255 255 255 130 0
0 219 255 255 255 255 255 255 255 255 227 209 255 255 170 152 186 203 214 255 255 255 255 238 186 62 0 38 255 253 255 255 255 196 232 255 236 186 255 255 255 185 227 255 255 250 175 255 167 180 255 138 0 0 119 230 255 255 232 157 170 154 210 255 200 240 255 251 166 186 255 229 255 255 255 255 255 197 146 68 107 194 174 255 255 250 255 222 246 238 168 227 255 255 255 242 216 255 255 181 235 231 165 255 191 11 0 148 201 248 255 255 166 240 255 255 255 195 209 255 251 179 255 255 255 216 235 255 194 178 255 180 0 0 209 255 255 179 166 225 255 255 255 255 189 243 255 214 139 191 237 198 234 255 255 255 255 229 105 0
46 241 255 255 248 219 198 224 193 229 209 198 254 255 170 162 200 214 221 255 255 254 255 250 164 21 0 36 255 251 255 253 255 192 232 255 236 186 255 255 255 185 220 255 255 250 171 255 174 180 255 144 0 0 119 249 255 255 251 218 229 157 173 251 214 240 255 244 176 193 255 255 254 254 255 255 255 201 161 71 87 197 180 237 255 255 255 207 246 246 159 216 255 255 246 198 175 238 255 191 235 220 156 250 208 19 0 148 198 241 255 252 166 240 255 255 255 198 212 255 248 179 255 255 255 209 223 255 201 191 255 171 0 6 216 254 244 176 148 170 218 238 255 255 186 232 255 217 144 191 230 191 234 255 255 255 255 248 121 0
57 220 255 255 255 212 140 150 142 203 202 195 250 251 160 162 214 214 214 255 255 242 250 255 186 56 0 33 255 251 248 255 255 189 229 255 236 183 255 255 255 181 212 255 254 250 168 246 180 180 252 153 0 0 91 219 255 255 255 248 255 163 160 251 203 236 255 255 200 193 255 255 254 255 255 255 253 220 184 53 104 255 241 255 248 255 255 187 231 254 152 209 255 255 250 198 171 235 255 188 227 223 162 250 201 23 0 144 201 240 255 254 166 236 255 255 255 202 216 255 244 179 251 255 246 195 212 255 198 188 255 174 0 22 212 255 238 203 163 139 163 188 240 252 186 225 255 221 148 186 214 176 234 255 255 252 255 255 142 0
41 216 255 251 248 238 176 153 142 214 209 195 246 248 151 162 221 214 200 251 255 246 250 250 229 165 0 33 255 255 232 255 251 186 221 244 229 179 255 248 255 178 202 250 246 242 168 238 180 180 249 169 5 0 68 166 232 251 248 229 240 173 176 255 200 225 236 240 218 218 248 255 254 255 255 238 236 247 212 27 99 255 253 255 236 254 251 180 207 255 154 207 251 255 255 225 189 240 251 183 225 232 170 248 190 28 0 141 201 233 254 245 163 232 251 248 255 205 216 255 236 179 244 248 238 191 205 255 191 178 244 197 0 21 193 255 246 244 200 148 148 160 212 244 186 225 255 221 148 186 207 157 230 248 249 236 253 255 155 0
35 219 245 240 237 254 228 177 170 232 212 191 242 244 154 168 218 229 207 240 241 245 248 241 233 152 0 35 255 255 240 247 248 183 214 232 221 176 251 240 255 180 193 237 240 240 167 240 177 177 245 172 12 0 63 147 207 244 252 233 233 183 186 248 197 193 170 170 200 237 248 233 242 214 200 209 229 255 222 21 107 249 233 252 240 246 228 170 197 252 154 204 237 237 252 204 173 225 240 186 222 233 164 225 215 43 0 135 201 220 240 229 164 229 244 240 248 200 215 245 233 186 237 244 233 194 204 255 189 185 248 222 0 19 186 248 242 246 207 157 154 154 207 246 183 225 255 214 145 189 214 157 223 241 245 236 241 255 145 0
56 219 230 244 242 242 224 174 203 244 205 181 227 232 151 162 207 244 229 244 229 233 241 233 233 58 0 24 206 204 245 236 244 183 210 225 218 173 244 236 248 180 186 225 229 233 167 237 180 169 233 158 9 0 61 157 207 229 240 244 237 197 197 248 193 200 180 167 193 229 240 233 243 181 159 201 232 239 222 28 87 197 184 218 238 242 217 169 204 240 157 211 237 237 233 173 157 218 237 190 207 222 167 229 238 57 0 127 198 217 237 230 164 222 237 237 241 194 207 237 225 190 229 237 233 204 211 245 183 188 244 230 0 24 214 233 237 223 186 151 157 157 200 236 179 218 248 207 145 196 225 176 216 237 245 236 238 249 139 0
99 226 230 237 225 227 217 211 229 244 202 181 220 225 148 158 193 240 229 240 226 222 226 226 229 47 0 17 179 158 208 226 237 180 207 222 218 173 240 229 240 180 183 222 225 229 164 233 194 163 230 146 3 0 59 182 225 225 225 237 229 218 222 248 200 225 237 218 218 233 237 240 217 172 156 208 235 227 223 27 103 226 211 229 230 238 210 162 211 229 170 225 237 240 229 170 173 229 233 183 197 222 176 237 236 59 0 121 202 215 238 228 164 214 229 233 237 187 200 229 218 193 222 229 229 218 215 237 183 178 229 237 0 17 229 231 233 216 186 154 155 152 200 225 186 211 233 207 148 193 233 204 215 233 234 229 234 245 152 0
100 204 230 222 200 223 210 233 229 232 195 185 220 225 154 162 186 222 211 233 226 222 218 211 207 103 0 24 189 152 168 215 233 180 207 222 218 173 237 222 233 180 183 222 225 229 164 229 201 160 234 149 5 0 66 221 233 233 225 225 222 233 229 222 204 211 218 218 229 237 222 211 171 165 162 205 227 227 223 20 88 237 233 225 208 219 205 162 214 225 180 229 222 225 222 176 183 229 225 183 197 229 173 218 222 55 0 118 202 211 226 206 164 211 225 233 233 180 197 229 211 193 218 225 229 226 218 226 193 171 222 250 0 0 207 220 222 220 203 166 152 152 203 228 200 207 225 211 151 186 233 222 215 228 222 216 226 245 175 5
55 197 233 202 164 169 199 216 221 222 200 173 211 219 159 160 197 174 197 226 211 215 226 200 176 60 0 26 248 180 171 208 228 179 196 221 206 192 232 217 220 175 179 209 228 213 166 221 188 171 240 125 1 0 56 208 236 214 213 221 213 210 217 217 194 194 218 211 218 211 226 190 161 147 161 193 213 229 215 24 92 222 214 171 190 226 197 152 204 212 197 204 219 223 215 184 183 233 218 180 190 207 173 218 224 77 0 89 200 210 225 214 161 207 218 218 218 200 204 222 196 192 218 222 215 224 225 223 183 168 236 161 0 0 95 225 222 218 190 180 157 164 201 229 192 192 224 202 153 179 231 206 214 226 210 225 226 235 158 0
0 156 222 201 179 149 148 162 178 196 189 173 208 212 155 158 184 160 179 218 222 211 218 221 186 20 0 28 249 194 177 215 216 178 198 219 198 181 219 201 221 179 186 214 221 207 166 221 194 173 226 120 0 0 61 189 210 207 218 221 216 219 219 219 193 217 206 199 217 217 224 186 155 152 175 203 214 212 183 14 87 229 194 152 188 211 189 167 201 208 178 181 216 212 184 158 189 221 207 179 186 206 176 210 211 83 0 87 186 199 198 207 160 200 207 214 210 181 181 205 203 192 214 215 194 201 209 204 180 180 215 146 0 0 171 219 207 196 176 161 152 151 189 214 181 181 208 191 149 178 223 194 209 216 197 213 208 214 147 4
0 163 212 210 206 158 151 159 171 197 201 183 207 207 157 164 195 177 180 204 212 201 201 211 190 2 0 47 245 192 177 215 209 178 195 209 195 178 212 202 212 181 183 207 207 196 164 211 193 177 214 127 0 0 61 173 196 203 205 178 181 202 200 207 193 221 180 197 218 211 211 193 164 169 190 207 205 196 173 17 81 218 173 157 197 208 194 186 207 218 180 170 207 197 164 154 192 207 197 173 176 203 176 196 201 75 0 58 166 201 197 211 160 197 204 214 214 180 184 219 203 189 208 208 184 198 215 215 176 187 217 134 0 0 212 201 207 197 179 154 160 151 197 214 181 185 212 195 159 185 220 188 192 204 197 213 204 203 145 17
33 191 199 206 196 158 164 154 163 193 193 173 192 194 161 167 199 189 189 195 195 198 207 203 184 11 0 63 229 170 181 214 203 166 176 192 186 166 199 199 203 176 179 199 199 196 166 203 186 174 211 150 10 0 55 142 197 208 196 157 163 196 196 206 186 183 157 190 200 196 186 193 178 185 200 192 197 195 164 16 77 207 169 170 199 198 203 192 186 200 186 183 200 200 193 203 203 203 199 182 172 203 182 194 209 80 0 43 163 195 202 206 161 194 197 203 200 176 180 206 199 182 204 194 156 169 200 207 169 160 215 148 0 0 197 196 203 191 177 146 161 149 194 206 172 179 206 192 153 172 199 179 194 210 206 204 194 197 133 16
9 168 193 199 195 161 172 157 174 197 190 170 186 191 165 161 204 186 190 201 190 194 200 191 165 11 0 51 224 164 186 205 207 174 177 197 197 170 197 204 197 174 174 197 197 196 169 196 188 173 204 165 23 0 65 161 175 188 178 156 164 187 194 197 197 167 173 194 190 197 187 194 189 191 201 194 203 196 138 0 48 216 192 163 190 189 194 189 195 192 202 199 189 189 195 199 200 197 200 186 173 200 183 193 222 100 0 47 169 179 198 194 155 191 195 199 203 185 185 202 192 182 202 185 148 161 191 208 183 167 192 182 5 0 173 198 205 198 183 154 169 160 191 205 171 181 205 194 158 171 194 184 183 194 191 187 202 208 117 7
0 159 222 198 193 170 172 174 171 197 194 181 205 214 186 173 206 186 189 204 203 200 201 204 163 8 0 35 222 166 182 193 198 181 188 198 198 174 194 198 194 177 179 199 192 189 166 183 187 179 196 142 7 0 57 186 187 194 171 168 166 163 186 193 217 182 196 192 199 203 206 189 189 180 201 202 207 191 123 0 14 196 200 161 195 197 179 177 211 190 207 218 207 214 214 211 207 204 207 200 189 218 200 207 232 105 0 45 168 194 211 193 184 210 203 204 207 186 184 202 188 184 197 187 161 171 186 204 169 189 193 210 26 2 165 206 200 210 189 177 177 173 186 196 189 186 196 196 176 186 199 192 209 220 211 206 217 195 75 0
0 128 158 116 98 89 84 88 119 139 122 103 109 102 80 66 95 110 97 87 113 133 137 152 130 5 0 16 138 94 94 105 130 145 154 139 136 130 160 160 184 181 187 198 177 166 151 163 168 157 163 110 1 0 38 136 164 168 133 142 116 84 117 125 135 102 87 97 132 90 118 100 104 84 100 100 87 87 80 0 0 77 90 89 105 103 87 87 106 85 83 83 83 83 78 83 84 82 84 82 84 104 89 94 147 60 0 23 108 140 137 131 85 89 79 94 113 109 129 168 170 163 166 154 145 142 127 131 131 154 166 130 14 0 73 76 91 115 97 102 87 90 79 89 119 92 82 90 95 100 97 85 74 80 82 81 87 77 17 0
0 46 39 18 3 4 4 0 12 23 14 2 3 1 0 0 0 22 1 0 0 27 27 34 56 0 0 0 28 0 0 4 18 37 43 23 18 28 55 55 85 89 94 100 74 65 55 63 55 42 47 39 0 0 2 31 61 65 46 65 33 0 19 21 29 3 0 0 38 0 11 8 3 0 0 0 0 0 12 0 0 0 0 0 0 0 0 0 0 0 0 0 0 0 0 0 0 0 0 0 0 2 0 0 31 5 0 0 21 34 20 33 3 0 0 0 2 1 21 59 55 50 48 44 47 41 24 19 36 33 58 13 0 0 1 0 0 8 0 5 0 0 0 0 19 0 0 0 0 0 0 0 0 0 0 0 0 0 0 0

