0 0 12 68 55 1 0 16 35 32 43 39 28 16 0 0 6 9 13 5 8 16 4 4 28 0 0 0 43 65 82 110 111 106 67 88 137 174 181 181 110 47 31 16 9 2 0 0 0 1 6 17 4 0 51 47 57 176 124 11 3 6 12 73 40 23 24 18 1 1 5 0 0 2 0 0 1 2 6 0 0 6 3 3 1 4 0 0 30 21 5 0 1 12 35 46 6 18 31 40 56 75 90 105 112 73 0 7 43 60 154 176 165 154 164 165 116 43 1 0 1 3 2 0 0 0 0 1 0 5 36 21 0 0 14 67 76 58 22 26 61 79 74 65 66 75 87 110 102 95 100 68 22 47 72 82 80 62 20 0
0 101 180 189 206 196 196 195 196 186 195 185 189 196 182 198 194 194 191 191 196 196 186 179 169 53 0 3 172 216 180 169 163 194 179 187 171 174 181 180 207 170 170 185 198 176 190 203 201 205 199 153 28 0 108 183 182 186 200 195 195 192 180 176 173 167 192 198 173 196 208 198 197 183 171 186 192 211 185 16 0 146 211 203 199 177 183 213 190 194 184 189 198 194 190 177 180 199 202 195 191 186 182 183 186 123 0 59 201 176 197 172 177 158 158 180 189 179 190 209 184 198 196 185 182 172 165 178 180 189 195 100 15 0 36 176 188 195 181 178 188 188 191 188 179 186 183 193 176 179 203 179 173 184 193 196 176 160 84 0
1 127 202 151 164 186 196 183 191 184 184 164 171 177 162 183 183 177 164 183 194 180 187 177 160 110 0 6 187 178 170 173 151 191 193 199 167 171 194 189 178 188 170 173 183 161 182 182 174 184 202 203 51 0 131 184 194 167 177 194 180 180 186 176 152 162 187 187 164 186 190 174 182 188 182 183 174 197 199 3 0 157 206 188 191 166 170 182 190 190 177 180 187 183 180 165 164 183 183 183 187 188 186 179 171 82 0 60 206 187 171 199 176 183 186 184 183 190 184 166 164 190 191 184 181 162 149 164 168 183 179 145 78 0 57 177 186 190 190 183 176 183 190 180 175 188 182 185 166 166 195 175 175 177 167 177 167 167 98 0
43 127 183 168 193 175 179 201 179 187 183 163 183 183 157 183 186 167 155 187 194 183 197 179 163 84 0 0 186 191 197 164 164 182 180 186 158 170 196 186 190 193 151 157 193 174 197 187 205 191 184 196 74 19 173 189 190 204 190 180 201 204 180 166 158 170 190 187 155 190 193 183 168 193 187 186 180 193 210 7 0 152 183 173 194 182 186 189 180 183 177 182 189 187 183 163 176 197 187 187 190 186 188 171 160 49 0 72 190 186 166 197 184 197 199 181 178 199 196 160 157 187 190 187 187 167 151 164 200 179 160 174 86 0 114 200 197 183 173 164 170 197 200 183 160 182 186 189 173 169 196 176 167 197 192 198 172 155 97 0
15 121 207 168 187 181 193 197 195 205 186 156 182 189 163 196 197 167 160 196 199 189 203 183 169 33 0 0 176 205 208 178 161 196 206 214 163 161 189 189 199 192 160 182 214 166 184 191 180 193 203 207 89 32 183 193 187 187 191 203 192 182 190 183 158 177 192 193 160 188 174 166 171 196 190 192 202 200 199 0 0 143 206 208 200 169 180 200 206 206 189 183 186 192 197 180 177 197 180 182 192 192 190 164 157 41 0 64 197 199 202 190 171 167 180 191 189 196 196 176 175 193 200 196 193 182 176 189 189 207 172 176 55 0 84 173 189 195 199 179 172 192 195 189 169 192 192 185 169 172 199 185 166 196 193 190 168 160 95 0
0 110 224 167 192 190 199 210 189 206 189 160 190 193 161 194 200 160 163 195 198 198 202 181 167 16 0 0 186 209 205 172 170 194 190 200 168 167 193 196 195 185 162 178 200 166 193 214 193 195 184 178 89 47 179 189 190 216 191 182 203 204 190 173 151 176 200 213 171 195 166 150 158 188 203 195 189 183 202 11 0 153 198 195 203 177 172 193 188 195 185 185 195 198 189 163 191 207 185 186 196 192 187 154 167 76 0 67 203 197 206 193 167 151 169 199 200 193 194 190 186 190 197 197 193 193 193 196 184 226 187 176 42 0 86 211 199 199 189 162 172 206 202 195 170 200 203 200 183 176 196 179 174 187 196 189 171 189 112 0
0 118 217 152 208 214 199 203 194 211 188 155 190 197 164 208 196 154 163 193 200 207 204 186 175 37 0 0 203 206 210 180 162 194 199 214 170 161 186 202 204 193 170 176 212 198 208 191 203 200 177 161 87 50 177 199 192 199 202 211 197 180 188 177 152 176 190 207 170 196 168 155 158 163 192 199 210 211 202 0 9 169 200 190 214 192 169 199 207 207 186 187 197 204 196 168 182 203 180 187 204 204 197 157 177 80 0 37 204 215 180 173 165 152 171 200 199 200 207 203 192 189 199 203 201 204 204 201 201 194 190 189 35 1 113 202 193 207 207 173 176 204 197 197 167 197 197 194 180 183 208 190 181 186 207 184 154 204 152 7
0 119 217 168 204 209 198 200 193 222 197 160 200 200 160 204 193 173 180 200 207 214 211 190 173 88 0 0 194 212 200 201 167 200 218 207 164 170 193 211 214 193 160 186 218 180 204 207 208 206 182 169 87 51 177 183 197 211 207 204 214 200 176 173 148 173 200 214 164 207 180 176 180 188 187 207 207 208 219 0 7 164 214 210 203 201 169 198 214 207 186 180 211 207 200 167 197 204 180 190 204 218 190 167 190 80 0 62 237 207 203 166 154 164 160 207 211 211 204 190 207 190 214 200 218 204 214 200 210 201 210 197 35 0 139 211 204 207 214 173 186 204 207 200 173 197 200 214 173 193 214 197 186 182 221 174 163 194 157 10
0 121 224 171 208 212 201 200 204 222 204 164 200 207 160 207 214 193 200 214 211 214 214 200 154 53 0 0 190 208 218 208 167 197 214 211 180 193 207 218 218 197 164 186 222 186 207 211 212 210 186 172 89 53 180 183 207 218 211 222 211 180 173 176 148 183 214 218 157 207 200 207 201 205 200 211 215 222 206 3 34 173 210 217 210 208 179 198 222 211 190 180 211 211 204 170 204 211 186 190 207 218 180 167 197 73 0 73 237 214 221 170 148 176 193 225 214 214 204 207 204 193 214 207 211 211 218 211 217 215 216 190 26 0 136 211 204 204 214 176 186 211 211 207 176 200 207 214 176 190 218 200 173 196 214 158 160 191 138 0
0 124 232 171 215 216 208 197 218 218 218 170 200 214 160 211 225 214 222 225 214 214 222 214 186 85 0 4 204 208 210 198 170 200 218 218 197 218 222 218 222 204 167 186 225 193 211 218 219 213 189 175 97 53 183 183 204 211 207 229 200 160 183 186 148 186 222 222 157 214 218 229 226 226 218 210 215 222 159 0 54 173 214 225 214 208 186 200 225 218 193 180 214 218 207 173 214 218 197 193 214 222 164 164 218 73 0 89 237 217 221 163 157 193 214 218 211 214 204 222 193 197 214 214 190 218 222 218 210 204 191 155 12 0 133 208 204 200 218 180 190 214 218 211 176 207 214 218 180 190 222 204 180 214 212 167 161 184 135 0
0 127 239 171 218 220 212 190 218 218 233 180 200 214 160 218 222 218 222 225 218 218 222 218 160 98 0 0 211 227 218 219 176 204 225 222 200 225 222 214 225 211 167 183 229 200 218 218 223 221 196 178 102 53 187 179 204 222 214 233 190 157 204 204 145 183 218 222 160 225 222 218 215 216 214 214 229 237 132 0 35 162 217 221 216 205 182 211 229 225 197 183 222 222 211 173 222 225 204 197 222 222 154 164 226 66 0 97 248 217 205 173 170 204 229 225 222 207 160 148 190 197 214 211 170 218 218 218 225 204 175 134 8 0 139 219 204 197 222 183 190 222 225 214 176 214 218 222 186 186 225 207 186 212 220 197 171 187 170 10
0 127 243 168 222 223 216 183 211 218 240 186 204 214 157 225 225 218 222 225 225 229 225 214 173 85 0 0 215 234 221 219 180 204 233 225 197 222 214 218 229 218 170 180 229 207 222 222 227 224 199 182 107 51 187 173 204 229 215 218 170 154 211 197 145 183 225 229 164 225 222 211 233 226 218 220 233 241 105 0 16 159 221 203 223 208 176 214 225 229 200 183 225 229 211 176 218 229 207 200 222 225 160 160 199 47 0 89 255 225 202 207 204 222 237 225 233 211 173 157 204 197 218 207 157 211 218 218 233 213 178 131 3 0 130 223 207 193 229 190 190 229 229 214 173 218 225 225 197 186 229 211 183 201 227 226 177 201 190 14
0 127 251 168 226 227 219 180 204 226 233 187 215 211 157 226 229 229 226 226 229 233 226 211 170 32 0 5 200 230 229 215 177 197 229 226 194 215 215 229 229 222 170 177 229 211 226 226 230 228 203 185 116 51 190 170 200 229 222 204 176 183 225 200 151 190 240 240 160 215 226 233 225 208 189 212 230 245 97 0 16 166 221 186 227 223 179 214 226 229 197 180 226 229 215 177 215 233 200 204 225 229 180 164 192 39 0 80 244 229 209 232 237 233 233 222 218 200 225 237 225 200 225 200 157 207 225 221 222 216 197 149 2 0 114 234 211 190 233 197 193 233 237 218 170 218 226 226 207 187 233 207 180 208 238 224 177 215 163 0
0 130 255 168 233 235 223 176 204 237 218 183 229 218 164 233 237 237 233 229 233 237 229 218 189 21 0 22 215 242 240 230 180 194 233 233 204 222 215 241 237 233 173 177 237 222 233 229 234 236 210 192 121 51 194 166 211 241 241 226 215 233 252 222 151 186 237 244 164 218 233 245 237 211 179 220 230 228 82 0 21 159 225 186 223 223 184 214 233 237 200 177 229 237 222 187 211 241 200 211 229 233 207 170 206 39 0 70 211 232 227 236 229 229 233 240 211 167 222 237 240 193 229 189 160 200 232 221 233 230 226 184 9 0 106 238 211 183 237 200 193 240 244 225 170 222 229 233 222 194 241 211 187 219 237 217 191 233 133 0
0 133 255 168 237 238 230 176 211 245 207 180 241 226 170 233 229 237 233 226 229 233 233 229 173 27 0 27 215 246 229 241 190 197 233 241 211 226 215 241 241 237 177 180 241 226 241 237 238 239 213 195 127 53 197 166 215 233 241 233 233 248 240 207 151 173 222 244 170 229 233 233 242 211 179 238 249 240 85 0 21 150 232 200 219 212 187 214 241 245 200 173 229 241 229 197 211 245 200 215 229 237 225 176 217 39 0 64 187 232 244 236 244 237 237 255 211 151 225 244 248 183 225 176 157 189 229 218 245 242 237 198 14 0 85 209 207 180 237 200 193 244 248 229 170 226 233 237 233 200 248 215 187 216 225 213 215 245 136 0
0 133 255 163 241 240 230 173 212 254 185 205 250 235 159 242 241 248 225 197 225 255 237 222 174 26 0 8 223 253 240 237 193 221 246 248 229 220 232 244 246 238 165 185 227 246 250 242 247 248 195 218 127 53 199 165 222 248 229 237 241 211 248 211 151 173 200 242 171 220 248 248 237 234 213 241 248 249 92 0 13 152 243 191 208 239 183 227 248 242 210 179 236 240 246 222 207 251 200 200 232 255 196 221 219 45 0 64 190 249 231 253 242 246 246 216 225 151 186 255 251 196 221 225 173 154 170 189 248 255 223 161 8 0 90 211 214 166 255 193 191 254 254 223 176 229 246 244 233 188 251 221 193 230 255 192 183 218 161 0
0 133 255 166 245 244 234 173 220 255 188 202 250 246 165 246 255 233 180 167 225 255 245 233 164 35 0 5 216 255 255 245 189 225 250 252 237 220 225 244 254 231 168 195 242 250 238 246 240 237 182 207 124 55 206 171 215 252 252 248 252 233 255 215 154 173 196 238 181 238 255 251 252 250 239 253 251 255 92 0 11 156 247 191 205 235 180 223 248 242 210 183 244 248 254 225 225 255 203 207 244 251 189 240 249 82 0 60 180 214 255 238 254 242 220 216 232 163 186 255 248 193 240 255 193 160 154 160 241 254 249 215 19 0 121 229 218 166 251 200 202 255 254 238 179 232 246 244 233 191 255 236 193 224 255 192 160 147 82 0
0 139 255 166 249 248 238 176 223 255 191 195 250 255 171 250 255 231 151 148 225 255 254 240 187 51 0 5 219 255 252 230 186 232 255 255 252 227 218 251 255 227 175 209 255 255 223 254 255 252 175 204 121 55 199 165 223 255 255 227 235 242 255 231 166 200 229 254 190 246 255 251 255 254 254 255 255 255 92 0 14 162 255 192 201 235 177 215 255 254 214 186 251 255 250 218 218 255 200 203 251 240 163 179 187 65 0 97 234 196 255 244 255 246 212 235 251 179 176 251 255 186 232 255 183 154 163 173 225 255 255 255 25 0 135 218 218 166 248 203 205 250 235 231 176 236 254 248 237 191 255 236 193 224 255 229 191 145 85 2
0 142 255 166 253 255 242 176 227 255 191 185 250 255 171 250 255 246 157 148 225 255 255 240 197 45 0 7 242 255 255 249 186 236 255 255 255 231 218 255 255 231 185 216 255 255 216 255 255 248 162 200 127 59 203 168 235 255 255 202 216 254 255 235 151 207 254 255 204 248 255 255 252 242 254 253 255 255 92 0 9 151 249 182 191 243 187 219 255 254 214 186 255 255 250 211 220 255 209 205 255 255 188 146 131 36 0 105 255 252 255 255 250 255 231 250 255 183 163 236 255 181 236 255 179 151 160 176 225 255 255 255 20 0 144 234 207 166 248 207 205 255 227 223 166 236 255 255 240 185 255 218 197 230 255 255 237 192 154 33
0 148 255 166 255 255 246 180 231 255 195 175 246 255 171 254 255 255 176 148 210 255 255 237 212 47 0 11 249 255 255 255 200 244 255 255 255 231 214 255 255 246 195 220 255 255 212 255 255 252 153 200 127 59 196 158 238 255 255 205 227 255 255 231 142 207 255 255 218 255 255 255 252 238 251 253 255 255 92 0 13 158 255 185 194 255 197 219 255 246 203 183 255 255 255 218 231 255 202 202 254 255 254 195 148 45 0 38 248 255 252 248 254 255 227 223 244 176 166 236 255 178 235 255 179 151 160 176 240 255 253 233 6 0 130 231 200 170 248 207 205 255 255 246 163 244 255 255 244 188 255 225 199 242 255 255 255 243 226 31
0 154 255 170 255 255 249 180 231 255 195 175 250 255 168 255 255 255 196 145 193 255 255 240 249 64 0 16 238 255 255 255 221 251 255 255 255 235 210 255 255 255 191 220 255 255 209 255 255 255 147 200 127 57 185 146 238 255 255 209 238 255 255 235 154 218 255 255 248 255 255 255 255 255 255 255 255 255 95 0 8 155 255 189 194 255 204 223 255 250 207 183 255 255 255 218 227 246 195 209 254 255 255 250 253 121 0 51 255 255 255 255 255 255 212 181 229 166 173 244 255 175 231 255 186 163 157 163 229 255 255 233 15 0 130 242 203 170 244 203 191 255 255 255 166 251 255 255 248 195 255 248 197 238 255 255 255 255 233 6
0 157 255 170 255 255 249 180 235 255 198 175 255 255 168 255 255 255 236 163 182 255 255 255 255 53 0 14 238 255 255 255 229 248 255 255 255 238 214 255 255 255 185 231 255 238 202 255 255 255 141 204 133 66 203 165 227 255 255 227 253 255 255 242 160 221 255 255 255 255 255 255 255 255 255 255 255 255 95 0 0 123 255 179 181 255 207 228 255 255 218 189 255 255 255 218 231 255 212 220 255 255 255 255 255 163 0 102 255 235 255 255 255 255 227 178 244 151 173 255 255 178 242 255 238 214 176 160 173 214 255 211 10 0 128 242 210 163 240 214 188 255 255 255 166 255 255 255 252 198 255 255 204 238 255 255 255 255 173 0
0 157 255 170 255 255 253 183 238 255 202 178 255 255 168 255 255 255 255 192 182 255 255 255 255 33 0 11 246 255 255 255 229 236 255 255 255 246 225 255 255 255 178 238 255 223 198 255 255 255 150 214 142 72 210 174 208 255 255 255 255 255 255 246 166 231 255 255 243 255 233 255 255 255 255 255 255 253 95 0 0 131 255 192 181 255 200 224 255 255 225 196 255 255 255 233 229 255 218 200 255 255 255 255 255 162 0 117 255 252 255 255 255 255 255 205 255 142 163 255 255 181 231 255 255 255 255 251 203 221 255 211 6 0 139 255 210 154 244 236 202 255 255 255 160 255 255 255 255 195 255 244 210 238 255 255 255 255 147 0
0 157 255 173 255 255 253 183 242 255 205 174 255 255 162 255 255 255 255 250 201 254 255 255 255 83 0 11 242 255 255 255 224 210 255 255 255 242 216 255 255 255 188 242 255 242 212 255 255 255 158 208 160 59 218 173 221 255 255 255 255 234 255 239 173 247 255 250 219 253 157 173 209 254 255 255 255 255 146 0 0 152 255 182 171 253 207 236 255 255 231 181 255 255 255 223 234 255 205 219 255 255 255 255 255 176 0 111 255 255 255 255 255 255 255 255 232 160 165 250 255 181 254 255 255 255 227 255 255 255 255 246 22 0 134 255 214 154 210 234 198 255 255 255 168 255 255 255 255 182 255 238 198 255 255 255 255 255 156 0
0 166 255 179 255 255 255 186 254 255 205 174 255 255 165 255 255 255 255 255 223 246 255 255 255 104 0 26 253 255 255 255 221 206 255 255 255 246 223 255 255 249 188 249 255 223 208 255 255 255 143 208 128 31 221 166 217 255 255 255 230 191 255 254 173 239 255 255 216 255 173 147 147 183 255 255 242 255 155 0 5 167 255 176 168 253 214 235 255 255 231 191 255 255 255 209 208 255 219 223 255 255 255 255 255 173 0 116 255 255 255 255 255 255 255 255 251 145 171 255 255 188 246 255 246 212 255 255 255 255 255 198 3 0 137 255 210 157 240 234 195 255 255 255 168 255 255 255 255 169 255 255 198 255 255 255 255 255 143 0
0 176 255 176 255 255 255 193 255 255 201 184 255 255 171 255 255 255 255 255 223 227 255 255 255 82 0 21 241 255 255 255 221 199 255 255 255 250 230 255 255 238 181 255 255 238 216 255 255 255 137 226 124 26 225 164 224 255 255 255 187 171 255 255 189 239 255 255 209 255 236 186 146 172 255 255 194 171 133 0 26 189 255 172 168 249 218 231 255 255 231 195 255 255 255 212 181 255 238 216 255 255 255 255 255 137 0 95 255 255 255 255 255 255 254 249 255 136 178 255 255 181 238 255 188 161 255 255 255 255 255 171 0 0 134 255 210 160 255 238 195 255 255 255 168 255 255 255 255 169 228 255 227 255 255 255 255 255 143 0
0 180 255 173 255 255 255 196 255 255 201 198 255 255 174 255 255 255 255 255 231 234 255 255 255 84 0 25 247 255 255 255 224 196 255 255 255 250 234 255 255 242 188 255 255 242 219 255 255 255 146 231 112 37 233 171 228 255 255 255 171 177 255 255 206 246 255 255 212 255 255 255 140 167 255 255 194 146 123 0 37 195 255 169 168 249 233 243 255 255 238 191 255 255 255 242 161 255 255 255 255 255 255 255 255 114 0 75 255 255 255 255 255 255 238 203 255 142 176 255 255 189 255 243 154 157 214 255 255 255 255 165 0 0 128 255 214 160 255 255 223 255 255 255 171 255 255 255 255 196 214 255 238 255 255 255 255 255 149 0
0 166 255 173 255 255 255 196 255 255 201 216 255 255 174 255 255 255 255 255 255 255 255 255 255 121 0 45 255 255 255 255 232 196 255 255 255 242 234 255 255 255 201 255 255 212 219 255 255 255 160 220 53 39 255 187 224 255 255 255 158 181 255 255 203 246 255 255 227 255 255 255 221 248 255 255 255 204 128 0 42 195 255 169 168 255 255 255 255 255 242 184 255 255 255 246 194 238 249 255 255 255 255 255 255 112 0 59 255 255 255 255 255 255 255 179 255 148 163 255 255 189 255 214 144 166 166 214 255 255 255 174 0 0 131 255 218 160 248 255 255 255 255 255 171 255 255 255 246 217 224 250 227 255 255 255 255 255 185 0
0 141 255 179 255 255 255 193 255 255 201 231 255 255 174 255 255 255 255 255 255 255 255 255 255 165 0 59 251 255 255 255 236 192 255 255 255 234 230 255 255 255 205 255 255 223 219 255 255 223 193 234 14 35 255 190 224 255 255 255 146 177 255 255 201 246 255 255 231 255 255 255 255 255 255 255 255 237 125 0 49 196 255 170 171 255 255 255 255 255 250 188 255 255 255 227 238 223 242 255 255 255 255 255 255 111 0 43 208 242 255 255 255 255 255 182 241 148 163 255 255 181 255 253 194 219 227 212 255 255 255 216 12 2 146 255 218 163 244 255 255 255 255 255 168 255 255 255 216 221 236 254 255 255 255 255 255 255 247 9
0 116 255 176 255 255 255 207 255 255 198 238 255 255 171 255 255 255 255 255 255 255 255 255 255 240 0 59 225 255 255 255 239 189 255 255 255 223 230 255 255 255 201 255 255 253 219 255 255 226 200 250 11 40 255 187 228 255 255 253 155 187 255 255 212 246 255 255 227 255 255 255 255 255 246 255 255 200 120 0 53 198 255 170 174 255 255 255 255 255 255 191 255 255 255 212 230 216 255 255 255 255 255 255 255 98 0 41 204 254 255 255 255 255 249 189 226 142 176 255 255 184 255 255 255 255 255 255 255 255 255 254 21 0 158 255 218 163 255 255 255 255 255 255 168 255 255 255 216 224 228 254 255 255 255 255 255 255 247 11
5 105 255 169 255 255 255 225 255 255 195 242 255 255 171 255 255 255 246 255 255 255 255 255 255 255 0 50 207 255 255 255 236 189 255 255 255 219 230 255 255 255 201 255 255 238 212 255 255 249 176 231 19 46 255 194 224 255 255 234 164 205 255 255 216 242 255 255 223 255 255 255 245 190 211 255 233 161 117 0 53 194 255 173 174 243 255 255 255 255 255 198 250 255 255 219 219 212 255 246 234 255 255 255 255 71 0 45 191 237 255 255 255 255 205 191 226 142 193 255 255 181 255 255 255 255 255 255 255 255 255 246 11 0 158 255 214 163 255 249 246 255 255 255 168 255 250 255 242 232 214 246 255 226 255 255 255 255 185 0
0 77 255 174 255 255 255 214 255 255 205 219 255 255 168 255 255 255 235 255 255 255 255 255 255 255 0 30 221 255 255 255 239 201 255 255 255 227 234 255 255 255 208 255 255 249 222 255 255 214 180 242 12 35 255 184 219 255 255 224 157 216 255 255 214 221 255 255 209 255 255 234 154 164 255 255 212 164 117 0 53 191 255 170 167 249 235 255 255 255 255 199 251 255 255 223 228 208 255 231 137 255 255 206 255 93 0 43 164 255 255 255 255 255 166 192 255 139 176 255 255 201 255 255 255 255 255 255 255 255 255 171 6 0 142 255 221 163 244 249 227 255 255 255 176 239 234 255 238 219 224 255 255 164 215 255 204 255 169 0
0 82 255 164 255 255 255 225 255 255 205 223 255 255 188 255 255 255 255 255 255 255 255 255 255 255 8 53 228 255 255 255 247 205 255 255 255 223 227 255 255 255 201 255 255 249 222 255 255 204 184 223 14 41 255 181 219 255 255 221 160 223 255 255 214 217 255 255 223 255 255 255 193 211 255 255 208 149 117 0 45 184 255 176 180 253 224 255 255 255 255 196 239 255 255 227 232 205 255 255 195 255 249 160 255 181 0 31 174 241 255 255 255 243 151 210 255 142 176 255 255 209 255 255 255 255 255 255 255 255 255 181 1 0 108 255 221 160 240 238 227 255 255 255 173 243 249 255 227 208 214 255 255 194 227 255 170 245 228 0
0 82 255 161 255 255 255 229 255 255 201 231 255 255 216 255 255 255 255 217 199 184 198 242 255 178 0 82 220 255 255 255 255 205 255 255 255 216 216 255 255 255 194 255 255 245 219 255 255 176 191 220 19 29 255 184 223 255 255 189 154 208 255 255 206 217 255 255 234 255 255 255 255 219 192 255 234 152 119 0 53 198 255 173 183 253 217 255 255 255 255 186 224 255 255 216 228 201 255 255 255 255 223 176 255 212 0 28 184 230 255 255 255 201 158 230 255 142 186 255 255 205 255 255 255 255 255 223 255 255 255 254 19 0 50 255 221 160 240 227 227 255 255 255 169 239 253 255 223 216 221 255 255 255 255 255 154 222 255 0
0 77 255 171 255 255 255 218 255 255 198 234 255 255 238 255 255 255 224 146 146 149 157 210 255 146 0 77 209 255 255 255 255 205 255 255 255 216 205 255 255 253 187 255 255 245 219 255 255 151 187 223 24 11 224 187 254 255 255 176 166 201 255 255 192 217 255 255 227 255 255 255 255 233 154 255 249 169 133 0 51 194 255 167 187 255 220 255 234 255 255 192 221 255 255 198 228 198 255 255 255 255 201 247 254 142 0 35 181 230 255 255 255 246 238 255 255 157 196 255 255 205 255 255 255 255 255 188 255 255 255 253 24 0 65 255 221 163 248 227 227 255 254 255 176 239 255 255 227 230 224 255 255 255 255 245 204 230 216 0
0 71 255 194 255 255 255 203 255 255 198 234 255 255 242 255 255 255 232 140 158 164 161 205 255 255 35 77 217 255 244 255 255 201 255 255 255 216 201 255 255 253 184 255 255 245 215 255 255 148 177 212 24 3 205 184 255 255 255 186 199 191 255 255 189 221 255 255 216 255 255 223 255 255 224 255 219 169 136 0 47 194 255 170 190 255 217 255 212 255 255 203 221 255 255 198 236 194 255 255 255 255 181 255 255 120 0 35 177 226 255 255 255 255 255 255 255 166 173 253 255 212 255 255 255 255 255 201 248 255 255 215 11 0 136 255 221 163 248 227 223 255 234 255 182 239 255 255 216 223 214 251 255 255 255 215 255 255 168 0
0 82 255 204 255 255 255 196 255 255 198 234 255 255 238 255 255 255 246 145 165 158 152 181 255 255 42 82 209 255 225 255 255 201 255 255 255 219 198 255 255 253 187 255 255 245 219 255 255 167 167 191 20 11 216 187 238 255 255 221 224 184 255 255 189 224 255 255 216 255 255 155 231 255 255 255 212 150 105 0 51 198 255 173 187 255 247 255 212 255 255 199 210 255 255 216 243 184 255 255 255 255 208 255 255 181 0 26 174 212 255 255 255 255 255 255 255 173 152 205 255 216 255 255 255 255 255 238 255 255 255 238 14 0 154 255 221 160 240 242 230 255 231 255 176 224 255 255 212 219 206 255 255 255 255 198 255 255 192 0
0 119 255 201 255 255 255 196 255 255 201 234 255 255 231 255 255 255 242 148 176 162 155 168 255 255 38 113 224 255 250 255 255 205 255 255 255 223 198 255 255 255 194 255 255 245 219 255 255 197 171 191 19 11 231 222 255 255 255 255 221 178 255 255 179 228 255 255 223 255 255 174 217 255 255 255 230 153 75 0 45 187 255 167 180 255 255 255 212 255 255 192 196 255 255 255 247 184 255 255 212 255 255 255 255 231 0 21 167 208 255 255 255 255 239 255 255 189 177 212 255 212 255 255 255 255 255 255 255 255 255 241 14 0 151 255 221 160 244 255 255 255 234 255 182 210 255 255 227 242 214 251 255 241 255 226 255 255 199 0
0 160 255 194 255 255 255 193 255 255 205 234 255 255 223 255 255 255 240 163 200 174 158 145 255 255 42 105 216 255 238 255 255 205 255 255 255 223 194 255 255 255 198 255 255 245 219 255 255 222 177 212 19 5 231 255 255 255 255 255 186 158 255 255 166 228 255 255 231 255 255 242 213 255 255 255 227 172 73 0 43 187 255 173 174 255 255 255 219 255 255 196 199 255 255 255 251 184 255 255 165 250 255 255 255 216 0 25 161 216 255 255 255 255 255 255 255 189 201 215 246 212 255 255 255 255 255 255 255 255 255 223 12 0 160 255 217 157 248 255 255 255 234 255 210 214 249 255 250 255 214 236 255 207 253 255 255 255 159 0
0 183 255 227 255 255 255 201 255 255 209 223 255 255 234 255 255 255 247 168 222 154 147 198 255 212 33 85 219 255 237 255 255 205 255 255 255 223 198 255 255 255 209 255 255 238 219 255 255 255 170 213 18 9 218 255 255 255 255 255 143 174 255 255 168 232 255 255 227 255 255 255 176 255 255 255 255 255 80 0 44 195 255 179 187 255 211 255 212 255 255 188 198 255 255 255 236 189 255 255 184 255 255 255 255 224 0 21 171 203 255 255 255 227 255 255 255 194 174 249 255 231 255 255 255 255 255 255 255 255 255 236 12 0 155 255 208 168 242 253 255 255 238 255 210 221 253 255 255 255 184 223 255 188 214 255 255 255 148 0
0 183 255 216 255 255 255 183 255 255 205 208 255 255 223 255 255 255 255 169 217 189 223 255 255 78 17 50 207 255 226 255 255 205 255 255 255 223 198 255 255 255 212 255 255 242 216 255 255 255 174 224 24 9 218 255 255 255 255 255 198 184 255 255 171 243 255 255 219 255 255 178 136 215 255 255 255 255 120 0 42 188 255 196 191 255 211 255 216 255 255 188 201 255 255 255 251 189 255 255 219 255 255 255 255 227 0 21 155 219 255 255 255 205 255 255 255 191 181 255 255 238 255 255 255 255 255 255 255 255 255 255 20 0 152 255 223 165 238 234 238 254 234 255 206 217 255 255 255 255 194 230 255 201 229 255 255 255 151 0
45 226 255 235 255 255 255 163 255 255 201 198 255 255 223 255 255 255 253 184 253 255 255 255 255 39 20 27 233 255 224 255 255 205 255 255 255 223 198 255 255 255 216 255 255 246 212 255 255 255 177 235 24 0 199 255 255 255 255 255 255 184 255 255 189 243 255 255 212 255 255 188 160 184 255 255 255 255 156 0 44 188 255 206 187 255 218 255 212 255 255 198 209 255 255 255 255 192 255 255 255 255 255 255 255 236 19 66 149 218 255 255 255 219 255 255 255 178 174 255 255 255 255 255 255 255 255 242 255 255 255 214 3 0 146 255 242 165 249 227 230 255 231 255 210 216 255 255 255 255 198 236 255 223 248 255 255 255 154 0
58 224 255 251 255 255 255 167 255 255 205 201 255 255 246 255 255 255 255 201 255 255 255 255 255 42 8 3 249 255 225 255 255 205 255 255 255 223 198 255 255 255 219 246 255 246 212 255 255 255 197 251 23 0 175 255 255 255 255 255 255 171 255 255 210 238 255 255 231 255 255 255 255 216 255 255 255 255 149 0 44 181 255 228 194 255 214 255 227 255 255 249 246 255 255 255 251 192 255 255 255 255 255 255 255 221 43 146 160 214 255 255 242 234 255 255 255 174 188 255 255 255 255 255 255 255 255 255 255 255 255 183 1 0 133 255 253 165 255 230 238 255 231 255 223 230 255 255 255 255 194 236 255 252 255 255 255 255 157 0
45 216 255 255 255 255 255 173 255 255 212 216 255 255 255 255 255 255 255 198 255 255 255 255 255 44 0 0 230 255 210 255 255 205 255 255 255 219 198 255 255 255 231 238 255 242 216 255 255 255 222 255 26 0 159 255 255 255 255 255 255 168 255 255 214 246 255 255 255 255 255 255 237 194 255 255 255 255 137 0 43 188 255 249 204 255 197 253 212 255 255 255 255 255 255 255 236 196 255 255 255 255 255 255 255 185 39 202 177 212 255 255 238 255 255 255 255 178 198 255 255 255 255 255 255 255 255 255 255 255 255 171 5 0 110 255 255 168 255 227 238 255 231 255 249 255 255 255 255 255 192 230 255 255 255 255 255 255 154 0
0 151 255 255 255 255 255 183 255 255 223 223 255 255 255 255 255 255 254 188 255 255 255 255 255 39 0 1 223 255 196 255 255 208 255 255 255 219 198 255 255 255 238 242 255 238 219 255 255 255 237 255 26 0 140 255 255 255 255 255 255 181 255 255 206 253 255 255 255 255 255 255 222 212 255 255 255 255 96 0 43 202 255 249 197 255 190 249 227 255 255 255 255 255 255 205 228 192 255 255 255 255 255 255 255 187 43 245 197 199 255 255 255 255 255 255 255 181 198 255 255 255 255 246 255 255 255 255 255 255 255 188 14 0 88 255 255 171 255 216 230 255 234 255 255 255 255 255 255 255 196 226 255 255 255 255 255 255 154 0
0 157 255 255 255 255 255 193 255 255 227 219 255 255 255 255 255 255 253 184 255 255 255 255 255 35 0 10 226 255 206 255 255 208 255 255 255 219 198 255 255 255 250 254 255 234 223 255 255 249 255 255 23 0 126 255 255 250 255 255 249 201 255 255 201 249 255 255 255 255 255 255 221 226 255 255 255 255 101 0 30 202 255 253 194 255 190 255 216 255 255 255 255 255 255 250 236 192 255 255 255 255 255 255 255 208 43 226 208 193 255 255 255 255 255 255 255 191 205 255 255 216 255 198 205 234 253 255 255 255 255 247 25 0 86 255 255 178 255 216 230 254 242 255 255 255 255 255 254 249 208 233 255 255 255 255 255 255 154 0
0 173 255 255 255 255 255 205 255 255 227 212 255 255 255 255 255 255 255 192 224 255 255 255 255 50 0 13 233 255 215 255 255 208 255 255 255 219 198 255 255 255 254 255 255 230 223 255 255 255 255 255 23 0 123 255 255 223 255 255 234 212 255 255 205 246 255 255 242 255 255 255 207 204 219 225 253 255 110 0 9 185 255 255 215 255 190 255 223 255 255 255 255 255 255 255 247 189 255 255 255 255 255 255 255 212 18 161 204 206 255 255 255 255 209 255 255 188 198 255 255 210 255 176 136 144 179 255 255 255 255 243 9 0 93 255 255 184 255 223 238 254 250 255 255 255 255 255 198 214 215 241 255 255 255 255 255 255 154 0
15 200 255 255 255 255 255 221 255 255 223 227 255 255 255 255 255 255 255 181 227 255 255 255 254 41 0 33 223 255 204 255 255 208 255 255 255 212 208 255 255 255 246 255 255 238 216 255 255 229 255 255 22 0 127 255 255 198 255 255 250 209 255 255 195 255 255 255 255 255 255 255 176 173 201 145 126 255 139 0 8 182 255 255 221 255 230 255 212 255 255 255 255 255 255 255 253 184 255 255 255 255 255 255 255 176 0 167 186 201 255 255 255 255 155 235 255 205 206 255 255 217 255 228 184 146 168 241 255 246 198 166 0 0 83 255 255 201 255 227 234 255 231 255 255 255 255 255 238 255 198 255 255 255 255 255 255 255 189 0
19 200 255 255 255 255 255 229 255 255 223 216 255 255 255 255 255 255 255 201 253 255 255 255 255 41 0 29 226 255 191 237 255 208 255 255 255 216 201 255 255 255 238 254 255 238 212 255 255 200 238 227 27 0 92 180 255 195 255 255 255 212 255 255 209 255 255 246 250 255 255 255 157 156 144 145 158 255 151 0 9 192 255 255 252 255 218 255 227 255 255 255 246 255 255 255 246 178 255 255 255 255 255 255 255 180 0 177 225 204 255 255 255 237 158 235 255 208 203 255 255 205 255 255 255 154 151 251 255 198 153 139 0 0 86 255 255 212 255 227 234 255 231 255 255 255 255 255 255 255 208 255 255 255 255 255 255 255 228 0
0 182 255 255 255 255 255 221 255 255 219 201 255 255 216 255 255 255 255 255 255 255 255 255 255 41 0 29 223 255 167 248 255 212 255 255 255 219 198 255 255 255 227 242 255 242 212 255 255 179 162 152 19 0 98 171 234 198 255 255 255 205 255 255 212 255 255 242 250 255 255 255 219 204 178 190 214 255 148 0 8 192 255 255 255 255 237 255 223 255 255 255 238 255 255 255 253 184 255 255 255 255 255 255 255 186 0 82 214 197 255 255 255 208 161 231 255 212 199 255 255 212 255 255 255 188 174 246 255 235 188 149 7 0 93 255 255 234 255 219 234 255 231 255 255 255 255 255 255 255 216 253 255 255 255 255 255 255 210 0
0 169 255 255 255 255 255 210 255 255 212 195 255 255 198 255 255 255 255 255 255 255 255 255 255 75 0 30 233 255 158 255 255 212 255 255 255 227 194 255 255 255 219 238 255 246 212 255 255 189 147 128 19 0 105 177 246 209 255 255 255 191 255 255 212 255 255 242 254 255 255 246 255 255 255 255 255 255 143 0 9 189 255 255 255 255 255 255 212 255 255 255 238 255 255 255 253 184 255 255 255 255 255 255 253 200 0 75 222 204 255 255 255 184 164 227 255 215 196 255 255 205 255 255 255 255 255 255 255 255 255 171 14 0 90 255 255 255 255 216 231 255 234 255 255 255 255 255 255 255 216 253 255 255 255 255 255 253 172 0
12 200 255 255 255 255 255 189 255 255 209 198 255 255 198 255 255 249 181 192 249 255 255 255 255 134 0 15 233 255 167 255 255 208 255 255 255 230 194 255 255 255 219 242 255 246 212 255 255 225 170 122 15 2 130 219 255 209 255 255 255 181 255 255 209 255 255 227 231 255 255 255 255 255 255 255 255 255 146 0 12 192 255 255 244 255 255 255 212 255 255 238 231 255 255 255 242 181 255 255 255 255 255 255 245 190 0 160 214 211 255 255 255 171 164 242 255 222 196 255 255 202 255 255 255 255 255 255 255 255 255 177 26 0 88 255 255 255 255 231 242 255 234 255 255 255 255 255 255 255 212 249 255 255 255 255 255 255 156 0
22 210 255 255 255 255 255 200 255 255 209 205 255 255 201 255 255 234 142 154 239 255 255 255 253 200 0 11 222 255 174 237 255 198 255 255 255 227 198 255 255 255 216 246 255 246 216 255 255 255 198 117 7 8 187 255 255 195 255 255 255 178 255 255 181 242 255 234 216 255 255 255 255 252 216 255 255 255 212 0 11 192 255 255 233 255 255 255 208 255 255 223 231 255 255 255 255 219 255 242 255 255 255 255 255 176 0 180 204 208 255 255 255 168 164 255 255 234 192 255 255 205 255 255 255 255 255 238 255 255 217 178 34 0 88 255 255 255 255 255 255 255 234 255 255 255 255 255 255 255 208 249 255 255 255 255 255 238 147 0
9 189 255 255 255 255 255 214 255 255 201 205 255 255 201 255 255 242 151 147 232 255 255 255 255 218 0 26 222 255 161 230 255 188 255 255 255 216 201 255 255 255 212 246 255 234 219 255 255 255 238 131 6 12 210 255 255 188 255 255 255 171 255 255 165 227 255 246 223 255 255 255 255 248 220 255 255 255 236 0 12 199 255 255 240 255 255 255 216 255 255 223 223 255 255 255 255 255 255 227 246 255 255 254 255 157 0 177 233 208 255 255 255 168 161 255 255 249 199 255 255 209 255 255 255 242 212 181 255 246 157 175 26 0 86 255 255 255 255 255 255 255 231 255 255 254 255 255 255 255 208 253 255 255 255 255 255 205 169 0
27 207 255 255 255 255 253 179 250 255 198 201 255 255 198 255 255 253 157 142 224 255 255 255 233 147 0 26 233 255 150 230 255 181 255 255 238 208 201 255 255 255 209 242 255 230 219 255 255 255 246 128 2 11 214 255 255 188 255 255 242 168 255 255 178 227 255 238 227 255 255 255 246 173 223 255 255 255 223 2 20 217 255 237 244 255 233 255 238 255 255 212 201 255 255 255 255 255 255 205 231 255 255 255 230 107 0 197 236 194 255 255 255 174 155 255 255 253 206 255 255 209 255 255 255 152 166 255 255 223 149 188 14 0 93 255 255 250 255 255 255 254 234 255 246 234 255 255 255 255 208 255 255 255 255 255 255 198 228 3
0 181 255 255 255 255 184 171 254 255 205 203 255 255 191 255 255 255 143 212 255 255 255 255 239 95 0 0 242 255 152 230 255 184 255 255 255 219 201 255 255 255 209 242 255 219 219 255 255 255 255 217 19 3 227 255 255 198 255 255 238 174 255 255 169 228 255 238 212 255 255 255 165 170 255 255 255 249 179 2 24 255 255 248 238 255 252 255 255 255 255 201 227 255 255 255 255 255 255 208 227 255 255 254 252 170 0 190 234 194 255 255 238 158 187 255 255 255 208 255 255 209 255 255 255 227 198 255 255 229 145 182 25 0 88 255 255 216 255 255 255 242 234 255 245 221 255 255 255 255 250 254 255 245 255 255 255 197 170 35
0 178 255 255 255 255 171 158 250 255 201 196 255 255 195 255 255 255 174 198 255 255 255 255 232 255 30 10 227 255 171 212 255 184 255 255 255 223 198 255 255 255 212 246 255 227 216 255 255 255 255 239 26 0 198 255 255 198 255 255 242 168 255 255 176 239 255 227 205 255 255 216 146 194 255 255 255 201 124 0 24 255 255 248 238 255 248 255 255 255 255 195 227 255 255 255 255 255 255 219 230 255 255 238 255 186 0 140 255 201 255 255 250 155 187 255 255 253 184 255 255 216 255 255 255 255 242 191 255 248 160 169 25 0 86 255 255 205 255 255 255 254 234 255 241 224 255 255 255 255 255 255 255 237 255 255 255 201 142 0
57 250 255 255 255 255 168 165 242 255 201 186 255 255 198 255 255 255 212 191 255 255 255 255 243 239 15 18 231 255 160 223 255 184 255 255 255 223 195 255 255 255 212 246 255 238 216 255 255 255 255 243 23 0 131 255 255 195 255 255 255 174 255 255 228 255 255 201 198 255 255 255 201 241 255 255 255 201 106 0 24 255 255 240 230 255 237 239 255 255 255 198 250 255 255 255 255 255 255 223 227 255 255 231 240 208 0 93 249 191 255 255 242 158 184 255 255 253 174 255 255 216 255 255 255 255 255 140 209 255 173 169 37 0 106 255 255 191 255 255 254 255 250 255 230 224 255 255 255 255 255 255 250 215 255 255 255 210 160 0
27 198 255 255 255 255 161 171 246 255 205 182 255 255 198 255 255 255 238 227 255 255 255 255 249 90 0 2 227 255 141 223 255 191 255 255 255 223 198 255 255 255 212 242 255 246 212 255 255 255 255 251 26 0 97 255 255 191 255 255 255 181 255 255 255 239 255 208 212 255 255 255 255 255 255 255 255 208 106 0 22 255 255 229 219 255 233 235 255 255 255 184 250 255 255 255 255 255 255 212 216 255 255 238 214 208 0 107 255 198 255 255 219 187 171 255 255 245 171 255 255 205 255 255 255 255 255 195 216 255 176 185 59 0 136 255 255 195 255 250 238 255 255 255 205 210 255 255 255 255 255 255 252 204 255 255 255 200 159 0
0 131 255 255 255 255 149 162 250 255 208 182 255 255 201 255 255 255 238 255 255 255 255 255 255 83 0 0 227 255 161 212 255 198 255 255 255 219 201 255 255 255 209 238 255 246 209 255 255 255 255 247 29 0 92 255 255 195 255 255 255 191 255 255 255 214 255 216 219 255 255 255 255 255 255 255 255 204 116 0 22 255 255 228 216 255 237 243 255 255 255 184 255 255 227 223 255 255 255 212 205 255 255 238 232 151 0 77 241 201 255 255 223 237 164 255 255 222 177 255 255 205 255 255 209 209 255 255 255 250 151 172 61 0 136 255 255 191 255 254 231 255 255 255 208 214 255 255 255 255 255 255 255 211 255 255 255 176 148 0
0 117 255 255 255 255 219 205 254 255 208 186 255 255 201 255 255 250 205 255 255 255 255 255 255 47 0 0 231 255 161 208 255 201 255 255 255 223 201 255 255 255 209 238 255 242 212 255 255 255 255 235 27 0 80 255 255 205 255 255 255 234 255 255 247 199 255 216 205 255 255 242 255 255 255 255 255 190 107 0 20 255 255 235 216 255 230 234 255 255 255 205 255 255 223 209 255 255 255 216 205 255 255 223 182 94 0 82 255 222 255 255 255 255 174 246 255 212 191 255 255 216 255 255 191 178 255 255 255 250 147 172 65 0 145 255 255 195 255 254 223 255 255 255 198 217 255 255 255 255 255 255 255 218 255 255 255 184 163 0
20 128 255 255 255 255 255 188 254 255 205 186 255 255 198 255 255 227 174 253 255 255 255 255 255 39 0 0 227 255 144 197 255 205 255 255 255 223 201 255 255 255 212 246 255 242 216 255 255 255 255 243 31 0 73 255 255 201 255 255 255 255 255 255 214 182 255 223 201 255 227 152 250 255 255 255 255 197 110 0 3 255 255 235 216 255 226 230 255 255 255 195 255 255 231 212 255 255 255 219 201 255 255 219 206 142 0 64 255 240 255 255 255 222 174 246 255 215 201 255 255 212 255 255 234 201 255 255 255 242 155 159 59 0 133 255 255 212 255 255 231 255 255 255 168 206 255 255 255 255 255 255 254 215 255 255 255 204 198 0
25 134 255 255 255 242 255 165 250 255 201 186 255 255 198 255 255 231 168 223 255 255 255 255 255 168 0 0 231 255 169 187 255 205 255 255 255 219 205 255 255 255 219 254 255 242 216 255 255 255 255 249 33 0 71 255 254 188 242 255 255 255 255 255 232 179 255 219 198 255 246 165 224 255 255 255 255 184 97 0 0 208 255 224 219 255 238 241 255 255 255 178 255 255 238 219 255 255 255 216 198 255 255 223 224 201 0 30 255 255 255 255 255 155 161 246 255 215 201 255 255 205 255 255 255 209 231 255 255 255 204 185 74 0 136 255 255 198 255 255 227 255 255 255 181 224 255 254 235 255 255 255 255 201 255 255 253 205 249 12
29 110 252 255 255 222 238 173 254 255 219 181 255 255 194 255 255 219 165 255 255 255 255 255 255 172 0 0 244 255 161 187 250 209 255 255 255 223 195 255 255 255 227 234 255 242 212 255 255 255 255 239 29 0 64 244 212 174 255 255 255 255 255 255 239 188 255 234 223 255 255 201 255 255 255 255 255 171 223 5 0 164 255 206 216 255 255 255 255 255 255 178 255 255 216 223 255 255 255 219 205 255 255 212 224 179 0 100 255 255 255 255 255 201 146 255 255 212 198 255 255 201 255 255 255 161 221 255 255 255 255 229 86 0 125 255 249 201 255 255 231 255 255 255 168 242 255 255 198 255 255 255 255 207 255 255 255 215 223 13
33 107 248 255 255 219 204 163 255 255 223 188 255 255 194 255 255 238 205 255 255 255 255 255 255 69 0 10 233 255 158 181 255 205 255 255 255 223 198 255 255 255 223 227 255 242 212 255 255 255 255 239 31 0 64 255 230 188 255 255 255 255 255 255 236 201 255 255 255 255 255 255 255 255 255 255 255 184 255 15 0 157 255 213 219 255 255 243 254 255 255 195 255 255 231 209 255 255 255 223 205 255 255 212 213 147 0 85 255 255 255 255 255 255 184 255 255 208 198 255 255 212 255 255 223 134 179 255 255 255 255 255 114 11 167 255 255 191 255 255 223 255 255 255 188 255 255 255 201 255 255 255 255 211 255 255 253 177 178 0
29 102 246 255 255 219 180 186 255 255 227 198 255 255 198 255 255 255 255 255 242 216 255 255 255 51 0 1 222 255 154 187 255 201 255 255 255 223 201 255 255 255 219 205 255 242 212 255 255 255 255 243 33 0 59 255 249 194 255 255 246 255 255 255 210 198 255 255 255 255 255 255 255 255 255 255 255 181 255 14 0 168 255 204 212 255 255 171 171 255 255 223 255 255 255 234 255 255 255 227 201 255 255 216 177 62 0 44 255 255 255 255 255 255 191 255 255 208 198 255 255 212 255 255 249 198 194 255 255 255 255 255 110 55 228 255 253 171 255 255 219 255 255 255 198 255 255 255 205 255 255 255 255 204 255 255 255 177 202 0
23 105 255 255 255 212 152 192 255 255 231 201 255 255 198 255 255 255 255 255 223 174 255 255 255 93 0 0 240 255 157 194 255 198 255 255 255 219 201 255 255 255 212 188 255 246 219 255 255 255 255 243 31 0 53 255 246 191 255 255 198 255 255 255 206 201 255 255 255 255 255 255 255 249 255 255 252 174 255 8 5 227 255 204 215 255 249 149 152 255 255 227 255 223 255 250 255 255 255 223 201 255 255 227 194 76 0 40 255 255 255 255 255 255 201 255 255 216 198 255 255 231 255 255 255 255 212 255 255 255 255 255 102 92 255 255 246 161 255 255 246 255 255 255 198 255 255 255 201 255 255 255 255 204 255 255 255 177 238 0
10 92 246 255 255 241 152 200 255 255 231 198 255 255 198 255 255 255 255 255 212 165 255 255 255 43 0 1 236 255 162 197 255 205 255 255 255 219 198 255 255 255 212 174 255 246 231 255 255 255 255 247 29 0 51 255 234 188 255 255 188 255 255 255 224 198 255 255 255 255 255 255 255 238 255 255 255 187 255 12 16 255 255 200 220 255 237 161 216 255 255 231 250 209 255 255 255 255 255 216 205 255 255 242 215 134 0 33 255 255 255 255 255 255 191 255 255 216 194 255 255 255 255 255 255 255 174 255 255 255 255 255 61 53 214 255 246 174 255 255 255 255 255 255 208 255 255 255 201 255 255 255 255 214 255 255 249 177 254 0
51 127 246 255 255 249 143 186 255 255 231 191 255 255 194 255 255 255 255 255 191 181 255 255 255 31 0 0 233 255 149 200 255 219 255 255 255 223 198 255 255 255 219 171 255 242 242 255 255 255 255 247 26 0 64 255 242 184 255 255 171 255 255 255 247 205 255 255 255 255 255 255 255 223 255 255 255 194 255 12 10 230 255 200 217 255 230 180 255 255 255 250 255 255 255 255 255 255 255 216 219 255 255 254 171 83 0 40 245 255 255 255 255 255 165 255 255 208 198 255 255 255 255 255 255 255 174 255 255 255 255 247 39 48 229 255 238 178 255 255 255 255 255 255 230 255 255 255 205 255 255 255 249 211 255 255 255 174 254 0
82 141 223 255 255 251 152 200 255 255 234 184 255 255 194 255 255 255 255 255 165 212 255 255 255 35 0 0 233 255 152 207 255 238 255 255 255 227 198 255 255 255 234 178 255 238 250 255 255 255 255 247 22 0 87 255 253 181 255 255 168 231 255 255 255 230 255 255 255 255 255 255 255 205 255 255 255 187 255 9 11 192 255 214 217 255 237 196 255 255 255 227 255 255 255 255 255 255 255 219 242 255 255 254 155 64 0 67 245 255 255 255 255 255 168 255 255 208 205 255 255 254 255 255 255 255 201 255 255 255 255 228 35 53 225 255 238 178 255 255 242 184 255 255 249 255 255 255 205 255 255 255 253 204 255 255 249 158 238 0
76 130 205 255 255 244 143 196 255 255 242 184 255 255 191 255 255 255 255 255 143 234 255 255 255 43 0 13 255 255 168 198 255 250 255 255 255 231 198 255 255 255 246 184 255 238 254 255 255 255 255 247 22 0 110 255 255 181 255 255 188 231 255 255 228 238 255 255 255 255 255 255 255 187 255 255 255 184 255 11 14 162 255 217 201 255 237 196 255 255 255 188 216 255 255 255 254 255 255 227 255 255 255 254 171 125 0 33 255 255 250 255 255 255 171 255 255 212 216 255 255 220 255 255 255 219 191 255 212 238 255 255 57 55 222 255 246 181 255 255 188 126 246 255 253 253 255 255 198 255 255 255 255 204 255 255 253 167 255 8
73 146 208 255 255 253 155 190 255 255 255 205 255 255 205 255 255 255 255 255 255 255 255 255 255 33 0 30 255 255 159 200 255 255 255 255 255 254 205 255 255 255 238 186 239 253 250 255 255 255 255 250 30 0 148 255 238 188 255 255 181 171 255 255 234 223 219 246 255 255 255 255 255 201 255 255 244 181 255 11 11 148 237 207 226 255 215 228 255 255 255 165 223 255 255 255 255 255 255 219 255 255 255 231 191 137 0 19 215 255 242 255 255 255 171 255 255 227 219 255 255 238 255 255 255 212 168 224 145 143 218 255 65 40 223 255 249 171 255 255 179 147 253 255 255 234 188 255 254 255 255 255 255 202 255 255 242 162 255 6
80 146 208 255 255 253 158 208 255 255 255 209 255 255 201 255 255 255 255 227 253 255 255 255 255 31 0 28 255 255 156 196 255 255 255 255 255 254 198 255 255 255 238 192 239 255 254 255 255 255 255 238 25 0 142 255 246 191 255 255 174 140 238 255 246 249 255 255 255 255 255 255 255 201 255 255 240 177 255 12 14 152 241 204 212 255 215 220 255 255 255 178 246 255 255 255 255 255 255 246 255 255 255 231 158 80 0 16 161 255 230 255 255 255 178 255 255 227 219 255 255 219 255 255 255 216 149 160 160 146 215 255 40 29 196 255 249 174 255 255 192 192 255 255 228 238 205 255 255 255 255 255 255 209 255 255 255 182 250 0
73 140 208 255 255 245 137 180 255 255 255 209 255 255 198 255 255 255 201 166 251 255 255 255 255 31 0 26 255 255 156 196 255 255 255 255 255 254 194 255 255 255 234 192 232 255 255 255 255 255 255 250 32 0 125 255 246 184 255 255 223 171 250 255 249 255 255 255 231 255 255 255 255 201 255 255 244 177 255 14 11 167 255 240 212 255 255 255 255 255 255 184 253 255 255 255 255 255 255 255 255 255 255 246 155 69 0 16 131 241 209 255 255 255 188 255 255 223 223 255 255 230 255 255 255 212 152 142 144 151 215 255 34 41 183 255 253 178 255 255 192 232 255 255 232 255 255 255 255 255 255 255 253 209 255 255 255 178 255 33
75 143 211 255 255 249 149 194 255 255 254 216 255 255 198 255 255 255 160 144 247 255 255 255 255 31 0 23 255 255 159 200 255 255 255 255 255 254 201 255 255 255 216 192 236 255 255 255 255 255 255 255 53 0 108 255 249 178 255 255 255 255 255 255 249 249 255 255 219 255 255 255 255 201 255 255 248 177 255 12 11 148 255 225 219 255 255 255 255 255 255 194 242 255 255 255 255 255 255 255 255 255 255 250 163 83 0 16 136 230 190 255 255 255 198 255 255 223 223 255 255 223 255 255 255 255 255 255 255 255 255 255 33 13 151 254 249 178 255 255 176 239 255 255 224 253 255 255 255 255 255 255 255 233 255 255 255 162 255 80
64 140 215 255 255 255 149 177 255 255 246 223 255 255 194 255 255 255 182 163 214 255 255 255 255 29 0 13 255 255 159 196 255 255 255 255 255 250 201 255 255 255 212 203 232 255 255 255 255 255 255 255 71 0 113 255 246 188 255 255 255 255 255 255 242 234 255 255 223 255 255 255 255 201 255 255 252 184 255 11 14 155 255 229 212 255 255 255 255 255 255 201 228 255 201 250 255 234 205 255 255 255 255 255 154 62 0 15 157 255 180 255 255 255 198 255 255 227 219 255 255 219 255 255 254 255 255 255 255 255 255 255 39 0 96 240 249 174 255 255 179 255 255 255 214 208 255 255 255 246 255 255 253 237 255 255 255 181 255 68
35 112 208 255 255 255 158 174 255 255 238 223 255 255 194 255 255 255 249 210 179 255 255 255 255 26 0 6 255 255 153 193 255 255 255 255 255 246 198 255 255 255 223 206 217 255 255 255 255 255 255 255 73 0 139 255 238 205 255 255 227 255 255 255 230 238 255 255 227 255 255 255 255 201 255 255 255 194 255 9 8 171 255 233 194 253 255 255 255 255 255 182 206 255 178 246 255 198 158 255 255 255 255 255 152 45 0 19 191 255 178 255 255 255 191 255 255 223 205 255 255 223 255 255 255 255 255 255 255 255 255 255 36 0 106 242 249 168 255 255 203 255 255 255 221 194 255 255 255 255 255 255 249 255 255 255 255 175 246 31
73 143 222 255 255 255 149 171 255 255 227 223 255 255 191 255 255 255 255 255 188 250 255 255 255 26 0 6 255 255 153 196 255 254 255 255 255 246 194 255 255 255 216 196 206 255 255 255 255 255 255 255 73 0 157 255 234 216 255 255 191 255 255 255 216 246 255 255 223 255 255 255 255 204 255 255 255 201 255 9 21 205 255 233 230 255 255 255 255 255 255 176 192 255 184 255 255 188 174 255 255 255 255 255 171 83 0 29 249 255 184 255 255 255 178 255 255 219 188 255 255 216 255 255 255 255 255 219 255 255 255 255 41 18 141 215 249 171 255 254 214 255 255 255 214 205 255 255 255 255 255 255 245 255 255 255 255 165 253 41
73 134 211 255 255 255 149 177 255 255 223 219 255 255 191 255 255 255 255 255 227 250 255 255 255 29 0 9 255 255 156 207 255 231 255 255 255 254 198 249 255 255 219 196 206 255 246 174 255 255 255 255 77 0 161 255 234 216 255 255 191 255 255 255 205 246 255 249 223 255 255 255 255 208 255 255 255 208 255 9 13 215 255 218 219 255 255 255 255 255 255 199 203 255 184 253 255 254 255 255 255 255 255 255 180 155 0 33 255 255 191 255 255 255 168 255 255 212 174 255 255 212 255 255 255 255 255 201 255 255 255 255 25 35 156 248 245 181 255 242 210 255 255 255 199 219 255 255 255 255 255 255 255 255 255 255 255 162 249 47
68 143 220 255 255 255 152 169 255 255 223 223 255 255 201 255 255 255 255 255 255 242 255 255 255 28 0 63 255 255 149 203 255 238 255 255 255 250 188 255 255 255 226 198 208 255 206 168 250 255 217 255 60 0 156 255 234 219 255 255 201 255 255 254 224 205 255 234 242 255 255 255 255 201 255 255 253 218 255 5 14 224 255 247 205 255 255 219 227 255 255 255 212 255 184 253 255 255 255 255 255 255 255 255 155 87 0 29 255 255 186 254 255 255 165 255 255 208 178 255 255 188 255 255 255 255 176 199 255 255 255 255 29 33 139 245 243 169 255 255 255 255 255 255 217 217 255 255 255 255 255 255 255 255 255 255 255 165 248 85
71 140 213 255 255 255 158 169 255 255 219 216 255 255 198 255 255 255 255 255 255 255 255 255 255 26 0 39 255 255 158 196 255 227 255 255 255 255 188 255 255 255 226 194 205 255 219 155 235 255 189 255 69 0 185 255 255 216 255 255 209 255 255 255 210 191 255 255 255 255 255 255 255 204 255 255 238 207 223 0 11 239 255 247 213 255 255 201 209 255 255 255 242 255 194 249 255 255 255 255 255 255 255 255 146 43 0 38 255 255 197 255 255 255 162 255 255 205 184 255 255 178 255 255 255 194 154 251 255 255 237 255 41 14 151 208 196 169 255 255 255 255 255 255 243 210 255 255 253 255 255 255 255 255 255 255 255 178 238 56
73 140 209 255 255 255 167 162 246 255 212 208 255 255 194 255 255 255 255 255 255 255 255 255 255 26 0 10 254 255 158 196 251 212 255 255 255 255 194 251 255 255 222 198 201 255 246 152 231 255 161 251 69 0 221 255 255 216 255 255 205 255 255 255 228 194 255 255 255 255 255 255 255 194 255 255 246 226 181 3 16 255 255 232 217 255 255 208 201 255 255 219 255 255 208 246 255 255 242 198 255 255 255 255 146 37 0 38 255 255 176 254 255 255 162 255 255 212 201 255 255 188 255 255 242 152 149 255 255 255 226 232 28 2 166 226 214 176 255 253 255 255 255 255 251 196 255 219 201 255 255 181 253 255 255 255 255 167 176 0
71 137 213 255 255 255 171 153 234 255 208 201 255 255 194 255 255 255 255 255 255 255 255 255 255 34 0 0 254 255 158 203 255 205 255 255 255 254 201 255 255 255 215 201 201 255 255 182 250 255 155 232 66 0 235 255 255 223 255 255 201 255 255 255 251 205 255 255 255 255 255 255 255 201 255 255 253 233 134 0 16 255 255 228 217 255 255 198 209 255 254 178 255 255 212 246 255 255 191 124 239 255 255 255 145 70 0 25 255 255 162 255 255 255 168 255 255 242 223 255 255 184 255 255 255 246 219 255 255 255 248 189 16 22 179 255 255 179 255 255 255 255 255 255 217 176 255 216 198 255 246 140 230 255 255 255 255 162 151 0
64 134 216 255 255 255 180 153 227 255 205 198 255 255 198 255 255 255 255 255 255 255 255 255 255 34 0 4 255 255 161 203 255 201 255 255 255 250 198 255 255 255 212 208 201 255 255 243 255 255 158 232 69 0 220 255 255 227 255 255 223 255 255 255 239 205 255 255 255 255 255 255 254 191 255 255 255 248 125 0 0 255 255 232 220 255 255 188 212 255 242 152 255 255 212 249 255 255 230 147 210 255 255 255 205 117 0 19 255 255 159 255 255 255 181 255 255 255 230 255 255 188 255 255 255 255 255 255 255 255 244 199 22 45 178 255 255 179 255 255 255 255 255 255 214 179 255 208 188 255 201 128 242 255 255 255 255 184 194 35
62 128 216 255 255 255 197 156 227 255 205 201 255 255 201 255 255 255 255 230 246 255 255 255 255 28 0 4 255 255 165 203 251 201 255 255 255 250 191 255 255 255 215 208 201 255 255 255 255 239 171 241 73 2 185 255 255 223 255 255 255 255 234 255 247 208 255 255 255 255 255 255 255 208 255 255 255 248 139 0 0 255 255 232 215 255 255 198 212 255 234 152 255 255 212 246 255 255 255 234 181 253 255 255 255 125 0 24 247 255 169 253 255 255 205 255 255 255 219 242 255 188 255 255 255 255 255 255 255 255 216 222 22 9 162 255 255 173 255 255 255 255 255 255 239 192 255 212 208 255 255 250 255 255 255 255 255 190 204 78
71 134 220 255 255 255 208 156 227 255 205 205 255 255 205 255 255 255 212 154 210 255 255 255 255 23 0 10 250 255 161 203 251 205 255 255 255 255 188 243 255 255 219 204 201 255 255 255 255 224 201 245 64 0 152 255 255 234 255 255 255 255 205 255 255 216 255 255 255 255 255 255 255 211 255 255 255 252 191 2 0 255 255 232 208 255 255 195 223 255 231 165 255 255 212 242 255 255 255 255 194 254 255 255 255 111 0 25 232 255 179 255 255 255 234 255 255 255 188 249 255 179 255 255 255 255 255 255 255 255 213 222 21 0 159 255 255 169 255 255 254 238 255 255 255 199 255 212 201 255 255 255 255 255 255 255 255 192 174 76
83 143 220 255 255 255 211 150 230 255 208 208 255 255 208 255 255 255 178 136 232 255 255 255 255 25 0 31 255 255 158 196 255 212 255 231 255 255 188 228 255 255 222 197 201 255 255 255 255 222 233 245 51 0 131 255 255 254 255 255 255 255 201 255 255 208 255 255 255 255 212 255 255 226 255 255 255 233 208 2 0 239 255 232 215 255 255 191 242 255 231 171 255 255 216 242 255 255 255 255 246 255 255 255 255 113 0 22 213 255 166 253 255 255 254 255 255 255 165 255 255 192 255 253 168 209 255 255 255 255 231 215 35 0 171 255 255 166 255 255 250 195 254 255 255 199 255 223 198 255 255 255 255 255 255 255 255 209 177 83
121 159 201 255 255 255 240 151 227 255 205 198 255 255 198 255 255 255 163 140 219 255 255 255 255 30 0 21 255 255 157 211 255 210 255 210 255 255 188 234 255 255 223 196 192 255 255 255 255 217 255 236 27 0 110 255 255 255 255 255 255 255 195 255 255 238 255 255 255 255 194 255 255 255 255 255 255 241 216 2 0 154 242 240 212 255 255 212 238 255 238 201 255 255 246 242 255 255 255 255 255 255 255 255 255 98 0 14 213 255 162 254 255 255 255 255 255 254 174 247 255 179 255 255 161 181 255 255 255 255 216 222 37 0 191 255 255 181 255 255 247 186 255 255 216 242 255 216 198 255 255 255 255 255 255 255 255 189 194 66
119 158 208 255 255 255 244 149 227 255 208 194 255 255 198 255 255 242 160 149 226 255 255 255 255 49 0 21 255 255 151 193 247 210 255 206 255 255 184 230 255 255 219 196 199 255 255 255 255 209 255 255 37 0 116 255 255 255 255 255 255 255 205 255 255 255 255 255 255 255 194 255 255 255 255 255 255 253 213 3 0 144 191 229 212 255 255 194 242 255 255 216 255 255 242 238 255 255 255 255 255 255 255 255 255 60 0 16 182 255 178 250 249 255 255 255 255 255 191 243 255 191 255 255 201 219 255 255 255 255 205 255 52 0 216 255 255 174 255 255 247 189 255 255 194 255 255 227 205 255 255 223 151 205 255 255 255 188 212 90
102 144 208 255 255 255 250 149 227 255 212 198 255 255 201 255 255 179 154 149 219 255 255 255 255 43 0 16 249 255 160 207 243 217 255 206 255 255 184 227 255 255 212 196 206 255 255 255 255 199 255 255 49 0 110 255 255 255 255 238 242 255 209 255 255 255 255 255 255 255 188 255 255 255 255 255 255 255 213 6 0 146 165 237 209 255 255 191 238 255 255 212 255 255 234 238 255 255 253 196 179 169 182 228 255 51 0 21 144 219 158 250 255 255 255 255 255 255 208 255 255 234 255 255 255 255 255 255 255 255 223 222 34 0 223 255 255 171 255 255 236 186 255 255 168 255 255 242 212 255 255 205 142 174 255 255 255 205 255 142
101 143 208 255 255 255 255 152 234 255 208 205 255 255 198 255 210 160 157 146 215 255 255 255 255 24 0 33 255 255 162 201 253 234 255 205 255 255 186 232 255 254 198 199 210 255 255 255 255 190 255 255 62 0 105 255 255 254 255 227 230 255 216 255 255 255 255 255 255 255 188 255 255 255 255 255 255 255 195 2 0 165 202 255 209 255 255 201 238 255 255 195 255 255 242 254 255 255 238 151 158 158 152 177 255 51 0 21 202 255 181 255 255 255 255 255 255 255 188 255 255 255 255 255 255 255 255 255 255 255 226 174 11 0 220 255 255 168 255 255 224 179 255 255 165 238 255 255 205 255 255 255 174 158 255 255 255 249 255 156
136 164 211 255 255 255 255 174 255 255 198 205 255 255 198 255 183 157 148 158 243 255 255 255 255 15 0 19 255 255 158 201 255 255 255 201 255 255 189 232 255 250 198 214 214 255 255 255 255 208 255 255 48 0 110 255 255 227 255 227 234 255 212 255 255 255 255 255 255 255 194 255 255 255 255 255 255 255 162 0 0 194 255 255 216 255 255 201 246 255 255 191 255 255 255 255 255 255 255 166 184 171 149 174 255 49 0 19 213 255 162 246 255 216 255 255 255 254 165 255 255 255 255 255 255 255 231 255 255 255 198 184 22 0 234 255 255 168 255 255 228 189 255 255 171 230 255 255 198 255 255 255 248 174 237 255 255 255 255 142
178 187 208 255 255 255 255 233 255 255 188 198 255 255 201 255 170 148 142 186 255 255 255 255 255 28 0 0 252 255 152 205 255 255 255 201 255 255 189 236 255 255 223 239 217 255 255 254 255 255 255 219 11 0 116 255 255 195 255 227 234 255 201 255 255 255 255 255 255 255 194 255 255 255 255 255 255 255 143 0 0 216 255 255 238 255 255 187 242 255 255 188 255 255 255 255 255 255 255 189 217 210 221 255 246 37 0 24 182 255 178 255 255 198 255 255 255 254 161 255 255 255 255 255 255 255 212 255 255 255 188 198 29 0 167 255 255 168 255 255 239 206 255 255 161 234 255 246 194 255 255 255 255 232 236 255 255 255 255 122
191 194 204 255 255 255 255 255 255 255 181 205 255 255 198 255 189 163 195 246 255 255 255 255 255 66 0 23 255 255 146 188 255 255 255 198 255 255 189 236 255 255 255 255 210 255 255 212 255 255 255 195 0 0 110 255 255 181 255 230 238 255 209 255 255 255 255 255 216 253 191 255 255 255 255 255 255 255 140 0 0 234 255 255 255 255 255 184 234 255 255 184 255 255 255 255 255 255 255 208 255 255 255 255 255 19 0 23 182 255 181 250 255 205 246 255 255 246 178 255 255 255 255 255 255 255 205 255 255 255 197 193 23 0 79 255 255 174 255 255 247 214 255 255 161 255 255 242 198 255 255 255 255 255 248 255 255 255 241 49
191 194 204 255 255 255 255 255 255 255 184 212 255 255 194 255 232 218 255 255 255 255 255 255 255 83 0 54 248 255 155 208 255 255 255 198 255 255 189 237 255 255 255 255 196 255 255 171 255 255 255 212 0 0 97 255 255 168 255 219 227 255 205 255 255 255 255 255 205 246 194 255 255 255 255 255 255 255 137 0 0 246 255 255 255 255 255 191 238 255 255 188 255 255 255 255 255 255 255 191 234 255 255 255 250 21 0 44 228 255 174 255 255 201 209 255 255 255 223 255 255 255 255 255 255 255 196 255 255 255 200 225 37 0 81 247 255 178 255 255 243 210 255 255 178 255 255 249 198 255 255 255 255 255 255 255 255 255 174 0
144 169 205 255 255 255 255 255 255 255 194 205 255 255 255 255 246 255 255 255 255 255 255 255 255 35 0 41 255 254 168 210 255 242 255 208 255 255 196 199 255 255 255 246 223 255 255 165 234 255 255 198 5 0 94 255 255 159 255 242 230 255 209 255 255 255 255 255 255 255 178 255 255 255 255 255 255 255 145 0 0 255 255 255 255 255 255 226 250 255 255 171 255 255 255 255 255 255 255 187 234 255 255 255 255 43 0 80 242 255 182 252 255 195 227 255 255 255 234 255 255 255 255 255 255 255 201 255 255 255 183 255 51 0 136 174 255 189 255 255 238 209 255 255 191 255 255 246 219 255 255 250 255 255 255 255 255 255 145 0
120 166 212 255 255 255 255 255 255 255 194 205 255 255 255 255 255 255 255 255 255 255 255 255 255 49 0 26 255 255 164 186 242 223 255 201 255 255 189 199 255 255 255 234 198 255 255 165 255 255 255 255 37 0 84 255 255 162 255 216 208 255 219 255 224 181 246 255 255 255 198 255 255 215 255 255 246 251 142 0 0 255 255 255 255 255 255 207 234 255 255 165 255 255 255 234 255 255 255 219 255 255 255 255 255 55 0 33 251 255 160 255 255 188 198 255 255 254 250 255 255 255 255 255 255 255 184 246 255 255 208 208 32 0 81 164 236 169 255 255 246 220 255 255 201 255 255 255 223 255 255 255 255 253 242 242 245 255 151 0
110 166 212 255 255 253 255 255 255 255 191 205 255 255 255 255 255 255 255 255 255 255 255 255 255 69 0 18 246 255 167 200 246 216 255 208 255 255 189 206 255 255 255 227 174 255 255 168 255 255 255 255 68 0 81 255 238 168 255 212 205 255 219 255 228 161 250 255 255 255 205 255 255 197 255 255 227 226 139 0 0 255 255 255 255 255 255 197 234 255 255 168 255 255 255 205 255 246 194 161 255 255 255 255 255 55 0 36 255 255 169 252 255 198 158 254 255 255 242 209 255 255 255 255 255 255 178 243 255 255 222 140 10 0 41 157 251 173 255 255 242 234 255 255 198 255 255 255 231 255 255 255 190 152 149 154 177 255 167 0
98 157 199 255 255 247 255 255 255 255 187 198 255 255 255 255 255 255 255 255 255 255 255 255 255 75 0 49 255 255 157 215 254 208 255 205 255 255 176 199 255 255 255 227 168 255 255 174 255 255 255 255 74 0 95 255 231 165 255 219 216 255 216 255 243 173 255 255 255 255 201 255 255 183 243 255 250 233 131 0 0 239 255 255 255 255 255 177 231 255 255 165 255 255 255 212 255 255 161 140 242 255 255 255 247 39 0 44 255 255 189 254 255 227 143 212 255 255 255 238 255 255 255 255 255 255 181 243 255 255 196 117 4 0 31 176 255 191 255 255 231 234 255 255 184 255 255 255 238 255 255 255 173 171 168 154 149 245 157 0
88 153 209 255 255 251 244 255 255 255 187 191 255 255 255 255 255 255 255 255 255 255 255 255 255 82 0 70 255 255 167 222 255 208 255 205 255 255 176 210 255 255 255 227 168 255 255 184 255 255 255 255 71 0 105 255 223 149 250 234 238 255 216 255 249 186 255 255 255 255 194 255 255 174 217 255 255 241 134 0 0 195 255 255 255 255 226 134 219 255 242 158 255 255 255 216 255 255 208 198 255 255 255 255 183 28 0 45 255 255 192 255 255 250 146 209 255 255 255 255 255 227 255 255 255 255 184 236 255 255 179 154 16 0 57 255 255 208 255 255 223 231 255 255 174 255 255 255 234 255 255 255 180 197 161 157 171 237 136 0
68 144 227 255 255 247 222 255 255 255 194 187 255 255 255 255 255 255 255 255 255 255 255 255 255 105 0 63 246 255 186 218 255 212 255 205 255 255 189 228 255 255 255 227 168 255 255 205 255 255 255 255 69 0 95 255 223 149 254 255 255 255 212 255 249 199 255 255 255 255 194 255 255 164 228 255 255 223 161 0 0 175 255 255 255 255 218 146 212 255 246 165 255 255 255 209 255 255 219 245 255 255 255 188 148 29 0 113 255 255 201 255 255 255 216 250 255 255 227 255 255 201 255 255 255 255 192 243 255 255 210 255 51 0 57 255 255 231 255 255 219 212 255 255 171 255 255 255 242 255 255 255 197 222 205 225 255 255 136 0
45 124 235 255 255 255 211 255 255 255 198 184 255 255 255 255 255 255 255 255 255 255 255 255 255 130 0 68 253 255 180 204 255 201 255 194 255 255 189 228 255 255 255 231 171 255 255 246 255 255 255 255 70 0 87 255 223 159 255 255 255 255 209 255 219 186 249 255 227 255 191 255 255 204 255 255 255 250 245 8 0 165 198 255 255 255 255 194 216 255 255 168 255 255 255 205 255 242 171 241 255 255 255 158 146 35 8 160 255 255 205 255 255 255 255 255 255 250 223 255 255 191 255 255 255 255 192 253 255 255 215 198 19 0 55 255 255 255 255 255 223 194 255 255 174 255 255 255 255 255 255 255 207 245 255 255 255 255 92 0
49 129 248 255 255 255 197 255 255 255 201 177 255 255 231 255 255 255 255 246 242 255 255 255 255 153 0 66 253 255 173 226 255 208 255 198 255 255 196 232 255 255 255 234 171 255 255 255 255 255 255 255 73 0 96 255 216 159 238 234 249 255 212 255 215 192 255 255 178 249 188 255 255 255 255 209 216 253 255 1 0 165 162 255 255 250 241 177 219 255 255 162 255 255 255 209 255 227 158 253 255 255 255 158 146 33 0 84 255 255 191 255 255 255 255 255 255 255 212 255 255 201 255 255 255 255 179 249 255 255 237 155 8 0 66 255 255 255 255 255 227 191 255 255 171 255 255 255 255 255 255 255 233 205 255 255 255 255 82 0
49 134 249 255 255 255 201 255 255 255 187 164 255 255 231 255 255 255 255 255 255 255 255 255 255 166 0 37 246 255 182 224 255 208 255 212 255 255 231 255 255 255 255 223 174 255 255 255 255 255 255 255 70 0 113 255 224 154 251 224 234 255 219 255 196 196 255 255 201 255 192 255 255 255 255 252 228 228 203 7 0 152 167 255 255 255 176 158 255 255 255 162 255 255 255 209 255 238 250 255 242 198 255 188 155 51 0 62 255 255 200 255 255 227 255 255 255 238 201 255 255 184 255 255 255 255 192 237 255 255 233 199 29 0 161 255 255 255 255 255 247 210 255 255 178 255 255 255 255 255 255 255 207 191 255 255 255 255 123 0
47 123 234 255 255 255 180 255 255 255 198 161 255 255 234 255 255 255 255 255 255 255 255 255 255 153 0 28 253 255 192 202 255 205 255 201 255 255 227 255 255 255 255 223 178 255 255 255 255 255 255 255 73 0 110 255 221 154 247 224 234 255 219 255 199 196 255 255 205 253 192 255 255 255 255 232 193 232 255 16 0 155 167 255 255 255 176 161 255 255 255 162 255 255 255 212 255 255 255 255 184 161 255 198 158 60 0 114 255 255 196 255 255 216 255 255 255 238 194 255 255 188 255 255 255 255 192 245 255 255 219 228 25 0 133 255 255 255 255 255 239 214 255 255 181 255 255 255 250 255 255 255 252 241 255 255 255 255 150 0
77 149 245 255 255 255 184 255 255 255 194 152 255 255 234 255 255 255 255 255 255 255 255 255 255 159 0 46 255 255 206 215 255 205 255 205 255 255 246 255 255 255 255 234 191 255 255 255 255 255 255 255 73 0 100 255 221 154 247 224 234 255 219 255 199 196 255 255 201 246 189 255 255 255 255 251 170 214 255 9 0 155 167 255 255 255 180 167 255 255 255 168 255 255 254 216 255 255 255 255 198 214 255 189 157 56 0 116 255 255 192 255 255 201 255 255 255 242 191 255 255 191 255 255 255 255 186 247 255 255 215 251 33 0 73 255 255 255 255 255 251 221 255 255 174 255 255 255 212 255 255 246 229 253 255 255 255 255 167 0
71 145 254 255 255 255 249 255 255 255 198 158 255 255 238 255 255 255 255 255 255 255 255 255 255 153 5 74 253 255 203 212 255 201 255 212 255 255 255 255 255 255 255 234 201 255 255 255 255 255 255 255 70 0 90 255 221 154 247 224 234 255 219 255 192 199 255 255 191 238 189 255 255 168 208 255 196 219 255 9 0 155 167 255 255 255 180 164 255 255 255 178 255 255 255 212 255 255 242 194 221 255 255 157 155 64 0 95 255 255 201 255 255 191 255 255 255 253 188 255 255 212 255 255 255 255 184 243 255 255 215 206 27 0 57 255 255 255 255 255 247 215 255 255 171 249 255 255 205 255 255 178 157 212 255 255 255 255 154 0
35 111 248 255 255 255 255 255 255 255 197 164 255 255 227 255 255 255 255 255 255 255 255 255 255 95 0 70 250 255 217 205 255 191 255 205 255 255 255 255 255 255 242 208 198 255 255 255 255 255 255 255 73 0 87 255 221 154 247 224 234 255 219 255 192 206 255 255 184 246 196 255 255 158 213 255 251 255 255 11 0 155 167 255 255 255 183 155 255 255 255 178 255 255 255 212 255 255 201 149 178 255 255 147 155 80 0 51 255 255 187 255 255 191 255 255 255 255 184 255 255 255 255 255 255 255 191 239 255 255 219 159 12 0 90 255 255 255 255 255 189 187 255 255 171 234 255 255 205 255 255 181 145 212 255 255 255 255 116 0
22 98 252 255 255 255 255 255 255 255 197 168 201 231 212 251 255 255 255 255 255 255 255 255 238 83 0 68 247 255 236 212 255 188 255 201 255 255 255 255 255 246 212 199 203 255 255 255 255 255 255 255 87 0 87 255 221 154 247 224 234 255 219 255 199 210 255 255 191 253 199 255 255 255 255 255 255 255 255 9 0 152 167 255 255 255 197 143 255 255 255 171 255 255 255 212 255 255 255 223 174 255 255 181 171 98 0 33 255 255 199 255 255 201 255 255 255 255 184 255 255 255 255 255 255 255 188 236 255 255 226 162 8 0 161 255 255 255 255 246 140 168 255 255 174 234 255 255 195 255 255 234 193 253 255 255 255 230 82 0
20 102 248 255 255 255 255 255 255 255 201 184 186 254 230 245 255 255 255 255 255 255 255 255 248 135 11 72 242 255 227 209 255 188 255 205 255 255 255 255 255 253 216 217 217 255 255 255 255 255 255 255 111 0 82 255 221 154 247 224 234 255 219 255 199 199 255 255 201 249 189 255 234 255 255 255 255 255 255 11 0 146 171 255 255 255 211 137 231 255 255 168 255 255 255 212 255 255 255 255 238 255 255 250 158 73 0 35 255 255 193 255 255 216 255 255 255 255 178 255 255 255 255 255 255 255 188 246 255 255 219 182 15 0 205 255 255 255 255 246 155 174 255 255 171 238 255 255 195 255 255 242 225 255 255 255 226 171 75 0
17 115 249 255 255 255 255 254 255 255 191 191 189 255 246 219 255 255 255 255 255 255 255 255 229 169 22 61 242 255 230 212 255 184 255 205 255 255 255 255 255 253 223 232 228 255 255 255 255 255 255 255 130 0 75 255 224 154 251 224 234 255 219 255 196 186 255 255 209 242 173 247 198 255 247 255 255 255 255 8 0 146 174 255 255 255 225 137 201 255 255 171 255 255 255 216 255 255 255 255 255 255 255 255 197 66 0 38 255 255 207 255 255 231 255 255 255 255 174 255 255 255 255 255 255 255 198 255 255 255 211 202 25 0 139 205 255 255 255 255 215 194 255 255 165 242 255 255 209 255 255 198 214 255 255 255 201 146 90 0
20 116 244 255 255 255 255 255 255 255 194 194 184 255 223 228 255 255 255 255 255 255 255 255 243 152 31 69 255 255 215 215 255 198 255 205 255 255 255 255 255 255 255 253 208 255 255 255 255 255 255 255 133 0 65 255 221 160 236 238 223 255 219 255 208 168 250 255 255 205 173 242 204 233 236 255 255 255 255 11 0 149 164 255 255 255 229 147 195 255 255 162 255 255 255 212 255 255 255 234 255 255 255 255 179 50 0 21 249 255 236 255 255 255 255 216 255 255 182 255 255 255 255 255 255 255 184 255 255 255 249 143 14 0 87 168 255 255 255 255 203 184 255 255 168 238 255 255 198 255 255 146 232 255 255 255 191 157 80 0
15 111 248 255 255 255 255 255 255 255 191 164 178 255 227 224 255 255 255 255 242 254 255 255 250 140 35 110 255 255 241 211 255 201 255 205 255 255 255 255 255 255 255 253 208 255 255 255 255 255 255 255 136 0 60 255 224 160 243 238 216 255 208 255 204 174 255 255 232 181 173 249 207 204 196 255 255 255 255 2 0 149 172 255 255 255 252 157 188 255 255 162 255 255 255 216 255 255 188 137 223 255 255 161 142 32 0 19 212 255 235 255 255 255 255 212 255 255 191 255 255 255 255 255 255 255 201 255 255 255 255 146 3 0 97 165 255 255 255 221 176 198 255 255 171 238 255 255 209 255 255 205 255 255 226 255 215 149 80 0
20 111 244 255 255 255 255 255 255 255 191 146 194 255 234 224 255 255 255 255 208 219 255 255 243 149 24 110 237 255 255 234 255 205 255 205 255 255 255 255 255 255 255 255 208 255 255 255 255 255 255 255 133 0 60 255 228 154 255 238 212 255 212 255 197 174 255 255 199 171 176 249 183 211 255 255 255 255 230 2 0 131 166 255 255 255 255 168 178 255 255 162 255 255 255 219 255 239 182 139 217 255 255 166 152 20 0 21 223 255 227 255 255 255 255 205 255 255 216 255 255 255 255 255 242 255 231 255 255 255 255 171 1 0 82 146 246 255 255 196 147 216 255 255 178 230 255 255 212 255 255 255 255 255 155 255 253 161 100 0
24 108 238 255 255 255 255 255 255 255 187 146 230 255 234 221 255 255 255 255 205 212 255 255 238 184 19 98 237 255 255 255 255 205 255 208 255 255 255 255 255 255 255 255 205 255 255 255 255 255 255 255 130 0 65 255 228 151 255 230 205 255 216 255 201 178 255 255 199 191 192 249 180 248 255 219 237 255 174 0 0 129 172 255 255 255 255 187 198 255 254 165 255 255 255 209 239 154 142 144 224 255 255 236 246 45 0 14 219 255 224 255 255 255 255 201 255 255 238 255 255 255 255 234 212 255 255 255 255 255 255 255 29 0 75 152 231 255 255 192 142 234 255 255 191 223 255 255 205 255 255 255 255 207 140 255 241 171 124 0
24 103 242 255 255 255 255 255 255 253 184 161 255 255 227 221 255 255 255 255 208 216 255 255 212 147 10 106 255 255 255 255 255 205 255 208 255 255 255 255 255 255 255 253 205 255 255 255 255 255 255 255 130 0 62 255 228 147 255 219 201 255 230 255 204 188 255 255 210 219 210 253 197 255 255 216 218 255 158 0 0 141 180 255 255 255 255 255 255 255 227 162 255 255 255 216 236 154 173 217 255 255 255 255 255 92 0 23 216 255 247 255 255 255 255 201 255 255 254 255 255 255 255 234 212 255 255 255 255 255 245 255 53 0 70 155 227 255 255 203 142 238 255 255 205 219 255 255 198 255 255 255 255 225 230 255 200 164 127 0
42 120 250 255 255 255 255 255 255 255 181 184 255 255 227 232 255 255 255 255 205 227 255 255 202 57 0 108 255 255 255 255 255 212 255 208 255 255 255 255 255 255 255 249 208 255 255 255 255 255 255 255 139 0 56 255 224 151 255 223 219 255 255 255 197 194 255 255 206 215 199 246 202 252 255 255 167 228 255 13 0 163 177 255 255 255 255 255 255 255 205 158 255 255 255 255 242 223 255 255 255 255 255 255 237 92 0 33 218 255 255 255 255 253 255 201 255 255 255 255 255 255 255 242 223 255 255 255 255 255 255 255 46 0 79 161 234 255 255 214 142 230 255 255 208 234 255 255 201 255 255 246 177 225 255 255 190 172 125 0
68 134 250 255 255 255 251 255 255 255 174 194 255 255 231 236 255 255 255 255 198 234 255 255 243 24 0 108 252 255 255 255 255 219 255 205 255 255 255 255 255 255 255 249 212 255 255 255 255 255 255 255 142 0 54 255 221 157 251 227 234 255 255 255 194 201 255 255 203 212 186 242 192 173 216 255 180 247 255 13 0 194 174 255 255 255 245 255 255 255 198 162 255 255 255 255 255 255 255 255 255 255 255 255 238 69 0 43 202 255 255 255 255 212 255 205 255 255 255 255 255 255 255 234 223 255 255 255 255 255 255 202 14 0 72 152 234 255 255 224 139 223 255 255 201 253 255 255 205 255 255 246 143 173 255 255 200 173 136 12
74 125 241 255 255 255 187 154 235 255 155 187 255 255 223 224 255 255 255 255 201 246 255 255 255 29 0 103 252 255 255 255 255 227 255 201 255 255 255 255 255 255 255 253 216 255 255 255 255 255 255 255 142 0 56 255 221 163 247 219 230 255 255 227 204 208 255 255 214 226 192 249 172 176 234 255 240 199 194 4 0 194 164 255 255 255 222 255 255 255 205 168 255 255 255 255 255 255 255 255 255 255 255 255 255 80 8 103 239 255 249 255 255 199 255 212 255 255 255 255 255 255 255 219 212 255 255 255 255 255 255 152 0 0 70 158 223 255 255 228 139 219 255 255 191 255 255 255 205 255 255 255 255 183 233 255 212 161 139 12
71 135 255 255 255 255 222 133 214 255 155 164 255 255 223 230 255 255 255 255 246 255 255 255 255 28 0 105 244 255 255 255 255 217 255 194 255 255 255 255 255 255 255 253 208 255 255 255 255 255 255 255 142 0 74 255 226 157 255 219 234 255 255 254 174 250 255 255 206 222 188 255 197 255 255 255 215 146 165 0 0 191 171 255 255 255 205 255 255 255 212 154 255 255 255 255 255 255 255 255 255 255 255 255 255 92 16 133 248 255 237 255 255 198 255 201 255 255 255 255 255 255 255 194 219 255 255 255 255 255 255 155 6 0 83 155 230 255 255 255 144 194 255 255 176 255 255 255 205 255 255 255 255 255 255 255 255 178 136 14
62 125 255 255 255 255 237 145 207 255 158 164 255 255 227 226 255 255 255 255 255 255 255 255 255 31 0 105 252 255 255 255 255 242 255 201 255 255 255 255 255 255 255 255 208 255 255 255 255 255 255 255 139 0 71 255 219 154 251 219 234 255 255 255 187 246 255 255 221 205 191 255 193 255 255 216 137 161 243 12 0 195 158 255 255 255 226 243 255 255 222 152 255 255 255 251 255 255 255 255 255 255 255 255 255 105 20 139 255 255 218 255 255 198 255 201 255 255 255 255 255 255 255 208 219 255 255 255 255 255 255 185 1 0 157 170 230 255 255 254 142 184 255 255 179 255 255 255 195 255 255 255 255 255 255 255 255 246 127 12
73 131 255 255 255 255 245 148 207 255 162 164 255 255 227 226 255 255 255 255 255 255 255 255 255 29 0 83 241 255 255 255 255 255 255 205 255 255 255 246 255 255 255 255 208 255 255 255 255 255 255 255 136 0 76 255 222 154 251 223 227 255 255 255 198 242 255 255 243 187 208 255 185 255 255 238 185 255 255 8 0 212 168 255 255 255 255 255 255 255 201 168 255 255 255 251 255 255 255 255 255 255 255 255 255 98 4 114 252 255 200 255 255 198 255 205 255 255 255 255 255 216 230 198 223 255 255 255 255 255 255 205 0 0 231 173 226 255 255 255 154 181 255 255 176 255 255 255 198 255 255 255 255 255 255 255 255 242 140 12
71 120 255 255 255 255 253 134 211 255 162 164 255 255 231 222 255 255 255 255 255 255 255 255 255 28 0 69 248 255 255 255 255 255 255 205 255 255 255 231 255 255 255 253 205 255 255 255 255 255 255 255 136 0 96 255 226 154 251 230 219 255 255 255 198 238 255 255 255 187 246 255 194 255 255 254 247 255 255 20 0 205 171 255 255 255 255 255 255 255 181 168 230 198 242 199 255 255 255 255 255 255 255 255 255 93 0 95 255 255 194 227 255 194 255 205 255 255 255 255 255 231 238 194 219 255 255 255 255 255 255 201 6 0 231 167 230 255 255 255 179 181 255 255 176 255 255 255 195 255 255 249 165 194 255 255 230 176 149 11
79 130 255 255 255 255 255 145 214 255 162 168 255 255 234 226 255 255 255 255 255 255 255 255 255 28 0 67 255 255 255 255 255 255 255 201 255 255 255 223 255 255 255 246 205 255 255 255 255 255 255 255 139 0 98 255 226 154 251 234 212 255 255 255 187 238 255 255 255 201 255 255 194 255 255 255 218 255 255 51 0 205 165 255 255 255 255 255 255 255 215 164 208 242 255 177 255 255 255 255 255 255 255 255 255 93 0 66 255 255 186 220 255 194 255 201 255 255 255 255 255 255 255 205 212 255 255 255 255 255 255 221 14 0 205 168 234 255 255 255 192 168 255 255 173 255 255 255 191 255 255 236 139 174 255 255 165 153 98 0
46 117 255 255 255 255 255 167 211 255 155 168 255 255 234 230 255 255 255 255 255 255 255 255 255 26 0 64 255 255 243 255 255 255 255 205 255 255 246 230 255 255 255 246 208 255 255 255 255 255 255 255 139 0 74 255 222 151 251 242 208 255 255 255 184 242 255 255 236 215 255 255 196 255 255 255 193 255 255 62 0 212 174 255 255 255 255 255 255 255 212 146 201 255 255 187 255 255 255 255 231 250 255 255 255 91 0 58 249 255 180 231 255 205 255 201 255 255 238 255 255 255 255 198 216 255 255 255 255 255 255 254 20 0 191 173 230 255 255 255 203 164 255 255 165 255 255 255 198 255 232 184 157 204 255 255 171 218 68 0
0 74 255 255 255 255 255 179 197 236 146 171 255 255 231 230 255 255 255 255 255 255 255 255 255 29 0 54 255 255 255 255 255 255 255 201 255 255 227 239 255 255 255 255 216 255 255 255 255 255 255 255 139 0 54 255 222 151 255 249 205 255 255 255 194 250 255 255 214 222 255 255 204 255 255 253 154 241 255 59 0 201 178 255 255 255 255 255 255 255 197 158 247 255 246 194 255 255 255 255 205 234 255 255 238 92 0 90 255 255 180 227 255 216 255 198 255 255 201 242 255 255 255 188 219 255 255 250 255 255 255 255 22 0 155 170 226 255 255 255 239 201 255 255 161 255 255 255 194 255 146 140 133 197 255 255 250 255 142 0
5 89 255 255 255 255 255 221 183 221 140 171 255 255 227 226 255 255 255 255 255 255 255 255 255 26 0 31 244 255 255 255 255 255 255 198 255 255 214 239 255 255 255 255 219 255 255 255 255 255 255 252 139 0 58 255 230 154 255 253 201 255 255 255 205 254 255 255 199 219 255 250 197 255 255 219 135 208 255 60 0 209 178 255 255 255 234 199 216 255 171 161 255 255 255 174 255 255 255 255 201 242 255 255 254 102 0 90 255 255 172 227 255 227 255 194 255 250 181 223 255 255 255 205 216 255 250 216 255 255 255 255 20 0 113 161 222 255 255 255 255 255 255 242 158 255 255 255 201 255 152 191 207 255 255 255 255 255 255 15
25 107 255 255 255 255 255 242 191 222 143 171 255 255 231 234 255 255 255 255 255 255 255 255 255 29 0 0 250 255 255 255 255 255 255 194 255 255 216 238 255 255 255 255 255 255 242 251 255 255 255 245 135 0 80 255 226 154 251 249 205 255 255 234 203 255 255 255 206 210 255 250 196 255 255 201 149 167 175 47 0 235 167 255 255 255 248 158 151 255 178 152 250 255 255 184 255 254 255 255 255 255 255 255 255 149 0 100 255 255 168 219 255 231 255 198 255 246 165 223 255 255 255 201 217 255 251 184 255 255 255 255 29 0 110 162 227 255 255 255 255 255 255 242 160 255 255 255 250 255 220 255 255 255 255 255 255 255 194 25
35 124 255 255 255 255 255 250 188 222 143 168 255 255 223 226 255 255 255 255 255 255 255 255 255 35 0 18 255 255 253 248 255 255 255 205 255 255 219 242 255 255 255 255 255 255 238 232 255 255 255 237 128 0 83 255 230 157 243 234 201 255 255 254 214 255 255 255 206 217 255 255 192 255 255 204 140 167 188 39 0 238 175 255 255 255 255 174 160 255 191 158 246 255 255 181 255 255 255 255 255 255 255 255 255 155 0 64 255 255 164 234 255 254 255 198 255 238 184 246 255 255 255 208 214 255 223 161 255 255 255 211 8 0 193 181 223 255 255 250 255 255 255 255 157 255 255 255 255 255 255 255 255 255 255 255 255 255 148 11
17 115 255 255 255 255 255 246 191 237 152 168 255 255 231 230 255 230 253 255 238 255 255 255 255 61 0 32 246 255 234 255 255 255 255 205 255 255 212 238 255 255 255 255 255 255 234 221 255 255 255 241 134 0 95 255 226 160 239 223 208 255 255 255 199 255 255 255 210 221 255 255 192 255 255 226 158 219 255 92 0 227 199 255 255 255 255 222 167 255 178 158 246 255 250 184 255 255 255 255 255 255 255 255 255 157 0 52 255 255 161 226 255 255 255 201 255 219 188 234 255 255 255 203 221 255 234 201 255 255 255 194 2 0 186 168 219 255 255 227 255 255 255 255 166 243 255 255 255 255 255 255 255 255 255 255 255 255 145 8
0 102 255 255 255 255 255 242 188 245 158 164 255 255 231 230 243 154 176 199 214 255 255 255 255 92 0 41 255 255 227 255 255 254 255 219 255 255 201 234 255 255 255 255 255 255 234 224 255 255 255 241 134 0 97 255 219 160 243 223 223 255 255 255 210 255 255 255 206 210 255 227 199 255 255 253 167 233 255 105 14 235 209 255 255 255 255 255 186 225 158 161 254 255 242 191 255 255 255 255 255 255 255 255 255 153 0 35 255 255 155 215 255 254 255 201 255 230 191 242 255 223 219 192 232 255 246 255 255 220 255 183 3 0 130 157 238 255 255 231 246 255 255 250 171 224 255 255 250 255 255 255 255 255 255 255 255 255 161 9
0 104 255 255 255 255 255 254 181 241 155 158 255 255 223 226 226 146 151 151 199 255 255 255 255 97 0 30 255 255 230 254 255 250 255 255 255 255 194 227 255 255 255 255 255 255 234 228 255 255 255 245 134 0 95 255 219 160 247 223 234 255 255 255 203 255 255 255 206 228 255 255 196 255 255 255 171 201 255 64 74 255 209 255 255 255 255 255 204 244 174 161 246 255 250 194 255 219 242 242 223 255 255 255 255 90 0 37 255 255 164 199 254 209 255 201 255 246 188 249 255 212 208 192 228 255 254 255 252 216 255 148 0 0 116 160 255 255 255 231 219 255 255 246 158 206 255 255 216 255 255 255 255 255 255 255 255 255 167 12
0 110 255 255 255 255 255 250 188 249 155 158 255 255 223 230 226 168 160 144 201 255 255 255 255 111 0 42 255 255 236 255 255 238 255 255 255 255 184 219 255 255 255 255 255 255 234 224 255 255 255 237 120 0 90 255 226 157 247 219 230 255 255 255 214 255 255 255 206 236 255 255 196 255 255 255 167 187 255 55 89 255 231 255 255 255 255 255 193 255 194 152 223 255 255 194 247 154 157 165 184 255 255 255 255 91 0 31 248 255 166 199 255 195 255 216 255 234 181 242 255 238 228 189 214 255 255 255 255 225 255 139 0 0 120 170 255 255 255 254 231 255 255 250 158 206 255 255 209 255 255 255 255 255 255 255 255 255 161 19
0 126 255 255 255 255 255 246 205 255 164 168 255 255 227 237 241 158 157 171 242 255 255 255 255 128 0 107 255 255 239 255 255 223 255 255 255 255 181 227 255 255 255 255 255 255 234 221 255 255 255 200 86 0 72 255 230 154 247 219 230 255 255 255 203 255 255 255 214 243 255 255 199 255 255 211 146 174 255 57 95 255 255 255 255 255 255 255 204 255 191 143 219 255 255 194 255 177 139 188 238 255 255 255 255 76 0 38 255 255 166 196 255 191 255 253 255 227 201 253 255 253 224 189 216 255 255 255 255 193 222 163 3 0 123 173 255 255 255 255 255 255 255 254 168 215 246 255 201 255 255 255 255 255 255 255 255 255 164 12
20 166 255 255 255 255 255 254 209 255 161 168 255 255 219 234 255 151 157 238 255 255 255 255 255 122 0 127 255 255 243 255 255 223 255 255 255 255 191 249 255 255 255 255 255 255 238 224 255 255 255 180 72 0 68 255 226 147 251 227 234 255 255 255 214 255 255 255 210 243 255 255 189 255 255 194 140 174 255 57 150 255 255 255 255 255 255 255 252 255 178 152 242 255 250 191 255 208 142 255 255 255 255 255 255 55 0 23 244 255 160 203 254 198 255 255 255 216 223 255 255 247 210 196 230 255 255 231 255 186 211 183 5 0 112 149 255 255 255 255 255 255 255 255 168 208 184 255 191 255 255 255 255 255 255 255 255 255 183 8
28 210 255 255 255 255 255 255 231 255 164 166 255 255 234 221 255 188 155 231 255 255 255 255 255 129 0 111 255 255 236 250 255 246 255 255 255 255 184 234 255 255 255 255 255 255 234 227 255 255 229 130 18 0 59 255 221 160 243 223 234 255 255 255 206 255 255 255 189 255 255 255 188 255 255 238 150 171 255 57 152 255 255 255 255 255 255 255 255 255 174 161 219 255 255 176 255 255 242 220 255 255 255 255 255 72 0 10 230 255 174 194 255 184 255 255 255 219 216 255 255 242 214 192 224 255 216 165 255 222 198 187 3 0 55 152 255 255 255 255 246 255 255 252 174 176 221 255 194 255 255 255 255 255 255 255 255 255 149 11
19 199 255 255 255 255 255 255 255 255 155 157 255 255 231 224 255 194 149 242 255 255 255 255 255 153 0 123 255 255 225 254 255 242 255 255 255 255 187 241 255 255 255 255 255 255 238 219 255 255 225 130 25 0 61 255 221 160 247 223 234 255 255 255 214 255 255 255 203 255 255 242 201 255 255 253 169 171 255 55 177 255 255 255 255 255 255 255 255 255 184 158 219 255 254 186 255 255 255 255 255 255 255 255 255 84 0 19 234 255 167 205 255 201 255 255 255 223 216 255 255 249 221 192 243 255 194 184 255 255 255 190 0 0 116 164 255 255 255 255 255 255 255 248 152 179 243 255 188 255 255 255 255 255 219 255 255 255 148 19
31 221 255 255 255 255 255 255 255 255 161 163 255 255 227 224 255 238 168 246 255 255 255 255 255 82 0 116 255 255 218 248 255 234 255 255 255 255 191 253 255 255 255 255 255 255 238 217 255 255 245 160 55 0 67 255 221 157 247 223 234 255 255 255 203 255 255 255 206 247 255 246 191 255 255 255 182 155 255 55 164 246 240 255 255 255 255 255 213 255 187 152 227 255 246 189 255 255 255 255 230 198 230 255 255 67 0 28 249 255 161 191 255 246 255 255 255 227 216 255 255 242 224 192 255 255 253 255 255 255 255 197 0 0 181 174 249 255 255 255 255 255 255 230 155 206 255 255 181 255 255 255 255 240 204 255 255 255 146 33
28 210 255 255 255 255 255 255 255 247 161 173 255 255 227 224 255 255 250 255 255 255 255 255 255 46 0 51 255 255 211 248 255 227 255 255 255 255 191 255 255 255 255 255 255 255 234 221 255 255 255 187 87 0 79 255 221 157 247 219 234 255 255 255 217 255 255 255 206 228 255 255 194 255 255 255 189 146 255 60 164 255 255 255 255 255 255 255 162 249 184 152 227 255 250 182 255 243 206 194 168 160 224 255 255 70 0 21 249 255 174 201 255 255 255 255 255 227 216 255 255 230 228 196 247 239 255 255 255 255 255 185 0 0 224 171 250 255 255 255 227 231 255 227 164 228 255 255 184 255 255 255 255 241 219 255 255 255 174 52
24 196 255 255 255 255 255 255 255 232 152 166 255 255 227 224 255 255 255 255 255 255 255 255 255 125 0 6 255 255 204 255 255 219 255 255 255 255 191 255 255 255 255 255 255 255 230 224 255 255 253 174 85 0 84 255 224 154 251 219 227 255 255 255 251 255 255 255 217 217 255 255 219 255 255 255 192 143 231 49 161 255 255 255 255 255 255 255 185 253 197 158 223 255 255 186 255 217 146 137 155 222 255 255 255 59 0 14 232 255 168 188 255 255 255 255 255 227 216 255 255 246 228 196 255 232 255 255 255 255 255 171 8 33 239 190 255 255 255 246 174 165 255 230 155 217 255 255 194 255 255 255 255 255 241 255 255 255 223 51
41 203 255 255 255 255 255 255 255 244 155 163 252 255 222 221 255 255 255 234 254 255 255 255 255 203 0 20 255 255 203 250 255 216 254 255 255 255 191 255 255 227 242 255 255 255 232 221 255 255 249 170 82 0 81 255 221 154 255 216 219 255 255 255 244 255 255 255 218 189 255 255 253 255 255 255 210 164 227 45 155 255 255 255 255 255 255 255 246 255 222 164 219 255 255 196 255 220 148 155 174 236 255 255 255 61 0 26 248 255 174 194 255 255 255 255 255 219 212 255 255 255 207 179 255 232 255 255 255 255 255 173 0 0 98 152 255 255 255 255 205 151 255 228 155 210 255 255 191 255 255 255 255 255 255 255 255 255 238 38
37 179 255 255 255 255 255 255 255 255 162 166 252 255 222 218 255 255 255 255 255 255 255 255 255 162 0 34 255 250 210 238 255 209 246 255 255 255 188 255 255 205 223 255 255 255 232 212 255 255 248 178 80 0 77 255 217 151 255 216 212 255 255 246 232 255 255 255 218 163 255 255 255 255 255 255 247 187 255 55 153 241 255 255 255 255 255 255 250 255 222 164 230 255 238 206 255 214 157 174 174 210 255 255 255 63 0 14 210 253 164 191 254 205 255 255 255 209 212 255 255 255 183 173 255 218 242 255 255 255 255 190 0 0 57 176 255 255 255 255 223 142 237 226 161 206 255 255 188 255 255 255 255 255 255 255 255 255 219 15
17 144 255 255 255 255 255 242 225 240 152 166 252 255 225 218 255 255 255 255 255 227 235 255 255 126 0 4 255 255 203 249 255 200 240 255 255 255 185 242 255 201 223 255 255 255 236 198 255 255 244 168 68 0 74 255 214 151 255 219 208 255 253 231 255 255 255 255 229 163 255 254 255 255 255 255 243 171 255 51 118 161 219 255 255 255 255 249 202 255 212 161 249 255 219 210 255 237 160 149 152 225 255 255 246 55 0 12 210 255 171 191 252 180 255 255 255 204 211 255 255 254 183 207 255 225 250 255 255 255 255 164 3 0 73 152 255 255 255 255 250 151 221 207 146 196 255 255 194 250 255 255 255 255 255 255 255 255 179 0
21 102 249 255 255 255 255 230 193 240 166 157 251 255 210 218 254 255 255 255 214 166 203 255 255 134 0 1 255 255 196 245 255 191 250 255 255 255 181 255 255 201 212 255 255 255 216 182 255 255 229 183 92 0 73 255 214 154 248 218 221 255 255 214 255 255 255 255 195 165 254 248 244 255 255 255 217 161 223 55 110 158 223 255 255 255 255 255 240 255 179 166 255 255 229 196 255 200 163 139 166 250 255 255 204 83 0 7 199 255 157 198 231 191 255 255 255 209 216 255 255 254 175 242 255 216 242 255 255 255 255 164 0 0 146 179 255 255 255 255 255 193 207 176 146 203 255 255 181 255 255 255 255 255 255 250 255 255 137 0
17 118 255 255 255 255 255 223 186 232 166 157 248 255 200 210 255 255 235 207 163 145 193 255 255 140 0 4 255 253 192 226 255 191 242 255 255 254 175 255 255 198 208 255 255 255 212 182 253 255 255 203 105 0 60 249 207 163 251 210 218 255 229 154 214 255 255 255 185 175 255 229 244 255 255 255 224 164 216 45 113 158 216 255 252 255 255 255 255 255 170 203 255 251 214 236 236 160 173 214 229 255 255 255 233 73 0 12 199 247 166 201 238 188 254 255 254 195 209 255 255 254 178 242 255 212 235 255 255 255 255 161 3 0 80 157 255 255 255 255 255 189 214 193 155 200 255 255 178 238 210 200 244 187 231 255 255 255 198 14
19 147 255 255 253 252 255 216 173 221 170 160 240 255 189 203 255 220 183 160 142 157 218 251 252 146 0 2 255 234 205 226 255 188 231 255 255 242 168 255 255 195 205 255 255 254 212 183 255 255 229 160 75 0 51 255 214 170 248 200 210 255 229 154 214 254 255 255 181 178 255 200 225 255 255 255 243 211 250 43 121 179 231 255 252 255 255 255 255 236 160 229 255 255 207 232 221 142 183 255 251 250 255 255 204 47 0 21 203 237 169 208 235 181 250 255 250 185 202 255 255 250 185 242 254 205 227 255 250 255 255 158 2 0 116 200 255 254 255 255 255 189 214 203 152 189 248 254 185 227 179 148 167 148 216 255 255 253 209 9
18 174 255 255 245 244 255 207 166 214 170 163 236 255 186 207 246 185 154 151 160 207 255 246 255 178 0 11 255 226 208 219 255 188 220 250 250 235 168 254 251 193 202 252 248 250 210 179 250 249 207 166 79 0 53 252 218 170 236 200 210 251 229 183 246 254 246 255 189 176 244 189 200 255 253 242 251 255 255 43 129 218 250 247 233 254 255 242 248 240 200 221 236 255 221 218 236 154 189 240 221 238 255 227 152 28 0 33 218 230 160 207 227 181 250 255 238 181 195 255 254 242 185 238 242 202 220 254 250 248 255 151 0 0 200 225 250 250 250 250 255 193 218 189 149 183 244 246 191 238 186 139 152 201 238 242 251 253 205 8
11 174 255 251 241 237 242 197 170 210 173 163 229 251 186 210 244 179 154 154 166 221 255 235 236 181 0 23 255 226 198 197 255 197 218 244 248 233 173 252 244 193 202 254 246 246 207 176 239 251 200 200 102 0 66 241 210 173 236 196 210 236 207 160 226 245 237 245 186 176 244 190 186 245 249 230 236 234 255 39 131 236 250 232 204 213 236 234 240 248 248 183 176 183 214 214 244 173 200 240 222 237 237 183 137 28 0 33 229 230 154 204 221 186 248 240 221 183 196 248 248 237 183 229 233 200 222 252 246 252 255 139 0 0 193 232 237 245 241 237 248 214 229 176 155 189 248 231 191 250 203 154 187 255 252 223 239 245 191 7
15 161 241 245 239 233 227 193 186 217 176 160 225 248 186 214 236 179 162 152 154 203 240 235 233 184 0 26 255 219 184 190 244 207 222 237 240 233 176 244 236 189 200 246 238 240 203 176 232 241 186 203 105 0 100 255 207 186 232 176 200 244 207 139 183 241 248 240 183 173 237 186 180 228 242 238 225 194 222 43 131 232 242 239 193 167 207 255 240 229 248 170 176 167 204 214 244 186 207 252 244 233 222 180 148 27 0 23 218 230 160 207 221 186 240 221 207 179 200 244 240 229 180 222 222 197 218 244 238 248 207 108 5 0 118 255 226 241 233 233 244 233 244 180 152 183 240 216 178 242 221 183 197 232 244 242 248 245 199 13
42 170 233 241 224 229 220 206 207 225 176 157 218 244 183 214 225 176 162 149 155 200 227 231 255 198 0 32 249 219 177 194 237 218 225 229 233 225 180 233 233 186 197 237 226 233 200 173 221 230 197 203 99 0 120 251 207 189 229 166 193 244 221 157 173 244 237 233 193 180 229 186 170 217 234 230 228 205 229 47 125 229 231 239 193 145 183 237 244 218 237 204 222 218 214 218 240 211 218 240 237 226 222 207 164 20 0 23 203 218 166 211 218 179 232 221 210 179 193 236 237 222 180 218 218 197 214 233 227 204 164 90 0 0 102 228 222 233 226 229 237 225 240 183 149 170 229 209 171 223 229 221 208 203 222 231 237 248 224 37
81 195 237 234 213 222 223 229 221 232 179 154 210 244 179 210 225 178 158 155 174 214 220 220 214 161 0 26 241 222 177 197 233 225 233 229 225 222 176 225 229 183 193 229 218 229 200 173 221 215 193 170 68 0 106 221 200 179 225 179 200 229 214 179 187 229 211 233 222 190 229 204 164 217 227 207 225 234 244 37 111 221 220 228 190 145 163 184 225 214 229 222 222 233 200 214 225 233 229 222 218 218 226 226 183 21 0 39 203 208 166 204 214 170 229 232 221 179 186 229 233 218 180 218 218 197 211 225 208 154 164 108 0 0 170 205 222 226 215 226 222 207 225 180 155 166 229 216 171 205 221 236 219 213 223 202 208 218 182 23
70 186 224 218 228 214 214 211 222 214 173 160 207 233 173 204 222 176 154 160 183 208 222 220 231 55 0 31 229 217 164 193 221 221 218 222 229 218 172 221 218 197 172 232 211 214 193 177 224 226 192 176 52 0 128 224 200 186 218 183 183 218 218 180 199 217 220 231 206 195 217 192 175 222 226 190 173 224 225 44 66 215 214 222 197 145 163 159 201 241 218 218 211 226 194 215 221 221 217 208 218 229 224 217 182 26 0 25 186 207 171 206 210 182 221 221 206 182 186 221 222 218 192 213 213 189 207 221 195 158 222 124 0 0 133 172 221 221 213 213 210 182 204 183 152 170 215 215 155 221 224 214 215 196 157 167 211 233 152 19
82 179 221 208 209 215 220 194 214 214 176 160 199 221 173 199 218 183 161 155 164 186 209 212 216 94 0 13 230 208 174 191 221 218 203 201 211 210 173 218 221 200 180 229 207 210 184 164 212 211 188 145 45 0 117 212 193 186 210 176 183 214 210 183 152 195 212 202 171 178 209 178 173 211 205 173 149 204 223 37 57 191 218 206 191 163 154 158 200 210 207 214 200 203 196 210 204 205 205 208 212 205 208 220 153 26 0 16 171 204 167 208 200 173 211 211 200 176 180 218 214 210 182 203 209 175 185 202 198 181 241 124 0 0 66 207 218 207 203 214 206 163 182 173 158 177 215 210 154 210 200 173 152 163 162 192 207 206 119 0
84 163 210 208 191 201 216 191 197 207 176 164 197 218 173 197 204 183 160 151 157 180 208 212 212 126 0 0 235 189 167 177 215 209 185 181 194 202 171 204 200 190 177 215 204 211 191 168 194 201 197 121 24 0 105 207 190 190 204 170 187 211 207 190 151 194 207 194 170 180 211 187 190 208 208 193 154 194 223 37 55 166 222 203 198 191 154 174 207 190 204 207 194 173 197 207 204 204 202 198 198 201 201 198 144 26 0 13 170 204 171 200 192 169 203 206 199 172 179 217 206 199 174 202 216 185 186 214 208 177 198 145 11 0 41 187 216 209 205 212 205 168 185 178 155 174 208 201 158 208 195 159 154 163 165 206 207 197 111 0
102 164 200 211 203 196 206 194 182 189 169 166 192 210 169 186 203 179 150 146 158 186 207 196 203 145 0 2 226 194 178 181 203 186 163 176 199 206 179 214 199 189 179 205 196 203 182 166 191 202 200 125 15 0 118 210 179 189 193 163 186 200 196 193 192 199 196 199 192 192 210 196 199 204 204 203 161 186 217 33 53 157 204 199 206 205 173 205 206 192 210 199 196 163 192 199 193 199 179 161 170 204 210 172 133 21 0 34 186 204 177 196 194 170 201 208 204 170 177 215 204 197 177 196 206 172 176 207 199 180 190 216 31 0 60 191 196 203 206 199 199 186 207 193 159 179 202 192 159 206 195 159 163 165 168 201 197 205 141 0
74 150 192 191 201 203 191 182 185 188 168 175 195 205 175 185 204 186 160 157 166 184 204 185 191 146 0 27 189 192 176 170 213 185 153 172 195 199 176 199 191 181 180 200 197 200 176 165 196 193 186 133 16 2 142 208 186 197 197 170 193 197 197 200 200 197 190 200 200 200 200 190 187 188 183 179 160 196 193 15 21 154 200 195 197 200 193 207 190 200 204 190 197 160 186 197 204 204 174 151 154 186 200 164 153 26 0 64 200 194 179 196 180 167 186 193 193 164 170 200 198 185 175 195 197 174 177 204 197 180 186 197 13 0 54 176 197 194 200 194 191 177 189 179 164 183 200 187 164 193 186 157 157 161 174 197 183 191 128 0
20 125 211 208 206 212 206 200 198 198 177 191 201 205 184 201 193 191 171 177 177 187 208 195 193 107 0 70 206 203 180 176 208 191 158 171 184 194 177 194 200 187 191 201 207 205 187 184 200 201 192 136 11 1 149 218 196 206 206 186 199 199 203 203 193 203 207 207 203 207 207 193 177 189 199 183 176 212 160 0 1 162 210 203 200 191 192 183 184 204 201 197 204 174 194 208 197 181 161 164 161 164 191 181 159 19 0 41 177 191 190 192 176 173 186 186 193 167 173 197 197 174 174 194 196 183 186 196 195 174 180 121 0 0 36 174 198 187 200 200 207 193 204 204 164 183 200 193 183 200 196 169 170 163 176 195 204 204 97 0
0 47 110 109 97 103 107 103 107 105 92 107 110 110 110 138 102 103 93 108 114 113 127 116 113 42 0 61 164 166 151 136 136 157 147 152 164 189 183 186 162 130 119 114 113 109 101 111 130 135 136 90 1 0 92 148 110 116 118 105 110 102 110 105 111 111 111 111 108 105 108 116 107 114 133 119 116 116 73 0 0 109 114 108 113 99 100 110 117 119 114 137 119 106 122 137 121 113 110 142 147 145 173 173 105 17 0 21 143 166 166 176 170 176 186 186 193 173 183 200 196 154 151 166 160 154 139 116 96 107 138 75 0 0 30 154 171 165 154 119 111 114 120 102 92 102 110 110 119 134 136 119 110 92 94 105 148 176 77 0
0 0 5 5 3 9 8 0 0 0 0 1 1 1 8 33 5 2 0 8 16 12 14 2 4 0 0 0 35 51 55 22 19 50 57 53 53 73 67 58 54 26 13 2 2 2 5 19 30 31 39 21 0 0 19 31 12 14 15 9 9 5 9 6 6 0 0 0 0 0 0 2 14 4 16 14 8 0 0 0 0 22 0 0 0 0 0 31 21 14 10 37 13 7 19 26 19 19 21 43 51 53 66 48 16 0 0 0 62 54 47 64 73 85 92 87 97 85 95 102 86 50 46 57 48 46 33 8 2 7 25 16 0 0 14 54 52 61 46 1 0 17 26 2 7 6 5 8 19 28 31 23 13 5 8 4 29 70 28 0
0 0 0 8 22 0 0 38 53 66 34 19 23 31 27 0 1 26 42 45 43 55 68 49 32 13 12 16 18 15 18 39 46 0 0 0 14 19 10 13 16 21 17 6 4 10 3 0 0 0 0 0 0 0 0 0 0 0 0 0 0 0 0 0 0 51 113 136 141 141 142 145 136 141 126 58 0 20 106 88 69 86 83 82 85 64 39 37 26 9 3 2 6 0 0 17 34 0 0 0 0 0 0 0 12 0 0 0 0 0 14 0 0 0 0 0 0 0 0 0 0 9 14 2 21 29 27 0 0 34 33 0 0 0 0 0 0 0 25 51 31 0 0 1 0 0 1 47 37 0 0 22 6 0 0 0 0 0 0 0

