0 0 0 0 0 0 0 0 0 0 0 0 0 0 14 19 0 0 0 0 0 0 0 0 1 0 0 0 28 23 29 16 15 33 33 30 32 53 49 39 33 12 5 2 0 0 0 14 24 38 24 35 0 0 13 9 0 2 0 0 0 0 0 0 0 0 0 0 0 0 0 0 1 0 0 0 0 0 0 0 0 0 0 0 0 0 0 15 13 0 2 11 0 0 30 31 30 8 7 31 39 33 43 43 8 0 0 2 46 36 24 43 62 64 58 56 90 90 75 66 62 49 33 29 26 35 26 1 2 6 11 0 0 0 19 46 33 29 24 0 0 8 3 0 0 0 3 3 7 7 19 4 7 12 0 4 22 57 15 9
0 42 85 77 77 80 79 72 75 75 72 70 80 75 100 102 78 82 73 77 87 90 91 80 91 11 0 53 136 130 110 114 108 118 113 124 130 153 150 150 131 108 102 105 79 80 80 90 112 127 130 92 0 8 113 95 77 91 86 77 75 82 79 79 81 78 83 76 76 81 83 90 88 92 101 90 90 90 25 0 15 75 80 80 87 72 85 92 97 95 97 105 82 82 121 119 119 95 90 111 117 117 131 128 82 0 0 0 145 135 124 133 148 154 154 148 176 173 167 157 155 134 122 127 122 120 117 95 82 92 105 53 0 0 57 126 140 120 117 90 90 90 86 72 71 85 102 100 100 97 111 85 85 87 87 94 124 138 20 23
14 136 207 196 201 203 206 206 200 197 179 183 210 196 194 197 195 186 171 174 191 201 207 190 210 64 0 105 200 197 157 194 201 184 161 180 187 190 176 190 197 180 189 207 193 203 186 184 196 183 195 133 0 22 232 204 193 203 200 186 197 204 204 200 205 205 208 198 198 208 205 198 164 179 208 180 201 218 78 0 31 160 208 192 197 186 186 180 186 203 196 200 186 179 203 196 189 176 160 163 163 173 189 176 172 0 0 21 191 177 183 196 167 173 186 180 183 173 183 183 198 174 170 200 197 173 194 197 179 176 197 118 0 0 92 206 197 187 191 198 207 189 207 196 164 183 207 196 189 191 201 167 167 167 185 185 199 196 34 20
56 180 204 191 194 187 180 179 188 188 162 172 212 196 173 186 190 174 157 157 170 186 193 190 199 91 0 70 169 191 158 196 200 173 146 171 184 184 168 187 186 172 180 194 187 200 175 173 194 177 173 129 0 7 184 197 180 186 190 170 186 197 194 190 193 186 190 193 190 186 183 183 192 193 200 160 169 211 124 0 42 163 190 188 199 192 185 191 185 195 192 188 178 169 185 185 190 190 170 157 157 176 190 164 157 0 0 84 196 179 173 197 174 174 201 194 181 165 188 191 194 170 174 201 194 155 179 196 188 164 182 132 1 0 94 193 185 195 191 192 192 172 194 167 156 175 192 182 172 185 188 157 161 168 181 194 188 204 85 27
66 177 182 197 201 196 201 181 187 187 158 164 208 201 171 194 199 174 161 159 166 184 196 199 217 102 0 37 182 199 162 180 197 183 154 176 197 204 183 200 201 186 196 202 188 203 174 177 196 195 183 159 0 2 150 208 177 182 199 169 186 196 193 189 184 187 194 194 184 187 194 184 196 199 190 179 157 189 179 3 82 190 189 197 206 193 179 201 203 196 199 206 182 169 193 199 190 194 174 161 167 190 197 164 152 0 0 68 193 189 174 205 176 173 204 200 183 167 190 197 199 182 179 196 199 157 186 193 200 174 194 154 14 0 102 211 179 199 193 193 193 179 210 182 158 176 196 186 173 196 189 153 160 161 180 196 190 212 109 38
61 208 205 208 193 190 205 172 200 197 164 167 200 207 173 200 200 170 160 158 157 179 197 201 216 62 0 25 206 191 158 192 201 201 174 184 201 201 180 190 190 175 191 198 194 204 170 179 193 188 170 147 0 2 160 203 176 189 214 170 190 200 197 182 164 193 204 183 170 193 211 176 190 195 190 201 174 191 222 9 88 200 197 200 190 177 160 166 199 189 199 209 189 172 185 202 194 201 184 178 188 201 205 181 164 0 0 13 195 179 166 204 177 174 201 204 190 167 187 201 195 188 181 191 205 165 198 198 194 181 208 138 0 0 92 219 197 201 194 199 193 160 186 176 147 173 200 189 169 199 182 148 167 156 184 196 211 205 76 24
53 232 208 206 200 197 214 196 210 203 170 170 196 214 173 193 202 163 158 158 161 187 200 200 246 52 0 45 218 188 155 204 201 208 187 194 204 204 180 200 200 180 194 207 204 212 166 180 218 200 172 148 0 8 186 200 173 186 217 163 193 210 200 173 165 198 208 184 168 194 212 168 186 203 185 169 158 200 243 20 95 212 212 211 176 167 154 161 200 207 207 207 207 193 186 207 207 210 200 207 210 210 214 207 154 0 0 22 216 192 164 199 175 179 202 206 195 166 182 202 210 203 193 200 214 163 199 196 194 183 220 121 0 0 108 221 211 200 204 210 200 168 184 181 145 184 210 196 170 207 196 173 167 148 157 182 207 208 94 26
59 249 197 207 228 204 203 201 214 207 173 174 201 226 180 189 217 170 164 168 176 207 218 217 209 26 0 44 190 204 172 199 218 226 204 214 218 207 186 214 211 180 192 210 217 225 173 187 210 209 188 159 3 8 195 220 176 190 218 164 201 222 204 167 194 215 219 208 190 201 211 174 168 217 221 172 175 230 235 20 113 216 210 214 170 158 157 171 201 229 211 194 218 211 187 211 210 210 206 217 214 199 206 217 171 0 0 51 191 200 170 211 184 191 219 219 208 174 188 216 210 203 196 203 221 166 208 211 194 168 215 114 0 0 142 204 208 206 217 213 204 183 191 181 146 186 218 201 164 211 215 208 197 177 152 186 197 222 176 42
75 242 222 218 207 219 225 225 233 204 160 164 207 229 170 200 222 167 154 160 183 211 211 211 247 85 0 60 211 213 164 211 222 222 222 222 222 200 186 222 214 186 190 225 214 225 173 186 218 213 194 158 36 0 158 217 180 186 225 167 200 222 207 167 193 229 207 225 204 204 218 170 176 209 207 210 218 225 246 23 109 232 202 221 180 158 155 186 208 218 225 197 214 222 196 214 214 225 214 222 222 207 218 218 180 0 0 59 209 208 161 204 186 183 225 225 218 170 197 225 225 204 193 214 225 167 214 218 189 151 174 88 0 4 177 210 222 215 215 211 218 204 204 180 148 180 218 200 177 207 214 222 211 210 211 199 217 222 204 37
57 231 237 233 218 226 221 207 218 207 160 167 211 233 170 207 233 173 157 157 173 207 229 237 255 106 0 66 218 220 173 211 229 218 222 225 229 204 190 225 218 190 197 226 218 229 173 190 222 224 194 165 52 0 140 240 183 183 222 170 218 236 211 157 193 237 222 233 186 190 225 183 176 231 221 232 215 193 246 26 122 244 216 236 180 158 174 236 228 224 233 214 225 225 207 236 229 222 218 229 225 226 229 197 166 11 0 48 202 219 161 218 190 180 222 225 218 170 200 229 229 207 193 214 225 167 218 222 221 187 174 88 0 0 125 253 222 222 222 218 229 222 222 183 160 186 229 204 170 225 244 225 215 218 222 217 225 233 215 35
23 191 237 236 225 233 225 193 193 214 160 167 218 240 170 214 240 176 157 157 164 204 237 237 240 112 0 62 222 224 186 215 240 218 214 233 240 211 197 233 225 193 200 233 226 240 176 193 229 241 191 171 65 0 116 247 186 183 228 170 221 232 203 151 197 237 237 240 180 183 225 170 176 238 219 232 207 170 241 16 120 240 219 224 173 164 189 248 237 233 218 183 173 183 189 236 218 186 200 233 225 229 229 164 151 22 0 57 197 219 158 210 193 183 222 225 222 173 204 237 237 214 197 222 225 164 222 233 235 222 197 103 0 0 122 253 226 233 233 225 233 229 229 186 154 186 244 218 170 240 233 183 201 236 233 228 236 229 177 18
6 171 241 240 230 245 234 190 173 218 157 167 222 248 170 222 233 173 154 157 167 211 248 233 214 110 0 53 230 223 186 223 248 211 211 237 248 218 200 237 233 193 207 241 233 248 176 197 237 244 191 171 61 0 97 244 189 186 244 173 218 229 210 163 222 245 237 240 173 190 236 160 203 246 229 239 241 214 255 23 119 252 242 226 193 209 225 231 240 244 222 176 157 179 196 244 229 170 200 252 229 237 241 173 155 7 0 82 219 221 171 210 207 186 225 233 229 176 207 244 240 218 200 233 237 164 225 240 231 237 237 130 0 18 197 233 229 237 237 233 229 211 218 186 142 186 244 222 177 237 200 148 190 255 237 219 240 234 161 30
11 177 255 251 238 248 238 186 170 221 151 166 225 255 170 225 242 179 151 154 163 207 255 250 226 115 0 50 244 226 179 227 251 203 207 244 255 218 200 240 240 193 209 246 242 254 176 196 242 244 197 174 47 0 98 244 186 179 248 173 232 244 225 179 250 254 238 236 166 193 251 176 218 227 232 232 248 251 255 24 121 240 253 245 225 248 248 233 240 237 211 214 218 229 214 248 225 151 189 251 218 220 238 191 171 0 0 57 226 210 158 214 218 196 232 244 236 179 207 251 246 223 202 238 246 165 231 242 242 244 255 145 0 24 226 237 238 242 242 248 232 189 207 193 145 196 240 220 181 232 173 151 163 219 237 245 248 249 150 31
14 171 255 255 245 247 242 190 179 225 145 170 232 255 173 225 255 209 166 154 151 173 227 254 233 116 0 40 248 236 176 238 255 200 207 255 255 214 200 251 248 196 212 252 248 255 179 200 246 248 208 184 43 0 103 255 193 173 244 170 240 251 218 160 223 246 246 250 170 186 251 183 251 242 255 246 244 232 255 27 105 197 234 255 244 241 249 255 252 215 171 223 255 254 198 234 214 148 196 255 244 246 255 231 215 0 0 16 226 207 131 219 223 202 242 255 242 178 209 255 250 227 202 250 254 168 238 250 250 250 255 154 0 0 142 219 242 246 246 255 244 186 207 200 145 207 248 223 185 229 160 157 154 168 225 255 240 255 150 35
9 149 255 255 255 254 249 197 200 232 139 176 236 255 179 225 255 250 214 189 160 148 202 255 232 113 0 23 236 252 179 246 255 203 214 255 255 214 203 255 255 200 220 255 255 255 183 203 252 255 211 190 45 0 93 255 196 176 247 166 243 251 217 163 216 246 255 255 178 183 244 189 253 246 255 249 214 160 239 24 92 174 230 255 255 245 253 255 255 231 159 205 255 255 194 234 210 148 173 221 225 250 255 242 237 28 0 10 241 232 128 222 220 198 246 255 250 178 209 255 255 231 198 250 255 171 246 255 252 254 255 151 0 0 105 212 246 254 250 255 248 189 207 186 145 207 255 238 181 244 189 193 210 191 225 249 244 255 136 53
8 138 255 255 255 255 255 204 214 236 136 179 244 255 183 225 254 255 255 247 193 154 205 255 239 119 0 15 229 255 183 249 255 203 218 255 255 210 203 255 255 200 223 255 255 255 183 207 255 255 211 190 47 0 75 255 196 179 255 173 247 255 243 199 252 255 255 255 181 189 255 214 255 254 255 255 222 139 251 38 80 167 230 255 255 255 254 235 235 246 168 188 242 255 201 238 255 173 157 166 179 238 255 255 197 39 0 16 236 248 133 208 216 198 246 255 250 178 212 255 255 231 195 250 255 175 250 255 255 255 255 142 0 0 148 237 250 255 254 255 248 193 200 163 151 203 255 238 175 255 255 255 255 253 255 255 255 255 64 17
28 213 255 255 255 255 255 212 237 207 149 176 240 255 173 244 255 255 255 255 255 209 231 255 235 130 0 13 250 255 187 248 255 202 223 255 255 223 186 255 255 198 222 255 255 255 179 210 255 255 204 203 47 0 85 255 204 154 255 171 216 255 255 212 244 255 247 255 196 181 248 233 255 255 255 255 218 182 255 29 87 173 227 255 255 255 255 230 207 255 201 166 252 255 212 236 255 218 143 157 157 227 255 255 254 0 0 11 255 225 140 205 231 202 255 255 255 171 212 255 255 229 181 225 255 165 255 255 255 255 255 149 0 0 146 224 252 255 255 255 235 168 210 170 140 229 255 244 183 255 255 255 255 255 255 247 255 255 106 21
37 239 255 255 255 255 255 250 255 214 149 176 244 255 170 244 255 255 255 248 255 255 255 255 255 87 0 68 254 255 180 255 255 216 231 255 255 223 189 255 255 205 233 255 255 255 183 210 255 255 215 210 49 0 108 255 204 154 255 171 220 255 255 231 236 255 255 255 183 173 255 255 255 255 255 255 222 199 255 29 136 253 255 255 255 255 255 234 244 255 201 154 252 255 212 225 255 216 148 160 163 232 255 255 255 0 0 28 255 214 149 219 227 223 255 255 255 181 227 255 255 255 195 214 255 185 255 255 255 255 255 171 0 0 106 213 252 255 255 255 202 168 244 200 146 232 255 255 196 255 255 255 255 255 255 255 255 255 167 37
39 255 255 255 255 255 255 255 255 221 146 179 252 255 170 251 255 255 255 218 255 255 255 255 255 78 0 61 255 255 182 255 255 231 237 255 255 227 189 255 255 223 252 255 255 255 186 210 255 255 218 210 49 0 122 255 203 157 255 175 227 255 255 254 210 255 255 255 189 193 255 255 252 255 255 255 187 173 255 21 155 255 255 255 255 255 255 241 237 255 198 145 255 255 212 221 255 214 148 163 173 248 255 255 255 7 0 45 255 230 143 204 242 255 255 255 255 178 235 255 255 255 209 214 255 220 255 255 255 255 255 169 0 0 136 201 255 255 255 255 181 168 254 202 143 229 255 255 193 255 255 255 255 255 255 255 255 255 230 33
37 255 255 255 255 255 255 255 255 226 140 177 255 255 178 255 255 255 255 246 255 255 255 255 255 72 0 16 255 255 200 255 255 234 250 255 255 230 186 255 255 254 255 255 255 255 191 214 255 255 215 210 53 0 125 255 210 160 255 181 238 255 255 255 201 255 255 255 196 226 255 255 214 255 255 255 161 154 255 24 149 255 255 255 255 255 255 246 188 255 194 146 255 255 212 234 255 210 143 149 158 230 255 255 255 19 0 17 255 245 141 209 255 255 255 255 255 178 242 255 255 219 216 214 251 227 255 255 255 255 255 156 0 38 211 197 255 255 255 238 152 161 249 205 134 224 255 255 189 255 255 255 255 248 226 255 255 255 245 29
43 255 255 255 255 255 255 255 255 230 140 177 255 255 178 255 255 255 246 255 255 255 255 255 255 28 0 57 255 255 210 255 255 234 254 255 255 227 189 255 255 255 255 255 255 255 191 217 255 255 218 214 51 0 122 255 217 157 255 191 242 255 255 255 210 255 255 255 186 241 255 255 196 255 255 255 158 164 255 45 162 255 255 255 255 255 255 241 171 239 184 149 255 255 216 237 255 251 189 168 146 179 251 255 255 43 0 26 255 253 132 209 255 255 255 255 255 181 246 255 255 209 227 214 251 255 255 255 255 255 255 169 0 46 218 203 255 255 255 246 212 227 255 208 155 251 255 255 196 255 255 255 255 233 205 255 255 241 190 27
42 255 255 255 255 255 255 255 255 237 143 181 255 255 178 255 255 224 168 255 255 255 255 255 255 23 0 149 255 255 189 255 255 234 254 255 255 231 205 255 255 255 255 255 255 255 191 221 255 255 219 207 26 0 117 255 221 147 255 201 246 255 255 255 203 255 255 255 179 239 255 255 193 255 255 255 160 183 255 63 181 255 255 255 255 255 255 253 216 247 177 146 255 255 219 234 255 255 255 255 206 189 238 255 255 16 0 35 255 241 132 223 255 255 255 255 255 184 230 255 255 227 242 203 255 255 246 255 255 255 255 185 0 17 180 207 255 255 255 255 255 255 255 212 161 232 255 255 189 255 255 255 255 233 187 255 255 234 160 27
24 241 255 255 255 255 255 255 255 237 146 181 255 255 178 255 255 189 149 255 255 255 255 255 255 66 0 153 255 255 179 255 255 234 255 255 255 238 230 255 255 255 255 255 255 255 191 219 255 255 219 189 0 0 119 255 222 136 255 208 246 255 255 255 186 255 255 255 181 247 255 255 200 255 255 250 157 193 255 77 185 255 255 255 255 255 255 255 255 255 174 149 255 255 219 234 255 255 255 255 255 255 255 255 255 14 0 21 255 238 135 252 246 242 255 255 255 191 212 238 255 234 253 189 255 255 181 209 255 255 255 182 0 0 139 193 255 255 255 255 255 255 255 231 146 176 255 255 189 255 255 255 255 236 201 255 255 255 173 37
6 215 255 255 255 255 255 255 255 230 146 181 255 255 181 255 255 166 173 255 255 255 255 255 255 64 0 137 255 255 211 255 255 238 255 255 255 246 246 255 255 255 255 255 255 255 188 219 255 255 228 186 0 0 132 255 219 130 255 216 249 255 255 253 186 255 255 255 174 255 255 255 193 255 255 235 139 176 255 74 188 255 255 255 255 255 255 255 255 255 174 152 255 255 219 237 255 255 231 238 255 255 255 255 255 16 0 5 255 255 128 245 246 242 255 255 255 205 216 223 255 212 255 196 255 255 184 178 255 212 232 176 0 0 100 177 255 255 255 255 255 242 255 246 168 169 246 255 203 255 255 255 255 255 255 255 255 255 170 35
13 201 255 255 255 255 255 255 246 255 134 184 255 255 181 255 255 158 157 255 255 255 255 255 255 86 0 144 255 255 190 255 255 246 255 255 255 234 249 227 255 255 255 255 255 255 184 221 255 255 226 186 12 0 118 255 205 140 255 209 254 255 255 255 181 255 255 255 191 255 255 255 201 255 255 174 154 173 255 79 181 255 255 255 255 255 255 255 255 255 181 146 255 255 219 234 255 212 154 249 255 255 255 255 255 9 0 39 255 251 128 255 227 216 255 255 255 224 210 217 255 212 224 206 255 255 255 239 255 157 222 187 0 0 106 177 255 255 255 255 255 255 255 250 149 251 219 255 188 255 255 255 255 255 255 255 255 255 171 34
11 194 255 255 255 255 255 243 223 255 140 187 255 255 181 255 219 168 160 201 255 255 255 255 255 99 0 144 255 255 204 255 255 246 255 255 255 227 246 238 255 255 255 255 255 255 188 232 255 255 248 207 30 0 116 255 205 140 255 209 254 255 255 255 174 255 255 255 194 255 255 255 208 255 255 184 148 186 255 46 162 255 255 255 255 255 255 255 234 253 181 143 255 255 227 237 255 164 147 212 255 255 255 255 255 44 0 47 255 243 142 243 238 227 255 249 255 221 206 214 255 223 238 192 242 255 255 255 255 173 249 152 0 0 106 168 255 255 255 255 255 255 255 223 137 232 253 255 198 255 255 255 255 255 255 255 255 255 175 31
11 180 255 255 255 255 255 255 209 255 146 184 255 255 181 255 204 171 155 151 227 255 255 255 255 82 0 114 255 255 197 255 255 250 255 255 255 234 246 238 255 255 255 255 255 255 188 243 255 255 255 218 54 0 110 255 205 137 255 209 254 255 255 255 168 255 255 255 198 255 255 255 204 255 255 238 148 199 255 29 168 255 249 255 255 255 255 255 216 241 181 146 255 255 234 234 251 142 154 168 201 255 255 255 255 32 0 43 255 232 145 236 227 227 255 219 255 221 214 232 255 219 246 196 234 255 255 255 255 207 255 126 0 0 103 177 255 255 255 250 255 255 255 219 134 228 255 255 220 255 255 255 255 255 255 255 255 255 171 32
10 170 255 255 255 255 255 243 212 255 152 177 255 255 178 255 212 149 149 154 206 255 255 255 255 61 0 90 255 255 197 255 255 255 255 255 255 249 249 227 255 255 255 255 255 255 188 251 255 255 255 207 62 0 105 255 205 137 255 209 254 255 255 255 171 255 255 255 184 243 255 255 194 255 255 255 148 217 255 25 139 249 243 255 255 255 255 255 212 222 161 146 255 255 246 226 255 198 227 219 227 255 255 255 255 22 0 55 255 241 132 234 223 238 255 205 255 224 221 247 255 201 238 198 234 255 250 255 246 233 255 145 0 0 98 184 255 255 255 216 246 255 255 231 140 239 255 255 242 255 255 255 255 255 255 255 255 255 159 33
4 151 255 255 255 255 255 236 212 255 152 177 255 255 178 255 222 146 182 203 194 255 255 255 255 45 0 73 255 255 200 255 255 255 255 216 255 253 255 216 255 255 255 255 255 255 184 247 255 255 255 196 64 0 107 255 205 140 255 209 254 255 255 255 174 255 255 255 168 224 255 255 208 255 255 253 160 247 255 36 29 191 239 255 255 255 255 255 195 201 143 143 255 255 254 234 255 255 255 255 255 255 255 255 255 53 0 73 255 253 129 238 255 255 255 194 255 221 210 228 255 212 242 191 227 255 242 255 244 254 255 174 0 0 116 161 255 255 255 209 255 255 255 227 137 251 255 255 255 255 255 255 255 255 255 255 255 255 131 30
16 167 255 255 255 255 255 255 198 234 149 187 255 255 181 255 255 212 255 255 194 255 255 255 255 33 0 54 255 255 200 255 255 255 255 191 255 255 255 201 255 255 255 255 255 255 188 247 255 255 255 203 62 0 110 255 205 140 255 209 254 255 255 255 171 255 255 255 171 239 255 255 208 255 255 223 163 228 255 54 0 170 234 255 255 255 255 210 195 219 155 149 255 255 254 241 255 255 255 255 255 255 255 255 255 102 0 83 255 249 132 234 255 255 255 188 255 221 206 210 255 255 255 194 221 255 230 227 255 255 255 176 0 27 161 155 255 255 255 205 255 255 255 219 146 255 255 255 255 255 255 255 255 255 255 255 255 255 114 24
37 197 255 255 255 255 255 251 191 212 149 194 255 255 181 255 255 255 255 255 234 255 255 255 255 33 0 42 255 255 216 255 255 255 255 195 255 255 255 194 255 255 255 255 255 255 194 247 255 255 255 214 56 0 110 255 208 140 255 209 254 255 255 255 171 255 255 255 178 255 255 255 194 255 255 184 151 169 247 40 0 156 213 255 255 255 255 164 205 255 181 149 255 255 254 237 255 255 255 255 255 255 255 255 255 107 0 126 255 245 133 234 255 255 255 188 255 221 210 214 255 255 255 201 214 255 216 184 255 255 255 169 0 15 162 170 255 255 255 231 255 255 255 223 161 255 255 255 255 255 255 255 255 255 255 255 255 255 125 29
19 173 255 255 255 255 255 247 195 205 149 194 255 255 184 255 255 255 255 255 255 255 255 255 255 31 0 30 255 255 223 255 255 255 255 188 255 255 253 198 255 255 255 255 255 255 198 251 255 255 255 214 47 0 107 255 208 143 255 209 254 255 255 255 177 255 255 255 171 251 255 246 208 255 255 164 166 151 182 14 0 156 224 255 255 255 255 134 198 255 184 140 255 255 255 230 255 255 255 255 254 255 255 255 255 70 0 180 255 255 133 250 223 230 255 201 255 214 214 221 255 255 255 201 214 255 234 216 255 255 255 179 0 0 117 170 255 255 255 255 255 255 255 231 174 255 255 255 254 255 227 255 255 255 255 255 255 255 148 42
7 159 255 255 255 255 255 192 191 210 140 196 255 255 174 255 255 255 255 255 255 255 255 255 255 35 0 48 255 255 228 255 255 255 255 191 255 255 253 208 255 255 255 249 212 255 223 255 255 255 255 199 60 0 110 255 206 139 255 208 250 255 255 255 171 255 255 255 169 255 255 250 194 255 255 187 160 226 210 19 0 161 216 255 255 255 218 183 238 255 192 173 255 255 238 246 255 255 255 255 209 250 255 255 226 35 0 142 255 246 157 241 223 246 255 201 255 234 231 216 255 255 255 191 219 255 242 250 255 255 255 176 0 0 122 179 255 255 255 255 255 255 255 238 165 255 255 255 223 228 164 215 221 255 255 255 255 255 235 42
4 153 255 255 255 255 255 171 205 232 140 196 255 255 181 255 255 255 255 255 255 255 255 255 255 31 0 74 255 255 236 255 255 255 255 195 255 255 255 219 255 255 255 242 194 255 227 255 255 255 255 185 58 0 107 255 206 136 255 208 254 255 255 255 177 255 255 255 182 255 255 250 208 255 255 233 160 255 255 26 1 149 202 255 255 255 255 255 255 255 176 160 255 255 246 238 255 255 255 255 188 231 255 255 170 51 0 157 255 246 157 255 223 238 255 201 255 250 242 234 255 255 255 184 234 255 254 255 255 255 255 156 0 7 167 163 255 255 255 255 230 208 255 250 168 255 255 255 223 232 152 143 145 219 255 255 255 255 111 37
30 192 255 255 255 255 255 160 212 255 143 196 255 255 184 255 255 255 255 255 255 255 255 255 255 28 0 94 255 255 243 255 255 255 255 198 255 255 255 227 255 255 255 234 184 255 249 255 255 255 255 213 83 0 107 255 203 133 255 205 255 255 255 255 181 255 255 255 206 245 255 255 192 255 255 255 183 255 255 16 1 149 199 255 255 255 255 255 255 255 189 139 214 255 255 227 255 255 255 255 201 238 255 255 220 71 0 100 255 255 186 255 227 227 255 198 255 255 255 255 255 255 255 181 219 255 255 255 255 255 255 159 0 25 187 164 255 255 255 255 184 171 255 255 178 255 255 255 234 255 214 158 148 210 255 255 206 194 30 22
60 231 255 255 255 255 255 160 212 255 143 203 255 255 188 255 255 255 255 255 255 255 255 255 255 28 0 86 255 255 255 255 255 255 255 198 255 255 255 230 255 255 255 234 181 255 255 255 255 255 255 254 98 0 105 255 199 142 255 198 246 255 255 255 177 255 255 255 224 208 255 255 199 255 255 255 218 255 255 17 0 158 202 255 255 255 255 255 255 255 210 144 189 255 255 223 255 255 255 255 255 255 255 255 232 78 0 112 255 255 193 255 227 216 255 198 255 255 255 255 255 255 255 188 208 255 255 255 255 255 255 178 0 12 163 180 255 255 255 255 168 171 255 255 189 255 255 255 223 255 255 199 142 199 255 249 160 167 50 31
55 231 253 255 255 255 237 154 216 255 140 199 255 255 198 255 255 255 255 255 255 255 255 255 255 33 0 77 255 255 255 255 255 255 255 198 255 255 255 230 255 255 255 230 181 255 255 255 255 255 255 247 74 0 113 255 199 154 255 188 238 255 255 254 171 255 255 255 228 177 255 255 203 255 255 255 248 255 255 20 0 155 195 255 255 255 255 255 255 255 206 166 217 232 249 234 255 255 255 255 255 255 255 255 230 80 0 181 255 255 197 253 227 208 255 194 255 255 255 255 255 219 242 191 227 255 255 255 255 255 255 182 0 6 160 187 255 255 255 255 158 178 255 255 186 255 255 255 219 255 255 238 145 201 255 255 214 174 96 18
50 227 255 255 255 255 215 157 231 255 137 189 255 255 205 255 255 255 255 255 255 255 255 255 255 39 0 86 255 255 255 255 255 255 255 198 255 255 255 227 255 255 255 230 181 255 255 255 255 255 255 235 54 0 127 255 199 160 255 188 234 255 255 250 168 255 255 255 214 177 227 255 199 255 255 230 204 255 255 21 0 140 195 255 255 255 255 255 255 255 192 154 255 255 255 242 255 255 255 255 255 255 255 255 255 87 0 191 255 255 211 253 230 208 255 194 255 255 255 255 255 216 246 194 223 255 255 255 255 255 255 165 0 10 180 177 255 255 255 255 143 178 255 255 186 255 255 255 220 255 255 255 255 255 255 255 255 204 125 19
54 230 255 255 255 255 194 164 246 255 140 186 255 255 212 255 255 254 255 255 255 255 255 255 255 35 0 109 255 255 255 255 255 255 255 198 255 255 255 227 255 255 255 227 188 255 255 255 255 255 255 243 58 0 116 255 199 160 255 194 246 255 255 255 171 255 255 255 196 208 212 255 211 255 255 215 145 197 215 26 1 131 195 255 255 255 215 255 255 255 196 139 255 255 255 255 255 255 255 255 255 255 255 255 255 97 0 194 255 255 222 255 234 216 255 198 255 255 255 255 255 255 255 198 216 255 255 255 255 255 255 169 0 0 164 176 255 255 255 242 140 191 255 255 192 255 255 255 213 255 255 255 255 255 255 255 255 199 114 26
51 219 255 255 255 255 184 160 250 255 146 192 255 255 212 255 255 255 255 255 255 255 255 255 255 29 0 126 255 255 255 255 254 238 255 198 255 255 255 230 255 255 255 230 194 255 255 255 255 255 255 243 58 0 82 255 199 154 255 205 254 255 255 255 177 255 255 255 186 237 216 239 194 255 255 255 173 149 144 14 3 128 188 255 255 255 211 255 255 255 203 151 255 255 249 255 255 255 255 255 255 255 255 255 255 107 0 188 255 255 237 242 238 223 255 201 255 255 255 255 255 255 255 194 230 255 255 255 255 255 255 186 0 0 122 186 255 255 255 234 146 212 255 255 186 255 255 255 227 255 255 255 255 247 255 255 255 195 92 22
47 236 255 255 255 255 166 162 255 253 140 201 255 255 209 255 255 255 255 255 216 254 255 255 255 31 0 119 255 255 255 254 253 223 255 205 255 255 255 227 255 255 255 234 181 255 255 255 255 255 255 234 59 0 73 255 206 163 255 198 255 255 255 255 177 246 242 255 191 241 182 246 174 211 253 255 225 172 158 9 1 131 197 255 255 255 200 255 255 255 201 171 255 255 255 255 255 255 255 255 255 255 255 255 239 90 0 145 255 255 238 255 231 234 255 205 255 255 255 255 255 255 255 198 242 255 255 255 255 255 255 175 0 0 115 184 255 255 255 215 152 228 255 255 192 255 255 255 231 255 255 255 255 194 228 255 225 150 110 21
43 217 255 255 255 255 224 239 255 255 137 219 255 255 212 255 255 255 255 255 205 246 255 255 255 22 0 130 255 255 255 242 255 219 255 205 255 255 255 227 255 255 255 234 181 255 255 255 255 255 255 231 59 0 75 255 214 154 255 205 246 255 255 255 174 249 250 255 191 233 179 242 171 173 223 255 193 255 255 12 1 137 197 255 255 255 233 255 255 255 198 181 255 255 255 255 255 255 255 255 255 255 255 255 209 42 0 35 255 255 255 255 242 242 255 198 255 255 255 234 255 255 255 194 249 255 255 255 255 255 255 178 0 0 123 180 255 255 255 205 155 236 255 255 206 255 255 255 227 255 255 227 148 184 255 255 181 150 111 26
13 161 255 255 255 255 255 255 255 255 137 222 255 255 205 255 255 255 255 255 201 250 255 255 196 31 10 137 255 255 255 247 255 208 255 201 255 255 255 234 255 255 255 238 181 255 255 255 255 255 255 231 62 0 73 255 221 157 255 198 238 255 255 255 168 242 239 255 191 233 179 238 204 255 255 246 154 251 255 22 4 152 197 255 255 255 255 255 255 255 191 188 255 255 254 255 255 246 255 255 255 255 255 255 225 19 0 5 255 255 255 255 254 255 255 195 255 255 255 242 255 255 255 184 253 255 255 255 255 255 255 216 15 0 130 187 255 255 255 191 161 243 255 255 203 243 255 255 223 255 255 230 171 222 255 255 168 165 114 35
0 134 250 255 255 255 255 255 255 255 152 205 255 255 198 255 255 255 255 255 205 254 255 255 226 90 27 146 255 255 255 245 255 205 255 201 255 255 255 255 255 255 255 238 181 255 255 255 255 255 255 234 62 0 70 255 217 166 255 181 242 255 254 255 174 234 227 255 191 233 182 242 201 255 255 230 211 255 155 0 4 161 190 255 255 255 255 255 255 255 191 188 255 255 231 254 232 160 189 234 255 255 255 255 255 19 0 13 255 255 255 255 255 255 255 195 255 255 255 238 255 255 255 178 253 255 255 255 255 255 249 255 40 0 136 195 255 255 255 177 168 255 255 255 186 243 255 255 223 255 255 255 255 226 255 255 188 159 87 29
13 159 255 255 255 255 255 255 255 255 174 171 249 255 205 255 255 255 255 255 201 250 255 255 241 140 11 125 255 255 255 241 255 201 255 201 255 255 255 255 255 255 255 238 181 255 255 255 255 255 255 238 59 0 68 255 222 154 255 189 249 255 227 255 181 238 231 255 191 212 176 255 187 255 255 230 255 255 140 0 1 152 170 255 255 255 255 188 239 255 208 198 255 255 234 255 196 142 139 157 242 255 255 255 243 0 0 20 255 255 255 255 255 255 255 191 255 255 246 238 255 255 255 188 253 255 255 255 255 255 238 238 31 0 141 195 255 255 255 174 174 255 255 255 179 251 255 255 231 255 255 255 255 194 171 255 230 146 66 24
19 171 255 255 255 255 255 255 255 255 177 146 208 255 209 255 255 255 255 255 208 246 255 255 224 143 0 109 255 255 255 247 255 201 255 201 255 255 255 255 255 255 255 234 181 255 255 255 255 255 255 254 55 0 70 255 226 134 255 210 249 255 238 255 177 227 235 255 184 177 154 255 201 222 255 255 255 255 191 4 2 152 164 255 255 255 255 143 220 255 223 205 255 255 234 255 255 232 176 137 227 255 238 195 157 0 0 19 255 255 252 255 255 255 255 195 255 255 250 242 255 255 255 219 255 255 227 255 255 255 230 174 2 0 148 190 254 255 255 181 181 247 255 255 173 251 255 255 238 255 255 255 255 226 158 255 234 158 72 31
14 151 255 255 255 255 255 255 255 255 168 152 205 255 209 255 255 255 255 255 238 255 255 255 241 150 0 122 255 255 254 252 255 201 255 201 255 255 255 255 255 255 255 230 181 255 255 255 255 255 255 255 55 0 75 255 219 131 255 210 253 255 238 255 174 212 223 255 201 171 144 255 197 183 240 255 255 255 205 0 5 155 170 255 255 255 252 131 216 255 223 201 255 255 223 254 255 255 178 131 227 255 219 143 151 0 0 13 255 253 239 255 255 255 255 209 255 255 242 223 255 255 255 255 255 255 188 255 255 255 238 149 0 0 141 194 255 255 255 194 187 224 255 255 173 247 255 255 231 255 255 205 255 255 211 255 198 164 69 33
17 139 252 255 255 255 255 236 255 255 164 181 230 255 212 255 255 255 255 255 255 255 255 255 237 137 0 126 255 255 239 247 255 201 255 201 255 255 255 255 255 255 255 227 181 255 255 255 255 255 255 255 55 0 82 255 205 143 255 189 255 255 219 255 184 205 220 255 237 191 154 255 204 201 240 255 255 255 188 4 5 152 170 255 255 255 240 128 216 255 216 201 255 255 227 255 255 255 254 212 255 255 255 255 165 21 0 21 255 255 223 255 255 255 255 205 255 255 242 212 255 255 255 255 255 255 168 255 255 255 250 165 0 0 135 204 255 255 255 208 194 206 255 255 182 255 255 255 212 255 255 149 220 255 255 255 186 164 60 33
2 106 255 255 255 255 255 228 255 255 158 204 246 255 212 255 255 255 255 255 255 255 255 255 246 130 0 82 255 255 254 241 255 205 255 201 255 255 255 255 255 255 238 249 184 255 255 255 255 255 255 255 62 0 80 255 198 143 255 186 255 255 238 255 194 234 246 255 201 223 158 255 226 205 255 255 255 255 181 1 0 158 164 255 255 255 197 143 227 255 227 201 255 255 227 255 255 255 255 255 255 255 255 255 187 37 0 21 255 255 213 255 255 234 255 255 255 246 246 242 255 255 255 255 255 255 161 255 255 255 239 184 0 0 179 208 255 255 255 255 214 210 255 255 186 255 255 255 227 255 255 166 233 255 255 255 182 156 70 29
5 116 255 255 255 255 255 255 255 255 164 197 227 255 201 255 255 255 255 255 255 255 255 255 234 121 0 75 255 255 220 253 255 205 255 198 255 255 255 255 255 255 201 227 188 255 255 255 255 255 255 255 57 0 80 255 201 137 255 179 255 249 238 255 201 253 255 255 208 238 171 255 232 255 255 255 255 255 202 2 3 171 170 255 255 255 186 149 238 255 242 205 255 255 227 255 255 255 255 255 231 255 255 249 152 47 0 24 255 255 220 255 255 227 255 255 255 230 227 242 255 255 255 255 255 255 168 255 255 255 217 161 0 0 210 249 255 255 255 251 160 196 255 255 176 255 255 255 231 255 255 221 218 255 255 255 206 143 61 27
4 116 253 255 255 255 255 255 255 255 164 198 230 250 201 255 255 255 255 255 255 255 255 255 246 54 0 80 255 255 213 253 255 205 255 198 255 255 255 255 255 255 198 216 188 255 255 255 255 255 255 255 55 0 82 255 205 134 255 186 255 246 242 255 198 255 255 255 198 238 171 255 255 255 255 255 255 255 191 1 4 180 177 255 255 255 176 164 255 255 255 208 255 255 223 255 255 255 255 242 198 255 255 184 152 53 0 26 255 255 227 255 255 227 255 255 255 219 219 255 255 255 255 255 255 255 165 255 255 255 220 161 0 0 189 255 255 255 255 239 136 179 255 250 179 255 255 255 227 255 255 239 187 255 255 255 255 212 59 22
25 143 245 255 255 255 255 255 255 255 164 205 255 255 212 255 255 255 255 255 255 255 255 255 255 48 0 82 255 255 213 249 255 208 255 198 255 255 255 255 255 255 242 230 184 255 255 255 255 255 255 255 55 0 89 255 205 134 255 206 255 249 242 255 198 253 255 255 188 230 171 255 255 181 227 255 255 255 176 2 1 184 180 255 255 255 167 181 255 255 255 205 255 255 223 255 255 255 181 152 198 255 255 161 149 39 0 71 255 255 227 255 255 219 255 255 255 212 212 255 255 255 255 255 255 255 168 255 255 255 220 180 0 0 147 255 255 255 255 255 169 181 255 255 186 255 255 255 227 255 255 179 167 237 255 255 255 255 55 21
53 177 245 255 255 255 255 255 255 255 161 205 255 255 231 255 255 255 255 255 255 255 255 255 238 118 0 75 255 255 195 241 255 208 255 198 255 255 255 255 255 255 255 242 181 255 255 255 255 255 255 255 55 0 102 255 201 137 255 210 255 253 238 255 205 246 249 255 205 238 171 255 255 168 223 255 184 255 196 1 0 184 187 255 255 255 157 181 255 255 255 194 255 255 219 255 255 255 223 184 230 255 242 160 165 13 0 110 255 255 219 255 255 205 255 255 255 205 208 255 255 242 255 255 255 255 174 255 255 255 206 191 12 0 150 255 255 255 255 255 223 201 255 255 182 253 255 255 227 255 255 154 140 205 255 255 255 255 56 15
52 186 241 255 255 255 241 255 255 255 161 198 255 255 234 255 255 255 255 255 255 255 255 255 234 127 0 68 255 255 192 222 255 208 255 201 255 255 255 255 255 255 255 234 181 255 255 255 255 255 255 255 55 0 115 255 198 140 255 192 242 249 234 255 198 234 246 255 223 246 168 255 255 255 255 255 140 237 242 8 0 187 194 255 255 255 148 174 255 255 255 184 255 255 223 255 255 255 255 255 194 255 251 173 162 7 0 142 255 255 198 255 255 201 255 255 255 219 216 255 255 223 255 255 255 255 171 255 255 255 206 177 19 0 172 255 255 255 255 255 249 219 255 255 186 253 255 255 212 255 255 217 190 238 255 255 255 255 69 12
47 193 249 255 255 249 226 255 255 255 161 192 255 255 231 255 255 255 255 255 255 255 255 255 242 87 0 68 255 255 192 215 255 208 255 201 255 255 255 254 255 255 255 230 181 255 255 255 255 255 255 255 53 0 121 255 198 149 255 182 234 255 234 255 194 227 234 255 219 246 165 255 255 255 255 240 167 229 216 14 0 184 200 255 255 255 151 171 255 255 253 178 255 255 223 255 255 255 255 255 152 192 255 189 135 33 3 172 255 242 178 255 255 205 255 255 255 246 230 255 255 223 255 255 255 255 165 255 255 255 210 164 6 0 179 255 255 255 255 255 255 219 255 255 189 255 255 255 238 255 255 255 255 255 255 255 255 255 62 17
53 196 237 255 255 246 222 255 255 255 164 192 255 255 231 255 255 255 255 255 255 255 255 255 238 108 0 64 255 255 175 230 255 208 255 201 255 255 246 234 255 255 255 234 181 255 255 255 255 255 255 255 53 0 123 255 198 158 255 186 242 255 234 255 201 230 230 255 208 246 168 255 255 255 255 232 226 222 122 0 0 180 197 255 255 255 160 174 255 255 246 178 255 255 227 255 255 255 255 255 224 217 255 179 168 55 0 94 255 255 188 255 255 205 255 255 255 253 230 255 255 219 255 255 255 255 168 255 255 255 192 151 0 0 189 255 255 255 255 255 255 209 255 255 176 255 255 255 255 255 255 255 200 188 255 255 255 255 39 21
33 160 241 255 255 245 233 255 255 255 164 187 255 255 239 255 255 255 255 255 242 255 255 255 248 112 0 68 255 255 177 228 249 216 255 201 255 255 255 223 255 255 255 231 184 255 255 255 255 255 255 255 49 0 121 255 192 160 255 198 246 255 234 255 203 234 238 255 198 238 168 255 255 255 255 204 247 255 165 0 2 188 197 255 255 255 204 174 219 255 227 174 255 255 219 255 255 210 181 255 255 255 255 163 158 1 0 84 255 234 201 255 255 242 255 255 255 255 223 255 255 231 255 255 255 255 168 255 255 255 223 134 12 0 147 255 255 255 255 255 227 212 255 255 184 255 255 255 255 255 255 255 197 240 255 255 255 255 51 18
19 148 241 255 255 223 244 255 255 255 161 198 255 255 255 255 255 255 255 255 255 255 255 255 250 65 0 85 255 255 153 226 255 227 255 208 255 255 255 219 255 255 255 234 184 255 255 255 255 255 255 255 56 0 107 255 192 160 255 249 255 255 238 255 206 227 238 255 227 254 168 255 255 208 255 255 251 255 181 2 1 227 194 255 255 255 233 191 223 255 227 174 255 255 227 255 255 224 171 243 255 255 255 173 155 5 2 255 255 255 183 253 255 255 255 255 255 255 223 255 255 231 255 255 255 255 161 255 255 255 198 155 12 0 118 255 255 255 255 255 223 216 255 255 198 255 255 255 255 255 255 255 233 244 255 255 255 255 60 24
27 154 241 255 255 220 255 255 255 255 158 208 255 255 255 255 255 255 255 255 255 255 255 255 255 60 0 87 255 255 162 222 255 230 255 205 255 249 246 205 255 255 255 231 188 255 255 230 255 255 255 255 52 0 113 255 196 160 255 249 255 249 242 255 199 208 231 255 255 255 171 255 255 164 249 255 243 245 159 0 0 250 226 255 255 255 211 161 223 255 223 174 255 255 223 255 255 255 212 255 255 255 255 179 158 0 0 210 255 255 187 255 255 255 231 255 255 255 198 255 255 231 255 255 255 255 158 255 255 255 197 207 31 0 107 255 255 255 255 255 227 219 255 255 208 255 255 246 255 255 255 255 208 196 222 242 255 255 86 24
43 166 249 255 255 212 255 255 255 255 155 219 255 255 255 255 255 255 255 255 255 255 255 255 253 49 0 119 255 255 139 226 255 227 255 201 255 242 242 198 255 255 255 231 188 255 255 219 255 255 255 255 47 0 127 255 199 163 255 205 255 253 242 255 196 194 231 255 255 255 165 255 255 158 246 255 249 255 131 0 1 242 255 255 255 255 194 140 227 255 223 184 255 255 227 255 255 255 198 224 255 255 255 255 166 0 0 68 255 249 187 255 255 227 149 242 255 255 219 255 253 234 255 255 255 255 161 255 255 255 167 148 2 0 136 255 255 231 255 255 231 216 255 255 212 255 255 230 255 255 255 255 184 179 176 151 183 255 115 31
42 171 255 255 255 197 255 255 255 255 152 222 255 255 255 255 255 255 255 255 255 255 255 255 254 52 0 95 255 255 148 245 255 223 255 201 255 246 249 205 255 255 255 234 184 255 253 205 255 255 255 255 55 0 110 255 210 160 255 181 238 255 238 255 203 198 242 255 255 255 158 255 255 161 255 255 238 255 95 0 7 241 255 255 255 255 241 174 234 255 230 198 255 255 234 255 255 255 137 154 255 255 255 255 255 0 0 25 255 245 194 255 255 201 137 223 255 255 230 255 246 254 255 255 255 255 165 255 255 255 201 142 0 0 92 230 255 219 255 255 242 212 255 255 205 255 255 227 255 255 255 255 146 170 173 140 155 255 129 38
64 180 248 255 255 233 255 255 255 255 152 222 255 255 255 255 255 255 255 255 255 255 255 255 252 47 0 42 255 255 151 226 249 216 255 198 255 242 249 201 255 255 255 238 184 255 255 194 255 255 255 255 51 0 75 255 232 157 255 178 230 255 227 255 206 205 254 255 255 255 165 255 255 163 255 255 216 227 83 0 4 245 255 255 255 255 255 204 230 255 227 201 255 255 234 255 255 242 163 168 255 255 255 255 255 0 0 38 255 255 180 255 255 181 168 255 255 255 212 230 255 255 255 255 255 255 165 255 255 255 220 145 0 0 76 188 254 219 255 255 254 205 255 255 208 255 255 230 255 255 255 255 155 160 160 168 197 255 128 37
94 190 233 255 255 255 255 255 255 255 155 219 255 255 255 255 255 255 255 255 255 255 255 255 255 26 0 66 255 249 148 237 246 212 255 194 255 238 246 194 255 255 255 238 188 255 255 184 255 255 255 255 13 0 75 255 243 166 255 181 230 246 234 255 228 227 255 255 255 255 171 255 255 203 255 255 255 255 119 0 1 241 255 255 255 255 255 215 230 255 227 205 255 255 246 255 255 255 255 227 255 255 255 255 255 0 0 38 255 255 187 255 255 168 212 255 255 253 234 255 255 255 255 255 255 255 168 255 255 255 227 162 0 0 85 161 246 227 255 255 255 205 255 255 219 255 255 227 255 255 255 255 255 223 190 210 244 255 122 37
94 183 233 255 255 255 255 255 255 255 161 215 255 255 255 255 250 255 255 255 255 255 255 255 229 8 0 66 255 238 161 229 255 219 255 198 255 242 249 194 255 255 255 238 188 255 253 168 255 255 255 235 0 0 97 255 232 186 255 194 246 249 249 255 255 255 255 255 255 255 165 255 255 255 255 255 255 255 140 0 4 233 255 255 255 255 255 241 242 255 238 216 255 255 255 255 255 255 255 191 235 255 255 255 255 0 0 90 255 255 190 255 255 181 253 255 255 255 249 255 255 255 255 255 255 255 174 255 255 255 231 175 16 14 139 190 246 234 255 255 255 209 255 255 230 255 255 223 255 255 255 246 255 255 255 255 255 255 118 35
97 173 252 255 255 255 255 255 255 255 161 201 255 255 205 255 219 251 255 255 255 255 255 255 245 26 0 79 255 229 160 216 255 255 255 195 255 249 253 191 255 255 255 234 179 255 251 179 255 255 255 240 0 2 140 255 255 216 255 208 255 249 242 255 255 255 255 255 223 246 181 255 255 255 255 255 255 255 127 0 2 209 255 255 255 255 255 219 255 255 250 201 255 255 255 255 255 255 255 181 249 255 255 255 254 0 0 92 238 247 194 255 255 181 223 255 255 246 189 255 255 255 255 255 255 255 205 255 255 255 236 161 19 0 109 255 255 227 255 255 253 212 255 255 216 255 255 246 255 255 255 255 255 255 255 255 255 255 146 31
97 170 244 255 255 255 255 255 255 255 174 208 255 255 205 255 171 179 202 255 255 255 255 255 219 41 0 53 255 255 142 219 255 255 255 195 255 242 249 198 255 255 255 238 182 255 255 227 255 255 255 228 0 3 165 255 255 216 255 201 255 249 238 255 255 255 255 255 234 246 165 255 255 255 255 255 255 255 130 0 2 205 255 255 255 255 255 212 255 255 242 205 255 255 255 255 255 255 242 194 255 255 255 255 227 0 0 28 223 255 184 255 255 201 255 255 255 238 179 255 255 255 255 255 255 255 209 255 255 255 192 174 14 0 123 255 253 208 255 255 246 208 255 255 191 255 255 223 255 255 255 255 255 255 215 255 255 255 232 44
100 176 233 255 255 255 255 248 255 255 181 208 255 255 208 255 170 158 148 194 255 255 255 255 195 12 0 7 255 227 152 226 255 255 255 198 255 230 238 198 255 255 234 249 182 255 242 255 255 255 255 224 0 0 165 255 255 219 255 198 253 255 230 255 255 255 255 255 255 255 165 255 255 255 255 255 255 255 130 0 1 209 255 255 255 255 255 205 255 255 227 205 255 255 242 255 255 255 246 189 239 217 227 255 255 0 0 28 216 243 191 255 255 212 255 255 255 230 174 255 255 255 255 255 255 255 238 255 255 255 176 175 21 0 180 255 234 191 255 255 230 198 255 253 152 255 255 208 255 255 255 255 255 229 205 255 255 255 255 86
78 181 236 255 255 255 255 167 255 255 181 205 255 255 208 255 183 158 151 163 255 255 255 255 198 1 0 44 255 247 149 222 255 254 255 201 255 216 221 192 255 255 198 249 182 255 242 255 255 223 255 255 19 0 165 255 255 230 255 198 255 255 223 255 255 255 255 255 255 255 161 255 255 255 255 255 255 255 124 0 0 195 255 255 230 255 255 208 255 255 219 212 255 255 212 255 255 255 236 161 194 171 154 184 255 0 0 31 249 247 194 255 255 234 255 255 255 238 181 255 255 255 255 255 255 255 255 255 255 255 208 138 8 0 197 255 234 188 255 255 219 188 255 246 146 249 255 216 253 255 255 255 249 186 241 255 255 255 255 128
58 178 254 255 255 255 246 160 255 255 184 205 255 255 205 255 188 146 157 161 255 255 255 255 202 0 0 67 255 239 152 230 253 219 255 201 255 214 217 199 255 255 184 249 184 255 238 255 255 209 255 255 42 0 171 255 255 246 255 205 255 255 227 255 255 255 255 255 255 255 165 255 255 255 255 255 255 255 127 0 0 152 243 229 226 255 255 226 255 255 216 219 255 255 198 255 255 255 232 152 161 152 157 198 255 0 0 23 255 247 191 255 255 255 255 255 255 255 181 255 255 255 255 255 255 255 255 255 255 255 230 129 0 0 193 255 238 188 255 255 219 188 255 249 149 238 255 205 227 255 255 255 171 183 255 255 255 255 255 130
78 181 238 255 255 255 227 176 255 255 194 208 255 255 205 255 244 170 151 171 247 255 255 255 202 1 0 39 255 216 158 241 255 205 255 198 255 210 221 221 255 255 188 249 184 255 250 255 255 205 255 255 32 0 171 255 255 255 255 223 255 255 234 255 255 255 255 255 255 255 178 255 255 255 255 255 255 255 133 0 2 111 194 218 234 255 255 241 255 255 212 227 255 255 195 255 255 255 238 182 157 139 161 219 255 0 0 13 205 209 198 255 255 255 255 255 255 255 174 255 255 250 255 255 255 255 255 255 255 255 211 172 24 0 197 255 234 191 255 255 223 191 255 255 161 242 255 198 212 255 255 188 128 211 255 255 255 216 255 131
102 191 231 255 255 255 208 170 255 255 201 208 255 255 205 255 255 251 151 174 243 255 255 255 216 26 0 66 255 255 139 226 255 201 255 199 255 206 221 232 255 254 188 246 184 255 255 255 255 207 255 235 26 1 171 255 255 255 255 255 255 254 234 255 255 255 254 255 255 255 171 255 255 255 255 255 255 255 136 0 2 117 211 222 226 255 255 241 254 255 212 227 255 255 198 255 255 255 255 255 255 255 255 255 255 4 0 23 234 255 234 241 255 255 255 255 255 255 165 255 230 194 255 255 201 234 255 255 255 255 191 195 48 0 186 255 230 191 255 255 223 191 255 255 198 255 255 208 227 255 255 201 143 226 255 255 255 165 255 136
90 202 254 255 255 255 198 164 255 255 198 201 255 255 205 255 255 255 151 173 243 255 255 255 230 14 0 51 255 240 148 216 255 198 255 203 255 203 214 230 255 255 198 247 184 255 255 255 255 189 255 231 26 1 162 255 255 255 255 255 255 250 231 255 255 255 250 255 255 255 165 255 255 255 255 255 255 255 133 0 1 149 255 233 215 255 255 233 250 255 212 227 255 255 201 255 255 255 255 255 255 255 255 255 255 25 0 39 255 255 198 241 255 255 255 255 255 255 165 255 230 194 255 255 155 205 255 255 255 255 204 185 48 0 203 255 234 194 255 255 223 188 255 255 227 253 255 194 219 255 255 255 255 255 255 255 255 162 253 116
57 208 238 255 255 255 180 171 255 255 201 201 255 255 209 255 255 255 140 163 251 255 255 255 198 2 0 70 255 249 139 207 249 194 255 216 255 201 221 226 255 255 192 247 186 255 255 255 255 201 255 206 48 0 175 255 255 255 255 255 255 238 231 255 243 255 254 255 255 255 174 255 255 221 255 255 255 255 133 0 30 227 255 227 233 255 255 221 231 255 223 198 255 255 201 255 255 255 255 255 242 255 255 255 255 25 0 19 255 255 195 255 255 255 254 255 255 254 152 255 224 196 255 227 158 216 255 255 255 255 208 194 52 0 201 255 236 192 255 255 250 188 255 255 255 208 255 205 219 255 255 255 255 255 255 255 255 169 240 127
59 208 238 255 255 255 176 168 255 255 205 201 255 255 205 255 255 255 174 179 239 255 255 255 219 4 0 20 255 231 148 204 242 184 255 254 255 205 221 230 255 255 191 251 181 255 255 255 255 191 221 235 48 0 165 255 250 255 255 255 255 250 238 255 255 255 254 255 255 255 238 255 255 203 255 255 249 255 127 0 47 255 255 231 237 255 255 207 227 255 219 181 255 255 191 255 255 255 255 255 216 255 255 255 255 29 0 19 255 255 217 255 255 255 238 255 255 255 184 255 236 188 255 255 255 255 255 255 255 255 229 177 36 0 197 255 224 192 255 255 254 198 255 255 255 212 255 181 208 255 255 255 255 255 255 255 255 165 245 125
61 211 242 255 255 255 170 164 255 255 205 201 255 255 205 255 255 255 242 230 249 255 255 255 244 11 0 18 255 240 149 196 249 181 255 255 255 201 217 226 255 255 191 255 181 255 255 255 255 208 171 255 50 5 192 255 234 255 255 255 255 255 254 255 239 242 254 255 255 255 255 255 254 198 255 255 249 255 133 0 49 255 255 223 226 255 255 193 231 255 219 171 255 255 188 255 255 255 255 227 194 255 255 255 255 36 0 17 255 255 224 255 255 255 205 255 255 255 223 255 234 191 255 255 255 255 255 255 255 255 229 170 42 19 204 255 243 192 255 255 255 254 255 255 224 199 255 179 219 255 253 255 255 255 255 255 255 178 248 128
61 211 242 255 255 255 167 164 255 255 205 205 255 255 205 255 255 255 255 255 255 255 255 255 204 1 0 35 255 255 143 203 255 188 255 255 255 198 214 212 255 255 198 255 181 255 255 250 255 237 165 255 46 11 247 255 223 250 255 255 255 255 255 255 221 227 255 255 255 255 255 255 255 198 255 255 253 255 139 0 47 255 255 223 233 255 255 196 234 255 219 178 255 255 181 255 255 255 219 169 206 255 255 255 255 31 0 17 255 255 202 255 255 255 174 255 255 255 242 255 227 194 255 255 255 255 255 255 255 255 233 174 41 31 192 255 239 196 255 255 255 255 255 255 208 181 255 179 221 255 179 178 255 255 255 255 255 194 196 94
61 208 238 255 255 255 164 168 255 255 205 205 255 255 209 255 255 255 255 255 255 255 255 255 186 2 0 21 255 248 140 210 255 198 255 255 255 201 214 194 255 255 216 254 181 255 255 179 255 241 161 255 48 7 255 255 223 242 255 255 255 255 255 255 217 234 255 255 255 255 255 255 255 194 255 255 241 234 139 0 39 255 255 227 230 255 255 193 231 255 223 191 255 255 168 255 255 255 168 139 247 255 255 255 199 2 0 22 255 255 195 255 255 255 158 255 255 227 238 255 242 195 255 255 255 249 246 255 255 255 232 150 16 28 185 255 239 189 255 255 255 255 255 255 201 174 255 179 221 255 210 158 244 255 255 255 255 174 110 29
61 204 238 255 255 255 160 171 255 255 201 205 255 255 209 255 255 255 255 255 255 255 255 255 193 14 0 12 255 240 143 203 255 198 255 255 255 208 217 191 255 255 223 246 188 255 232 143 255 241 161 255 55 4 255 255 223 231 255 255 242 255 255 255 206 246 255 255 255 255 255 255 255 188 255 255 230 212 145 0 31 254 255 216 226 255 255 203 231 255 246 219 255 255 165 255 255 255 216 184 255 255 255 255 160 0 0 25 255 255 213 255 255 255 162 255 255 198 231 255 254 198 255 255 238 161 178 255 255 255 220 140 8 33 175 242 239 182 253 255 255 255 255 255 221 206 255 179 205 255 249 161 255 255 255 255 255 170 115 33
61 204 238 255 255 255 157 171 255 255 201 201 255 255 209 255 255 255 255 255 255 255 255 255 188 5 0 47 255 238 148 201 255 205 255 255 255 208 217 205 255 255 223 238 198 255 208 140 255 255 184 255 53 7 255 255 227 223 255 255 231 255 255 255 189 246 255 255 255 255 255 255 251 177 255 255 241 215 167 0 43 255 255 216 233 255 255 229 234 255 255 238 255 255 168 255 255 255 255 255 255 255 255 255 154 0 0 22 255 255 217 255 255 255 168 255 255 181 219 255 242 202 255 255 255 165 161 255 255 255 247 197 20 33 159 212 217 196 255 255 255 255 255 255 223 227 255 234 255 255 255 250 255 255 255 255 255 195 233 106
64 204 238 255 255 255 154 168 255 255 201 198 255 255 209 255 255 255 255 255 255 255 255 255 205 0 0 126 255 238 148 200 255 212 255 255 255 201 217 226 255 255 227 235 201 255 187 142 255 255 212 255 43 8 242 255 231 216 255 255 227 255 255 255 189 242 255 238 235 255 255 255 248 164 255 255 249 230 180 0 57 255 255 209 230 255 255 221 227 255 255 238 242 255 165 255 255 255 255 255 255 255 255 231 163 19 0 15 255 255 206 255 255 255 171 255 255 171 209 255 242 209 255 255 255 227 160 232 255 255 255 255 36 21 159 255 232 206 255 255 255 255 255 255 205 216 255 255 255 255 255 255 255 255 255 255 255 188 255 139
52 182 245 255 255 255 158 166 255 255 219 201 255 255 212 255 255 255 255 255 238 255 255 255 203 2 0 31 255 249 149 201 255 212 255 255 255 205 217 228 255 255 227 238 219 255 205 195 255 255 255 255 52 5 208 255 227 219 255 255 212 255 255 255 208 255 255 223 219 255 255 255 249 173 255 255 241 226 184 0 53 245 255 189 228 255 255 255 246 255 255 186 232 255 171 255 255 255 255 255 255 255 255 234 160 155 0 17 255 255 209 255 255 255 191 255 255 184 209 255 253 201 255 255 255 255 255 205 255 255 255 255 34 42 190 255 227 194 255 246 249 255 255 255 181 223 255 255 255 255 255 255 255 255 255 255 223 184 255 88
31 169 252 255 255 253 167 200 255 255 219 198 255 255 212 255 255 255 255 255 194 255 255 255 199 5 0 16 255 245 143 197 255 234 255 255 255 201 210 232 255 255 219 230 198 255 250 255 255 255 255 255 42 1 201 255 223 230 255 255 201 255 255 255 212 255 255 223 219 255 255 255 253 176 255 255 241 226 188 0 61 241 255 196 237 255 255 255 255 255 255 173 239 255 171 255 255 181 195 255 255 255 255 246 170 45 0 24 255 255 201 255 255 255 191 255 255 184 223 255 242 205 255 255 255 255 255 184 255 255 255 255 49 31 155 249 238 191 255 255 234 255 255 255 181 216 255 255 255 255 255 255 255 244 255 255 226 184 255 81
19 157 241 255 255 233 161 203 255 255 227 198 255 255 212 255 255 255 255 194 188 255 255 255 196 8 0 10 255 249 140 193 255 255 255 255 255 201 219 255 255 255 212 242 201 255 255 255 255 255 255 255 19 0 164 255 223 230 255 255 223 255 255 255 216 242 255 227 216 255 255 255 249 167 255 255 226 211 184 0 57 222 255 199 222 255 255 255 255 255 255 169 236 255 165 255 255 171 178 255 255 255 255 234 164 0 0 19 255 255 205 255 255 255 188 255 255 188 250 255 242 209 255 255 255 255 255 255 255 255 255 255 41 0 101 255 242 194 255 255 201 255 255 255 188 216 255 255 255 255 255 255 254 222 255 255 255 191 255 67
40 180 237 255 255 237 157 196 255 255 234 201 255 255 212 255 255 255 178 158 223 255 255 255 195 6 0 21 255 253 143 193 255 255 255 255 255 205 227 255 255 255 194 249 212 255 255 255 255 255 255 250 10 0 148 255 230 219 255 255 255 255 255 255 227 242 255 227 209 255 255 255 253 167 255 255 222 211 191 0 53 201 255 189 225 255 255 255 255 255 255 178 242 255 191 255 255 216 219 255 255 255 255 234 170 0 0 7 223 233 219 255 255 255 188 255 255 191 255 255 246 212 255 255 255 255 255 255 255 255 255 255 42 0 91 255 238 201 255 255 168 255 255 255 212 227 255 255 255 255 255 255 254 214 255 255 253 184 255 101
64 204 238 255 255 237 160 196 255 255 242 205 255 255 208 255 255 255 146 155 255 255 255 255 206 2 0 37 255 248 149 193 255 255 255 255 255 205 216 255 255 254 184 238 216 255 255 255 255 255 255 254 10 0 148 255 234 219 255 255 255 255 255 255 242 249 255 227 205 255 255 255 253 167 255 255 218 208 191 0 55 177 234 174 233 255 255 255 255 255 255 184 255 255 255 255 255 255 255 255 255 255 255 238 200 12 0 2 188 194 219 255 255 255 188 255 255 198 255 255 253 234 255 255 255 255 255 255 255 255 255 255 40 19 205 255 238 212 255 255 158 255 255 255 242 249 255 255 255 255 255 255 242 197 255 255 245 187 255 118
64 208 235 255 255 226 160 210 255 255 246 201 255 255 208 255 255 255 165 171 255 255 255 255 213 0 0 40 255 241 149 193 255 255 255 255 255 201 212 255 255 255 198 246 223 253 255 255 255 255 255 250 7 0 142 255 216 216 255 255 212 188 255 255 255 253 255 227 223 255 255 255 246 164 255 255 215 204 184 0 68 194 255 205 242 255 255 255 255 255 255 171 255 255 255 255 255 255 255 255 255 255 255 231 207 10 0 5 178 197 212 255 255 255 191 255 255 205 255 255 255 246 255 255 255 205 168 142 151 173 255 255 45 46 255 255 242 219 255 255 161 255 255 255 255 255 255 255 255 255 255 255 227 183 255 255 255 194 243 67
61 211 242 255 255 226 167 228 255 255 242 195 255 255 205 255 255 255 238 219 255 255 255 255 217 5 0 35 252 244 146 189 255 255 255 255 255 201 223 255 255 255 219 246 234 255 254 255 255 255 255 255 10 0 148 255 198 212 255 255 165 149 255 255 255 238 255 227 255 255 255 255 253 176 255 255 230 215 184 0 57 167 255 201 216 255 222 255 255 255 255 161 255 255 255 255 255 255 255 254 255 255 255 201 207 17 0 11 212 238 222 255 255 255 195 255 255 212 255 255 255 230 255 255 255 174 149 163 145 155 235 255 35 45 255 255 238 227 255 255 158 219 255 255 255 249 246 255 255 255 255 255 242 186 255 255 245 187 202 41
53 201 235 255 255 214 157 217 255 255 234 184 255 255 205 255 255 255 255 255 255 255 255 255 214 11 0 31 255 255 146 186 255 255 255 255 255 201 219 255 255 255 212 227 230 255 255 255 255 255 255 255 10 0 148 255 198 216 255 255 165 165 255 255 255 223 234 230 255 255 255 255 246 176 255 255 233 211 174 0 63 151 255 201 242 255 222 252 255 255 255 165 255 255 255 255 255 255 255 246 255 255 255 191 224 55 0 15 255 255 250 255 255 255 195 255 255 216 246 255 255 249 255 255 255 178 171 179 145 158 218 255 29 56 255 255 223 227 255 255 143 162 255 255 249 230 205 231 255 255 255 255 235 180 255 255 230 184 192 43
55 207 233 255 255 201 162 196 255 255 234 184 255 255 205 255 255 255 255 255 165 255 255 255 249 17 0 31 255 255 140 201 255 227 255 255 255 200 218 255 255 255 216 223 255 230 254 255 255 255 255 255 6 0 139 255 201 208 255 255 168 254 255 255 255 255 255 255 255 255 255 255 247 177 255 255 246 215 164 0 62 164 255 194 216 255 234 212 255 255 255 184 255 255 255 250 255 255 255 216 255 255 255 201 219 64 0 54 255 255 251 253 255 237 191 255 255 219 226 255 254 255 255 255 255 201 208 208 205 242 255 255 29 50 255 255 230 216 255 255 155 146 255 255 249 255 255 238 231 255 255 255 234 183 255 255 211 215 181 45
65 210 245 255 255 197 162 207 255 255 231 188 255 255 205 255 255 255 255 255 143 219 255 255 230 13 0 17 238 248 143 198 255 219 255 255 255 200 218 255 255 255 208 205 255 227 254 255 255 255 255 255 0 0 121 255 208 208 255 255 188 255 255 255 246 255 255 255 255 255 255 255 254 194 255 255 242 207 158 0 55 197 255 201 230 255 223 197 255 255 255 223 255 255 255 255 255 255 255 209 246 255 255 208 225 39 0 36 255 255 255 255 255 245 198 255 255 222 241 255 255 255 255 255 255 227 227 255 255 255 255 242 29 59 255 255 234 219 255 255 216 195 255 255 238 255 255 238 227 255 255 255 246 183 255 255 207 208 149 34
37 170 241 255 255 201 160 203 255 255 223 188 255 255 205 255 255 255 255 255 155 188 255 255 197 9 0 9 238 253 152 194 255 209 255 255 255 200 214 255 255 255 198 181 255 227 250 255 255 255 255 238 0 0 105 255 208 201 255 255 198 255 255 255 221 216 255 255 255 255 255 255 255 222 255 255 246 207 174 0 37 226 255 194 230 255 219 177 255 255 255 250 255 255 255 255 255 255 255 198 230 255 255 208 189 27 0 17 255 255 255 255 255 249 194 255 255 219 253 255 255 255 255 255 255 216 194 255 255 255 255 222 25 55 255 255 234 223 255 255 255 255 255 255 227 255 255 234 223 255 255 255 240 174 255 255 214 211 122 32
12 132 237 255 255 208 164 193 255 255 216 191 255 255 205 255 255 255 255 255 194 184 255 255 187 7 0 3 238 253 158 202 255 205 255 255 255 200 211 255 255 255 194 174 255 227 246 255 255 255 255 227 0 0 90 249 227 212 255 255 216 255 255 255 203 191 255 255 255 255 255 255 254 253 255 255 249 204 181 0 29 255 255 197 237 255 241 158 242 255 255 254 223 254 255 255 255 255 255 191 223 255 255 198 244 75 0 27 255 255 255 255 255 255 201 255 255 219 249 255 255 255 255 255 255 230 188 255 255 255 255 255 35 48 255 255 234 223 255 255 255 255 255 255 212 255 255 234 219 255 255 255 255 180 255 255 239 230 113 37
25 143 245 255 255 204 180 200 255 255 209 195 255 255 205 255 255 255 255 255 212 188 255 255 255 39 0 12 246 253 145 198 255 205 255 255 255 200 211 255 255 255 194 188 255 227 246 255 255 255 255 246 0 0 85 249 242 223 255 255 234 255 255 255 179 212 255 255 255 255 255 255 251 255 255 255 238 190 164 0 18 255 255 194 229 255 255 130 181 255 255 255 238 255 242 255 255 255 255 188 223 255 255 184 207 24 0 19 255 255 255 255 255 255 194 255 255 212 234 255 255 242 255 255 255 255 227 255 255 255 255 255 55 51 255 255 234 219 255 255 238 255 255 255 205 253 255 234 219 255 255 255 240 171 255 255 246 237 105 41
41 168 253 255 255 199 200 196 255 255 205 201 255 255 205 255 255 242 255 255 216 201 255 255 198 19 0 5 227 255 142 197 255 209 255 255 255 200 211 255 255 255 201 216 255 227 246 255 255 255 255 250 0 0 106 255 238 219 255 255 255 255 255 255 192 217 255 255 255 255 255 255 255 255 255 255 246 197 161 3 0 234 255 190 227 255 255 148 191 255 255 255 255 255 227 255 255 255 255 188 227 255 255 181 203 0 0 31 255 255 255 255 255 255 191 255 255 205 215 255 255 223 255 255 242 208 216 255 255 255 255 255 80 39 255 255 234 219 255 255 191 255 255 255 205 253 255 234 219 255 255 255 248 177 255 255 250 237 102 39
41 171 245 255 255 203 214 175 255 255 201 205 255 255 205 255 255 201 231 255 255 254 255 255 195 29 0 6 216 255 142 194 255 205 255 255 255 200 214 255 255 255 208 253 255 223 250 255 255 255 255 235 0 0 116 255 227 205 255 255 255 255 255 255 237 206 255 255 255 255 255 255 255 255 255 255 255 218 161 6 0 233 255 201 242 255 255 237 254 255 255 231 255 255 227 255 255 255 255 188 227 255 255 188 221 21 0 72 255 255 255 255 255 255 198 255 255 198 205 255 255 227 255 255 194 143 184 255 255 255 255 255 82 12 247 255 234 223 255 255 178 255 255 255 208 249 255 234 223 255 255 255 245 177 255 255 227 208 85 19
41 178 245 255 255 206 229 165 255 255 201 209 255 255 205 255 255 181 184 255 255 255 255 255 255 68 0 9 201 255 145 194 255 205 255 255 255 200 214 255 255 255 216 255 255 223 250 255 255 255 255 235 0 0 103 212 198 178 255 255 255 255 255 255 245 192 255 212 227 255 255 219 255 255 255 255 255 218 145 0 0 239 255 200 248 255 255 255 255 255 255 216 255 255 223 255 255 255 255 191 227 255 255 198 212 100 0 118 255 255 255 255 255 187 164 255 255 187 205 255 255 223 255 255 219 161 201 255 255 255 255 235 37 0 164 255 234 227 255 255 188 255 255 255 212 249 255 234 223 255 255 255 241 181 255 255 251 237 116 39
46 179 240 255 255 253 252 154 255 255 205 217 255 255 209 255 255 184 165 255 255 255 255 255 255 118 2 0 233 255 155 222 255 208 255 255 255 208 216 255 255 255 227 255 255 219 255 255 255 255 255 232 0 0 107 255 249 198 227 255 255 255 255 255 208 191 255 187 212 255 232 163 255 255 255 255 255 238 47 0 0 222 255 196 255 255 255 255 255 255 255 227 255 255 219 254 255 255 255 191 219 255 255 205 247 98 0 34 255 255 255 255 254 155 149 255 255 191 201 255 254 238 255 255 255 188 255 255 255 255 198 171 47 0 150 255 234 216 255 255 205 255 255 255 239 239 255 239 250 255 255 255 253 173 255 255 248 219 212 47
37 163 248 255 255 255 255 166 255 255 194 210 255 255 212 255 255 194 198 255 255 255 255 255 204 0 0 5 200 255 151 230 255 205 255 255 255 208 212 255 255 255 223 255 255 212 250 255 255 255 255 233 0 0 102 255 234 198 249 255 255 255 255 255 226 177 255 189 217 255 196 143 248 255 255 255 255 223 41 0 27 254 255 189 255 255 254 225 255 255 255 219 255 255 205 255 255 255 255 191 219 255 255 201 251 54 0 71 255 222 255 255 255 212 158 255 255 187 212 255 255 227 255 255 227 198 255 255 255 247 165 177 51 0 156 255 234 216 255 255 205 255 255 255 232 228 255 255 255 255 255 255 241 168 255 255 244 216 127 38
14 136 255 255 255 255 255 173 255 255 187 203 255 255 212 255 255 212 246 255 255 255 255 255 222 25 0 6 211 255 140 222 255 205 255 255 255 205 212 255 255 255 219 255 255 205 238 255 255 255 255 233 0 0 97 255 227 201 255 255 255 250 255 255 221 173 255 191 201 255 227 246 255 255 255 255 255 201 37 0 68 255 255 186 255 255 241 210 255 255 246 208 255 255 188 255 255 255 255 191 219 255 255 201 243 28 0 98 255 204 255 255 255 245 164 255 255 191 219 255 255 223 255 255 165 198 242 255 255 228 143 181 51 0 159 255 238 223 255 255 209 255 255 255 236 217 255 255 255 255 255 255 249 175 255 255 226 204 49 25
14 148 255 255 255 255 184 151 255 255 184 206 255 255 212 255 255 246 255 255 255 255 255 255 235 54 0 2 223 255 142 237 255 205 255 255 255 208 212 255 255 255 219 255 255 205 231 255 255 255 255 233 0 0 97 255 230 201 255 255 255 219 255 255 255 205 255 184 209 255 255 255 255 255 255 255 255 212 60 0 87 255 255 189 255 255 245 232 255 255 238 198 255 255 188 255 255 255 255 188 223 255 255 198 255 86 0 133 214 218 255 255 216 212 171 255 255 201 215 255 255 231 255 255 158 216 255 255 255 247 146 171 45 0 156 255 234 227 255 255 227 255 255 255 243 221 255 255 255 255 255 255 253 191 255 255 232 240 40 38
27 173 255 255 255 255 161 176 255 255 187 210 255 255 209 255 255 255 242 250 255 255 255 255 255 25 0 14 209 255 148 234 255 205 255 255 255 212 212 255 255 255 219 255 255 201 231 255 255 255 255 237 0 0 113 255 230 198 255 255 242 201 255 255 249 249 255 195 212 255 255 255 255 255 255 255 255 217 76 0 98 255 255 196 255 255 245 244 255 255 242 194 255 255 223 255 255 255 255 188 223 255 255 198 247 166 0 148 203 204 255 255 195 158 191 255 255 215 201 255 255 234 255 255 231 255 255 198 255 255 158 152 37 0 153 255 234 231 255 255 246 255 255 255 224 206 255 255 255 255 255 255 248 197 255 255 235 255 47 38
63 225 255 255 255 255 146 166 255 255 187 210 255 255 209 255 255 255 198 238 255 255 255 255 255 142 3 21 216 255 153 219 255 205 255 255 255 208 212 255 255 255 223 255 255 198 231 255 255 255 255 237 0 0 153 255 230 194 255 255 231 195 255 255 201 255 255 212 209 255 255 255 229 255 255 255 255 211 71 0 108 255 255 199 255 255 245 240 255 255 246 201 255 255 255 255 255 255 255 188 223 255 255 195 237 159 0 124 211 187 255 255 209 143 212 255 255 226 191 255 255 234 255 255 255 255 255 149 236 255 168 143 31 0 132 255 255 250 255 255 255 255 255 255 228 206 255 255 255 255 255 255 237 197 255 255 234 255 47 28
53 221 255 255 255 255 161 166 255 255 181 206 255 255 209 255 255 255 165 234 255 255 255 255 241 234 12 10 223 255 166 246 255 205 255 255 255 205 212 255 255 255 223 255 255 191 234 255 255 255 255 237 0 6 214 255 227 191 255 255 227 195 255 255 196 255 255 205 219 255 255 219 160 204 255 255 255 233 80 0 108 255 255 208 255 255 245 248 255 255 249 219 246 255 255 255 255 255 255 188 223 255 255 195 255 151 0 173 204 195 255 255 223 149 219 255 255 237 191 255 255 234 255 255 255 255 231 181 255 247 165 146 26 0 112 255 255 255 255 255 255 253 223 255 255 224 255 255 255 255 255 255 237 197 255 255 253 255 57 45
31 203 255 255 255 255 180 166 255 255 174 203 255 255 212 255 255 255 152 238 255 255 255 255 255 91 0 17 209 255 150 255 255 205 255 255 255 201 212 255 255 255 223 255 255 184 234 255 255 255 255 237 0 18 255 255 230 194 255 255 223 198 255 255 151 228 255 210 219 255 255 234 154 191 255 255 255 255 97 0 98 255 255 215 255 255 253 255 255 255 246 238 242 255 255 255 255 255 255 188 223 255 255 195 249 154 8 255 177 209 255 255 219 158 212 255 255 249 194 255 255 231 255 255 255 254 205 255 255 228 152 149 26 0 110 255 255 255 255 255 255 255 219 255 255 217 255 255 255 255 239 255 255 209 255 255 255 255 53 57
31 253 255 255 255 255 230 169 255 255 179 214 255 255 209 255 255 238 154 163 243 255 255 255 245 53 0 68 222 255 164 252 255 201 255 255 255 168 212 255 255 255 219 255 255 209 242 255 255 255 237 136 0 12 255 255 234 198 255 255 219 194 255 255 146 227 255 198 223 255 255 255 219 179 255 255 255 255 126 0 87 255 255 227 255 255 255 255 234 255 249 246 223 255 255 255 255 255 255 198 246 255 255 223 251 59 0 255 191 200 255 255 220 161 212 255 255 255 203 255 255 230 255 255 249 163 160 255 255 251 151 157 21 0 104 255 255 255 255 255 255 250 219 255 255 220 255 255 255 255 198 255 255 251 255 255 255 255 149 41
17 226 255 255 255 255 255 176 255 255 192 217 255 255 205 255 255 219 157 173 251 255 255 255 255 131 0 49 237 255 151 255 255 201 255 255 255 171 223 255 255 255 223 255 255 219 242 255 255 255 226 125 0 17 255 255 234 208 255 255 230 205 255 255 149 230 255 201 227 255 255 255 255 212 223 255 255 255 125 0 66 243 255 238 255 255 255 255 219 255 255 253 227 255 255 255 255 255 255 216 242 255 255 227 251 74 2 231 201 193 255 255 231 161 198 255 255 249 214 255 255 227 255 255 255 238 205 219 255 243 148 139 24 0 107 255 255 255 255 255 255 255 219 255 255 216 255 255 255 255 184 255 255 255 255 255 255 255 93 37
43 255 255 255 255 255 255 173 255 255 206 214 255 255 201 255 255 198 136 160 251 255 255 255 255 116 0 26 219 255 148 255 253 205 255 255 255 174 234 255 255 255 227 255 255 223 246 255 255 255 183 120 0 12 236 255 234 223 255 255 238 216 255 255 168 249 255 216 242 255 255 255 255 249 231 255 255 255 128 0 47 228 255 235 255 255 255 255 205 249 255 255 231 255 255 255 255 234 255 238 242 255 255 231 255 77 0 255 187 210 255 255 250 164 174 255 255 234 232 255 254 227 255 255 255 255 255 216 255 255 197 143 30 0 110 255 255 255 255 255 255 255 216 255 255 246 255 255 255 255 168 255 255 255 255 255 255 255 45 32
37 255 255 255 255 255 255 169 255 255 210 203 255 255 201 255 255 223 174 189 255 255 255 255 255 68 0 53 222 255 154 255 253 208 255 255 255 174 242 255 255 255 223 255 255 223 250 255 255 209 159 129 0 2 160 255 227 230 255 255 242 219 255 255 194 255 255 227 254 255 255 255 255 255 255 255 255 255 109 0 45 239 255 235 255 255 255 255 201 246 255 255 246 255 255 255 250 184 255 255 255 255 255 231 255 112 2 255 197 200 255 255 255 168 155 255 255 222 243 255 255 235 255 255 255 255 255 255 255 255 255 147 21 0 112 255 255 255 255 238 255 254 212 255 255 255 255 255 255 255 161 255 255 255 255 255 255 255 49 35
8 215 255 255 255 255 255 166 255 255 210 199 255 255 201 255 255 255 255 255 255 255 255 255 255 16 0 75 218 255 167 255 255 212 255 255 255 174 246 255 255 255 227 255 255 223 250 255 255 176 147 130 0 8 142 185 205 227 255 255 253 227 255 255 208 255 255 223 254 255 255 246 255 255 255 255 255 255 81 0 49 239 255 255 255 255 255 255 208 242 255 255 255 255 255 255 255 178 255 255 255 255 255 223 255 150 0 119 211 196 255 255 255 177 146 255 255 219 247 255 255 231 255 255 255 255 255 255 255 255 255 129 6 0 115 255 255 242 255 216 255 255 216 255 255 255 255 255 255 255 161 255 255 255 255 255 255 255 71 28
8 215 255 255 255 255 255 173 255 255 210 206 255 255 216 255 255 255 255 255 255 255 255 255 248 12 0 81 222 255 167 255 255 212 255 255 255 178 246 255 255 255 234 255 255 223 246 255 255 159 159 153 0 13 144 181 194 219 255 255 255 230 255 255 198 255 255 216 250 255 255 242 236 198 205 204 237 255 71 0 58 224 255 255 255 255 237 255 216 242 255 255 255 255 255 255 255 181 255 255 255 255 255 231 255 144 0 119 194 214 255 255 255 191 149 255 255 215 243 255 254 223 255 255 255 201 188 255 255 255 204 91 0 0 118 255 255 223 255 212 255 255 223 255 255 255 255 255 255 255 161 255 255 255 255 255 255 255 114 35
11 211 255 255 255 255 255 186 255 255 206 210 255 255 255 255 255 255 255 191 255 255 255 255 233 12 0 70 220 255 164 255 255 208 255 255 255 188 246 255 255 255 246 255 255 227 250 255 255 168 215 223 0 6 147 193 227 230 255 255 249 223 255 255 194 255 255 219 254 255 255 255 155 151 145 145 172 255 78 0 58 224 255 255 255 255 197 255 216 234 255 255 255 255 255 255 254 181 255 255 255 255 255 250 255 147 2 255 178 203 255 255 255 208 155 255 255 215 236 255 250 223 255 255 219 152 152 255 255 196 153 83 0 0 112 255 255 205 255 216 249 255 223 255 255 255 255 255 255 255 158 255 255 255 255 255 255 255 149 53
11 208 255 255 255 255 255 186 255 255 203 203 255 255 255 255 255 255 255 174 255 255 255 255 239 11 0 68 220 255 161 255 253 205 255 255 255 198 249 255 255 255 250 255 255 227 254 255 255 199 255 248 0 13 203 255 255 253 255 255 234 212 255 255 198 255 255 227 255 255 255 255 157 187 158 138 152 255 85 0 51 236 255 255 222 255 197 255 212 230 255 255 255 255 255 255 254 191 255 255 255 255 255 255 255 153 5 255 156 196 255 255 255 215 161 255 255 212 232 255 255 219 255 249 178 154 163 255 255 221 189 123 0 0 104 255 255 194 255 216 246 253 216 255 255 255 255 255 246 255 158 255 255 255 255 255 255 255 114 32
16 207 255 255 255 255 255 171 255 255 216 227 255 255 255 255 255 255 255 174 255 255 255 255 241 8 0 35 225 255 159 255 255 198 255 255 255 205 250 255 255 255 255 255 255 227 250 255 255 210 255 255 0 9 226 255 255 254 255 255 212 230 255 255 194 255 255 242 255 255 255 255 161 215 173 211 255 255 73 0 56 232 255 255 226 255 192 255 219 243 255 255 255 255 255 255 255 184 255 255 255 255 255 255 255 144 8 255 161 201 255 255 255 239 199 255 255 184 253 255 255 232 255 169 144 157 176 255 255 255 255 198 13 0 124 255 255 188 255 212 234 255 219 255 255 255 255 255 171 249 166 255 255 255 255 255 255 255 74 29
5 197 255 255 255 255 255 171 255 255 216 227 255 255 255 255 255 255 255 181 249 255 255 255 236 9 0 31 218 255 165 255 253 194 255 255 255 205 250 255 255 255 255 255 255 227 250 255 255 228 255 238 0 17 226 255 255 255 255 255 194 223 255 255 198 255 255 254 255 255 255 255 201 255 255 255 255 255 55 0 58 236 255 255 218 255 196 255 212 232 255 255 255 255 255 234 242 181 255 255 255 255 255 255 255 156 2 255 164 208 255 255 255 255 255 255 255 171 242 255 255 238 242 188 188 216 255 255 255 255 255 212 23 0 128 255 255 174 255 223 246 255 212 255 255 255 255 255 209 255 166 255 255 255 255 255 255 255 69 29
9 213 255 255 255 255 255 184 255 255 219 230 255 255 255 255 255 255 255 184 255 255 255 255 244 19 0 16 225 255 171 255 242 191 255 255 255 205 250 255 255 255 246 255 255 227 250 255 255 232 255 230 0 19 234 255 255 255 255 255 212 230 255 255 192 255 255 255 255 255 255 255 191 238 255 255 255 255 49 0 58 239 255 238 207 255 196 255 221 238 255 255 255 255 246 191 234 181 255 255 255 255 255 255 255 177 2 255 160 208 255 255 255 255 255 255 255 161 230 255 255 255 255 255 255 255 255 255 255 255 255 165 7 0 132 255 246 168 255 219 246 255 216 255 255 250 255 255 255 255 176 255 255 255 255 255 255 255 62 29
32 250 255 255 255 255 245 207 255 255 219 227 255 255 255 255 255 255 255 205 255 255 255 255 233 17 0 8 222 255 170 255 234 184 255 255 255 209 250 255 255 255 231 255 255 227 250 255 255 240 252 242 0 14 242 255 255 255 255 255 238 238 255 255 182 249 255 255 255 255 255 255 214 212 255 255 255 255 73 0 54 239 255 216 204 255 196 255 208 242 255 255 255 255 255 250 230 188 255 255 255 255 255 255 255 203 8 255 149 204 255 255 223 255 255 255 255 164 219 255 255 255 255 255 255 255 255 255 255 255 255 146 0 0 132 255 242 165 255 216 255 255 223 255 246 212 255 255 255 255 174 255 255 255 255 255 255 255 56 29
45 255 255 255 255 255 245 214 255 255 219 223 255 255 255 255 255 255 253 216 255 255 255 255 252 12 0 28 214 255 166 255 227 181 255 255 255 209 250 255 255 255 216 255 255 227 250 255 255 255 236 245 0 16 255 255 255 255 255 255 246 234 255 255 182 253 255 255 246 255 255 255 255 238 255 255 255 255 105 0 50 232 255 202 204 255 196 255 208 246 255 255 249 255 255 255 230 188 255 255 255 255 255 255 255 242 2 222 149 204 255 255 212 246 255 255 255 161 205 255 255 255 255 255 255 255 255 255 255 255 255 146 0 0 126 255 223 161 255 219 255 255 219 255 239 191 255 255 255 255 165 255 255 254 255 255 255 255 54 31
30 251 255 255 255 255 247 201 255 255 219 223 255 255 238 255 255 255 249 189 255 255 255 255 255 9 0 50 217 255 181 255 227 181 255 255 255 205 250 255 255 255 205 255 255 223 250 255 255 255 207 230 0 29 255 255 255 255 255 255 246 227 255 255 186 255 255 242 231 255 255 205 189 215 255 255 255 255 125 0 48 232 255 188 207 255 199 255 219 249 255 255 212 255 255 255 230 181 255 255 255 255 255 255 255 255 0 111 171 208 255 255 223 235 255 255 255 146 191 255 255 255 255 255 255 255 227 255 255 255 255 161 0 0 142 255 212 158 255 205 255 255 216 255 230 176 255 255 255 255 165 255 255 220 255 255 255 255 54 31
10 219 255 249 255 255 255 194 255 255 219 223 255 255 231 255 255 255 238 163 236 188 249 255 246 57 0 64 237 255 195 255 230 184 255 255 255 205 250 255 255 255 195 255 255 223 246 255 255 251 173 226 0 39 255 255 255 255 255 255 208 205 255 255 181 255 255 250 231 255 255 171 144 219 255 255 255 255 113 0 52 228 255 175 207 255 203 255 212 234 249 236 196 255 255 255 230 181 255 255 246 255 255 255 255 245 0 62 193 210 255 255 238 231 255 255 255 143 188 255 255 242 255 255 255 255 255 255 255 255 255 208 16 5 160 255 198 158 255 201 255 255 223 255 222 163 255 255 255 255 168 255 255 192 251 255 255 255 54 31
2 203 255 238 255 255 255 201 255 255 219 223 255 255 227 255 255 255 234 173 232 131 165 242 255 225 19 99 255 255 191 255 230 184 255 255 255 201 250 255 255 255 188 255 255 219 246 255 255 240 157 238 0 33 255 255 255 255 255 238 155 168 255 255 174 255 255 250 227 255 255 205 173 255 255 255 255 255 75 0 56 228 255 165 204 255 206 255 216 242 251 236 189 255 255 255 234 184 255 249 223 255 255 255 255 208 0 55 211 206 255 255 255 235 255 255 255 152 191 255 255 223 255 255 255 255 255 255 255 255 255 206 13 2 165 255 181 158 255 216 255 255 223 255 230 166 255 255 255 255 168 255 255 175 239 255 255 255 54 31
10 208 255 241 255 255 255 196 255 255 223 231 255 255 219 255 255 255 216 166 212 162 152 181 255 255 31 125 255 255 203 255 230 178 255 255 255 205 254 255 255 255 174 255 255 227 242 255 255 206 173 205 0 32 255 255 254 255 255 239 154 181 255 255 161 253 255 255 227 255 255 234 218 255 255 255 230 174 71 0 51 224 255 166 186 255 255 255 210 255 224 246 191 255 255 255 232 173 255 242 195 255 255 255 255 166 0 67 193 235 255 255 255 255 255 255 255 154 176 237 230 212 255 255 255 255 255 255 255 255 255 201 5 6 160 255 184 154 255 255 255 254 231 255 221 189 250 255 246 255 152 255 255 198 242 255 255 255 56 30
1 171 255 233 255 255 255 200 255 255 216 227 255 255 223 255 255 255 216 168 191 152 143 184 255 217 0 121 255 255 211 255 230 181 255 255 255 205 254 255 255 255 174 255 255 227 238 255 255 185 164 209 0 34 255 221 250 255 255 255 203 194 255 255 174 255 255 255 230 255 255 178 248 241 255 255 203 167 62 0 49 239 255 160 180 255 255 255 210 251 216 238 198 255 255 250 243 182 255 242 216 255 255 255 255 156 0 56 196 220 255 255 255 255 255 255 255 160 163 221 255 216 242 255 255 255 255 255 255 255 255 212 13 0 157 255 184 154 255 255 255 246 223 255 214 196 255 255 195 255 165 255 255 249 255 245 255 255 117 33
0 137 255 230 255 255 255 200 255 255 212 223 255 255 223 255 255 255 206 158 161 155 152 216 255 252 4 95 255 255 231 255 230 184 255 255 255 205 254 255 255 255 174 255 255 223 231 255 251 166 164 227 0 34 255 193 238 255 255 251 196 194 255 255 184 253 255 249 238 255 254 171 252 255 255 255 186 171 78 0 51 239 255 154 170 255 251 255 221 255 223 238 194 255 255 174 239 188 255 253 246 255 250 255 255 96 0 61 200 220 255 255 255 255 255 255 255 151 151 210 255 216 238 255 255 255 255 198 255 255 255 202 20 1 169 255 181 154 255 223 255 250 219 255 217 193 255 255 165 255 178 255 255 255 255 211 255 255 146 46
0 122 255 237 255 255 255 196 255 255 219 234 255 255 223 255 255 255 203 164 155 162 149 207 255 235 6 80 254 255 231 255 230 188 255 255 255 205 250 255 255 255 178 255 255 223 223 255 240 159 176 246 0 34 255 189 242 255 255 199 163 219 255 255 191 242 255 246 238 255 255 231 255 255 212 255 206 164 83 0 51 228 255 166 176 255 206 255 205 246 219 238 194 255 255 165 227 188 255 255 255 255 219 255 255 44 0 69 196 235 255 255 255 255 255 255 255 154 182 255 255 212 231 255 255 255 255 158 255 255 255 161 14 0 169 255 184 154 255 198 238 255 227 255 225 189 255 255 178 255 174 255 255 255 255 215 255 255 129 39
1 114 247 241 255 255 255 196 255 255 231 246 255 255 223 255 255 255 206 164 140 154 160 232 255 106 0 85 250 255 243 255 230 191 255 255 255 205 250 255 255 255 181 255 255 227 216 255 251 159 176 246 0 36 255 189 238 255 255 179 157 255 255 255 198 234 255 249 234 255 255 255 255 237 152 255 239 171 76 0 49 228 255 173 183 255 199 255 223 250 216 238 208 255 255 178 234 184 255 255 255 255 212 255 219 69 0 63 189 235 255 255 255 255 255 255 253 155 214 255 255 216 242 255 255 255 255 161 255 255 255 174 19 0 121 255 187 157 255 191 238 255 254 255 221 196 255 255 201 255 161 255 255 255 255 215 222 248 189 44
0 106 239 237 255 255 255 196 255 255 234 254 255 255 223 255 255 255 242 196 157 157 175 235 255 107 0 78 250 255 255 255 230 198 255 255 255 205 250 255 255 255 181 255 255 231 212 255 255 169 167 235 0 40 255 179 242 255 255 173 154 255 255 255 198 223 255 253 234 255 255 255 255 177 194 255 201 167 66 0 47 243 255 163 173 255 206 255 255 255 223 238 223 255 255 169 238 184 255 255 255 255 194 196 255 159 0 56 203 228 255 255 255 196 169 255 247 146 198 255 255 212 250 255 255 255 255 194 255 255 255 200 13 0 100 255 187 160 247 201 242 255 255 255 214 214 255 255 205 255 155 255 255 255 255 233 161 247 229 44
0 106 239 233 255 255 255 200 255 255 227 250 255 255 223 255 255 255 255 255 255 255 255 255 255 194 8 72 255 255 255 255 230 201 255 255 255 205 250 255 255 255 184 255 255 231 212 255 255 185 173 239 0 41 255 173 254 255 255 182 157 255 255 255 208 227 255 249 238 255 255 255 227 204 255 255 187 177 75 0 49 243 255 160 167 255 192 255 255 255 219 219 227 255 255 169 234 184 255 255 227 255 210 166 255 144 0 61 232 232 255 255 255 210 144 228 255 155 181 255 255 201 234 255 255 255 255 255 255 255 255 176 0 0 136 255 184 163 247 216 238 255 255 255 214 218 255 255 198 255 161 255 255 191 246 255 164 255 181 46
0 111 243 230 255 255 255 200 255 255 216 242 255 255 227 255 255 242 255 255 255 255 255 255 255 157 0 77 255 255 255 255 230 201 255 255 255 205 246 255 255 255 184 255 255 234 212 255 255 202 190 250 0 40 255 173 242 255 255 189 157 255 255 255 238 246 255 246 242 255 255 209 156 180 255 255 201 164 72 0 51 232 255 170 180 255 185 255 255 255 216 205 219 255 255 169 235 188 255 216 152 255 255 214 255 46 0 67 248 243 255 255 255 251 160 210 243 158 178 255 255 209 250 255 255 255 255 255 255 255 255 173 0 2 166 255 181 163 247 223 234 255 255 255 225 214 255 255 195 255 174 255 247 158 227 255 201 255 106 31
1 136 255 199 255 255 255 169 255 255 201 255 255 255 223 255 255 255 255 255 255 255 255 255 255 222 0 57 249 255 255 255 237 201 255 255 255 206 250 255 255 255 188 255 255 223 223 255 255 182 211 249 0 51 255 180 250 255 255 216 149 215 255 255 208 251 255 255 234 255 255 255 252 174 218 255 212 155 72 0 49 227 255 164 177 255 243 255 255 255 217 201 242 255 255 184 238 201 255 212 227 255 255 255 255 29 0 78 233 253 255 255 255 255 178 217 196 157 182 255 255 209 250 255 255 255 255 255 255 255 255 181 0 0 166 255 177 157 253 238 250 255 255 255 226 223 255 255 196 255 165 255 246 201 255 255 255 255 128 33
0 158 255 203 255 255 255 179 255 255 198 254 255 255 223 255 255 255 255 255 255 255 255 255 255 147 0 80 253 255 255 255 234 201 255 255 255 206 250 255 255 255 171 255 255 234 227 255 255 206 196 249 0 85 255 171 246 255 255 219 168 219 255 255 198 255 255 253 242 255 255 255 255 253 236 255 255 204 77 0 49 238 255 154 174 255 255 255 255 255 228 230 255 255 255 171 242 208 255 253 255 255 255 255 255 38 0 64 233 255 255 255 255 255 208 221 199 147 182 255 255 205 238 255 255 255 255 255 255 255 255 195 0 3 163 255 177 154 255 255 255 255 255 254 208 255 255 255 182 255 171 255 255 255 255 255 255 255 195 43
0 184 255 199 255 255 255 179 255 255 191 242 255 255 223 255 255 255 255 255 255 255 255 255 255 93 0 89 255 255 255 255 234 201 255 255 255 206 250 255 255 255 171 255 255 209 219 255 255 235 186 227 0 85 255 171 242 255 255 234 161 181 255 255 186 255 255 246 238 255 255 255 255 255 255 255 255 244 86 0 49 234 255 154 170 255 255 255 255 255 224 234 255 255 255 177 242 219 255 246 255 255 255 255 255 46 0 54 237 255 255 255 255 255 234 221 214 147 186 255 255 208 242 253 227 242 230 242 255 255 255 188 0 3 160 255 191 151 255 255 255 255 255 255 205 255 255 255 186 255 181 255 235 255 255 255 255 255 202 41
4 205 255 196 255 255 255 169 255 255 188 231 255 255 227 255 255 255 255 255 255 255 255 255 255 93 0 61 255 255 255 255 230 201 255 255 255 206 246 255 255 255 174 255 255 201 219 255 255 239 181 215 14 78 255 174 246 255 255 255 161 161 255 255 182 255 255 242 234 255 255 255 235 255 255 255 255 222 60 0 53 212 255 167 170 255 255 255 255 255 214 223 255 255 255 187 234 253 246 230 255 255 255 255 255 45 0 62 252 255 255 255 255 255 238 224 236 157 186 255 255 203 247 186 139 163 157 239 255 255 255 162 0 3 166 255 205 157 255 255 255 255 255 255 215 255 255 255 210 230 194 255 238 255 255 255 255 255 140 35
13 212 255 199 255 255 255 166 255 255 188 216 255 255 227 255 255 255 255 255 212 246 255 255 255 88 0 36 241 255 255 255 234 201 255 255 255 203 246 255 255 255 171 255 255 231 227 255 255 225 171 222 95 90 255 167 250 255 255 255 177 171 255 255 187 251 255 250 235 255 255 232 157 197 255 255 184 184 60 0 57 201 255 170 177 255 239 255 255 255 217 227 255 255 255 187 205 255 255 230 255 255 255 255 255 42 0 95 255 255 255 255 255 255 242 239 247 157 176 255 255 224 255 217 136 154 214 255 255 255 255 162 0 4 163 255 212 160 253 246 255 255 255 255 212 255 255 255 224 205 223 255 238 255 255 255 255 255 106 39
14 219 255 203 255 255 255 169 255 255 184 205 255 255 223 255 255 255 255 255 201 254 255 255 255 35 0 33 237 255 255 255 237 201 255 255 255 203 246 255 255 255 174 255 255 231 223 255 255 218 169 225 151 68 255 167 250 255 255 255 168 155 255 255 187 255 255 246 235 255 255 177 160 187 255 255 158 180 64 0 51 205 255 160 180 255 220 254 255 255 221 230 255 255 255 201 194 255 249 219 255 255 255 255 255 57 0 133 255 255 255 255 255 255 255 255 236 147 166 255 255 212 234 255 168 161 255 255 255 255 255 168 0 4 150 255 208 160 249 219 246 255 255 254 198 255 255 255 221 184 255 255 205 255 255 255 255 255 95 35
11 223 255 196 255 255 255 176 255 255 178 191 255 255 212 255 255 255 255 255 209 255 255 255 255 53 0 59 255 255 255 255 241 201 255 255 255 203 246 255 255 250 174 255 255 216 216 255 255 237 170 224 156 53 254 164 246 255 255 255 191 174 255 255 174 255 255 242 235 234 187 152 154 208 255 255 242 255 92 0 33 198 255 157 177 255 210 255 255 255 217 227 255 255 255 215 230 255 234 212 255 255 255 255 255 97 0 145 255 255 255 255 255 255 255 255 217 151 166 255 255 209 231 255 238 212 255 255 255 255 255 168 0 11 147 255 205 160 249 212 235 255 255 238 191 255 255 255 221 177 255 250 208 255 255 255 255 255 73 26
10 223 255 186 255 255 255 173 255 255 174 184 255 255 209 255 255 255 255 255 201 255 255 255 255 37 0 28 233 255 255 255 241 201 255 255 255 203 246 255 255 250 162 255 255 231 223 255 255 252 164 241 179 78 255 155 242 255 255 255 255 253 255 239 152 251 255 239 246 216 161 166 189 255 255 255 255 255 122 0 20 184 255 164 177 255 196 255 255 255 214 227 255 255 255 212 255 255 219 212 255 255 255 255 255 139 0 136 255 255 255 255 255 255 255 255 210 163 173 255 255 198 242 255 255 255 242 255 255 255 255 159 0 24 166 255 212 160 249 212 235 255 255 231 198 255 255 255 236 177 255 246 208 255 255 255 255 255 53 30
10 205 255 179 255 255 242 170 255 255 183 189 255 244 189 255 255 255 255 198 178 255 255 255 249 6 0 8 223 255 255 255 242 227 255 255 255 195 255 255 255 254 195 255 255 212 205 255 255 255 163 218 206 73 255 151 244 255 255 255 255 255 255 237 154 242 255 252 254 233 233 255 255 255 255 255 255 255 83 0 0 177 255 163 187 255 187 255 255 255 203 225 255 255 255 196 255 255 225 193 255 255 255 255 255 102 0 131 244 255 255 255 255 255 244 255 225 145 183 255 255 198 223 255 255 255 255 255 211 255 255 160 0 24 163 255 207 151 255 210 231 255 255 235 191 255 255 255 220 246 255 242 202 255 255 255 255 255 51 32
10 205 255 179 255 255 242 170 255 255 183 189 255 240 183 255 255 255 238 170 193 255 255 255 234 16 0 33 255 255 255 255 246 242 255 255 255 195 255 255 255 254 191 255 255 220 209 255 255 255 160 201 196 64 254 157 237 255 255 233 255 255 255 225 163 244 255 255 255 255 255 255 255 255 255 255 255 255 78 0 0 169 255 160 191 255 187 255 255 255 196 214 255 255 255 189 255 255 211 193 255 255 255 255 255 71 0 117 255 235 255 255 255 255 196 196 225 157 176 255 255 195 235 255 250 229 193 176 183 239 255 179 0 28 160 255 210 157 255 210 231 255 255 220 185 255 255 255 216 246 255 242 178 255 255 255 255 255 97 31
10 201 255 176 255 255 238 166 255 255 183 186 255 236 176 255 255 255 198 151 207 255 255 252 222 22 0 29 228 255 255 255 242 255 255 255 255 198 255 255 255 250 188 255 255 227 216 255 255 239 160 184 192 55 243 154 233 255 255 190 248 255 255 222 157 232 255 255 255 255 255 255 255 255 255 255 255 255 83 0 14 179 255 163 198 253 174 255 255 255 183 207 255 255 255 193 252 255 207 197 255 255 255 255 255 62 0 55 255 252 255 255 255 255 179 186 225 157 170 255 255 198 235 255 183 160 154 154 234 255 255 196 0 25 158 255 203 160 255 210 227 255 255 220 188 255 255 255 220 250 255 235 170 255 255 255 255 255 174 37
10 194 255 176 249 255 234 163 248 255 179 179 255 232 173 255 255 255 175 157 218 255 255 237 221 31 0 37 229 255 255 246 223 255 255 254 255 205 255 255 255 250 185 246 255 238 223 255 255 232 176 191 203 57 235 154 235 255 255 175 246 255 255 220 148 221 255 252 248 255 255 255 255 236 255 255 255 255 85 0 20 182 255 163 211 255 180 255 254 255 179 207 255 255 255 193 242 255 212 195 255 255 254 195 148 11 0 36 255 255 255 255 255 255 214 244 236 151 176 255 246 191 238 255 170 148 157 170 255 255 255 193 0 23 170 255 193 163 255 207 223 255 255 216 175 254 255 255 212 235 255 205 183 255 255 255 255 250 189 55
10 191 251 173 245 255 234 163 248 255 179 179 255 232 173 248 255 227 154 163 229 255 255 218 176 17 0 29 225 255 255 238 205 255 255 250 255 212 254 255 255 250 178 231 255 242 227 254 255 236 199 204 199 66 237 160 223 255 255 181 250 255 255 209 154 218 255 248 229 252 255 255 255 243 255 255 255 255 83 0 18 179 255 164 211 249 187 255 255 255 186 210 255 255 250 189 238 255 212 195 255 255 195 143 147 0 0 112 255 253 255 255 255 255 229 255 255 157 186 255 238 191 240 255 170 154 170 189 241 253 255 193 6 23 167 249 196 176 255 207 216 255 255 202 178 250 255 255 209 223 254 205 167 255 255 255 241 199 148 93
10 184 247 173 241 255 234 163 248 255 186 186 255 229 176 240 255 209 148 166 236 255 255 205 218 33 0 24 220 255 255 246 198 254 255 250 255 209 250 254 255 246 171 212 255 250 235 246 255 236 198 194 156 66 237 160 223 255 255 216 255 250 255 209 157 200 244 238 214 254 255 255 255 255 255 255 255 255 80 0 18 173 255 164 215 239 180 244 255 255 183 203 255 251 254 207 238 255 205 202 255 231 175 171 201 11 0 112 222 252 255 255 255 255 200 244 255 166 183 255 240 200 236 251 170 154 160 179 249 255 255 196 12 18 157 242 193 183 255 203 212 255 255 205 185 254 255 255 212 227 255 235 200 255 255 237 186 150 57 42
10 180 243 173 241 255 234 166 240 255 203 203 255 221 176 236 254 227 170 173 244 255 255 205 182 17 0 16 221 255 252 231 198 246 255 250 254 205 246 250 254 238 162 198 255 254 238 246 249 229 195 182 115 61 230 153 223 255 255 250 255 235 254 212 157 183 218 227 205 246 255 248 255 249 255 247 255 255 76 0 23 167 255 167 226 239 184 251 251 255 179 196 252 247 254 221 235 255 198 195 255 242 191 220 255 31 0 73 174 251 241 250 252 254 196 225 232 163 189 255 221 196 240 255 186 160 148 166 255 255 253 176 9 7 145 255 186 183 248 200 209 255 255 212 178 242 250 254 205 212 254 235 196 253 238 187 151 161 36 14
10 177 243 173 237 255 238 166 232 255 218 218 255 214 176 232 246 255 207 183 247 255 254 216 159 7 0 8 217 251 248 229 195 235 250 246 246 202 250 250 246 235 156 188 250 255 246 250 245 236 202 189 99 66 234 153 216 250 238 255 242 212 242 209 154 176 218 231 198 238 251 251 249 245 239 232 255 255 67 0 41 180 255 180 237 232 174 244 243 255 179 196 252 239 246 214 235 255 198 178 255 255 202 227 244 3 0 95 177 248 249 250 248 255 232 255 210 160 218 250 232 207 229 232 173 160 160 200 249 242 219 148 0 0 114 237 193 193 251 196 205 255 254 205 175 238 254 255 216 212 242 231 193 255 254 187 151 220 72 34
8 180 233 179 224 254 243 160 222 238 209 202 242 218 179 232 241 241 245 233 237 241 255 215 148 4 0 66 208 234 255 218 183 240 240 255 207 193 240 248 242 238 163 196 251 248 233 245 244 251 225 171 110 57 230 160 226 248 229 245 237 236 251 210 148 166 229 227 209 227 242 252 239 215 186 255 244 244 47 0 58 191 241 173 239 228 176 235 238 250 178 191 242 242 238 181 226 252 204 190 251 255 210 214 238 0 0 128 174 245 247 236 235 246 242 255 195 159 235 242 236 196 240 179 145 196 207 236 241 230 232 169 0 0 100 255 186 200 236 183 214 251 248 210 177 226 248 248 229 211 241 226 187 250 245 214 219 255 68 26
7 174 229 176 221 246 236 160 235 242 223 202 231 214 173 221 237 237 245 233 233 233 245 200 148 7 0 35 216 238 240 214 176 221 221 248 207 193 232 244 238 231 163 196 240 240 233 237 237 244 218 168 110 59 234 164 215 245 237 248 237 240 251 193 160 193 248 212 188 227 242 235 236 208 176 239 233 240 57 0 50 180 238 183 247 228 173 231 238 250 181 191 238 235 231 171 237 245 190 183 251 251 193 183 221 0 0 134 198 245 240 243 227 242 235 227 181 171 235 242 221 193 232 173 154 229 232 232 237 242 240 147 0 2 124 243 186 200 232 179 207 248 248 207 173 222 245 241 218 207 237 222 192 241 245 203 208 248 49 23
5 167 226 173 217 237 232 164 238 235 235 198 218 214 170 214 233 233 241 233 237 233 241 197 145 9 0 7 213 246 237 229 183 214 214 248 214 200 229 240 233 220 163 200 225 225 229 230 233 236 207 165 107 59 234 170 218 237 226 207 176 186 225 179 157 200 248 207 181 223 238 231 236 212 184 236 233 251 75 0 52 177 230 193 247 221 166 224 238 246 185 195 231 231 220 162 241 241 187 183 248 232 170 160 220 16 0 152 234 237 218 226 235 242 238 231 212 209 235 242 214 207 244 176 154 229 229 207 243 227 205 99 0 7 139 239 183 203 232 173 200 236 240 203 170 222 237 229 200 207 233 215 183 238 234 207 187 238 87 29
5 161 222 170 213 233 224 170 235 223 235 193 203 218 170 218 226 226 233 226 229 226 237 197 184 34 0 8 206 230 218 211 190 222 222 240 214 207 229 229 231 212 166 200 214 214 226 222 229 228 197 162 102 59 234 173 211 233 241 218 164 154 210 176 151 186 236 214 189 212 220 227 230 222 207 237 238 255 92 0 62 184 230 200 235 207 163 220 233 240 186 197 229 229 214 160 229 233 194 190 236 210 157 163 209 24 0 162 251 233 218 207 229 229 232 236 236 207 176 176 186 204 248 190 160 218 225 214 232 198 181 99 0 13 133 230 183 211 229 170 200 233 237 200 170 222 237 222 190 211 233 211 176 245 218 218 161 231 180 39
5 158 222 170 210 226 225 180 226 218 229 183 197 214 170 218 225 222 229 222 225 222 233 197 198 49 0 31 206 232 233 209 180 222 222 225 200 214 229 214 227 210 166 200 207 207 225 222 225 225 186 158 97 59 230 173 211 218 240 229 180 151 210 189 154 189 236 210 189 210 212 220 219 225 221 230 227 253 97 0 67 184 226 207 232 203 160 220 229 233 190 197 225 229 214 160 222 226 194 193 229 203 163 173 223 35 0 167 240 215 198 162 180 207 229 225 222 197 157 154 176 193 240 207 176 214 229 229 233 189 171 103 0 11 133 226 186 214 229 173 204 229 233 197 173 218 233 218 180 211 229 211 183 245 218 207 147 212 184 33
5 152 222 173 210 222 221 190 225 225 218 173 193 200 164 211 229 222 229 225 225 218 229 197 187 48 0 46 196 218 226 192 173 218 225 218 190 214 233 218 220 211 164 197 204 201 217 219 222 221 180 155 89 54 226 176 222 211 218 214 193 154 200 173 154 196 240 196 179 221 225 221 218 226 225 219 219 245 111 0 58 177 223 218 232 203 163 217 222 222 190 197 222 225 214 164 222 218 183 186 229 214 173 176 215 38 0 164 237 226 214 166 145 207 237 218 214 218 207 207 204 204 233 222 200 214 222 222 229 207 181 105 0 12 150 230 197 218 222 176 211 222 225 193 173 214 225 218 170 211 225 207 183 224 213 176 150 200 112 27
5 147 217 170 203 219 218 197 218 225 200 167 193 190 160 207 214 211 218 218 225 218 229 197 164 27 0 27 186 214 234 196 170 214 225 218 183 200 222 222 211 211 160 190 204 197 209 219 218 217 173 155 87 54 223 180 211 214 225 225 222 173 193 148 151 189 228 193 183 218 214 214 214 208 216 215 223 237 124 0 52 171 215 218 228 203 166 213 218 214 186 190 214 222 211 160 218 211 173 180 229 221 176 170 219 50 0 154 222 222 203 166 148 193 214 211 211 211 218 225 207 200 214 222 211 218 222 218 215 221 210 153 12 26 164 212 204 218 211 173 211 214 218 193 173 204 222 218 167 207 218 204 177 214 209 163 158 207 94 29
5 144 214 170 203 215 214 197 211 225 186 160 197 186 160 211 186 183 197 204 214 207 222 190 192 33 0 13 182 203 222 189 167 204 218 211 170 176 200 211 211 207 157 183 204 197 206 217 211 214 170 155 84 52 223 186 211 218 218 204 211 170 200 163 157 179 217 203 189 193 183 196 196 181 198 211 223 226 127 0 50 167 212 214 217 200 166 209 214 211 183 190 207 218 207 160 207 211 177 180 225 218 173 166 190 48 0 134 208 215 196 176 151 160 167 207 222 197 204 214 204 197 211 214 207 211 214 211 210 214 206 177 22 23 161 208 211 214 204 170 211 211 214 193 170 200 214 218 164 207 211 200 180 229 213 170 161 217 127 31
10 136 205 184 204 215 201 195 208 211 187 154 186 180 170 201 186 154 173 207 203 210 217 186 187 21 0 3 169 222 199 194 153 212 207 211 168 158 204 208 207 200 145 193 203 189 203 210 199 219 174 161 69 58 217 185 213 203 210 214 203 177 190 170 152 180 219 197 184 191 162 155 144 176 202 210 199 213 167 4 25 182 226 212 208 198 158 217 207 210 183 193 211 203 198 164 202 213 180 174 211 215 183 158 192 17 0 41 230 221 192 163 165 155 170 200 208 210 213 199 197 204 211 211 204 214 214 200 211 204 206 156 25 0 141 218 206 213 206 176 197 208 208 187 176 207 200 207 163 196 207 193 179 210 214 186 161 221 97 38
0 144 204 161 186 211 214 200 200 210 189 161 194 179 163 190 195 159 172 202 195 199 199 172 196 8 0 10 162 202 204 183 175 206 198 209 169 166 198 197 192 203 156 182 185 184 201 204 202 203 164 148 81 57 229 189 197 211 206 195 207 176 182 191 154 180 214 190 180 194 167 158 164 194 198 203 210 218 157 6 19 159 200 204 200 190 167 207 206 203 176 186 203 203 199 170 198 209 173 166 207 214 183 154 166 14 0 61 207 201 205 183 163 151 176 214 214 197 197 197 193 196 199 203 203 199 202 209 193 206 194 159 26 0 116 205 211 207 190 164 193 210 210 186 176 207 197 200 157 186 197 186 173 222 211 184 163 192 45 15
8 151 189 160 185 184 187 199 192 199 180 151 189 180 166 199 196 160 169 199 199 203 206 186 160 6 0 14 167 194 204 175 171 190 201 207 162 164 197 210 189 179 147 186 198 184 187 191 198 206 207 174 82 32 223 206 211 192 195 199 202 185 196 170 144 169 199 179 176 196 179 166 172 196 191 189 204 204 136 0 16 157 196 203 191 183 183 199 200 200 178 191 205 200 189 153 180 201 180 176 200 200 183 170 175 13 0 84 189 206 204 189 177 167 184 202 192 182 190 190 186 189 193 203 203 179 176 203 190 204 173 169 42 0 113 200 189 199 199 175 193 197 200 183 174 200 194 197 161 187 200 190 166 208 197 187 160 193 33 20
33 180 197 168 190 176 186 200 186 196 186 160 196 176 157 183 200 167 170 197 200 200 200 186 157 39 0 3 162 190 187 183 174 180 186 191 160 178 187 183 214 197 167 180 186 179 189 195 197 189 193 186 61 21 205 197 189 199 196 190 207 179 179 177 151 176 204 183 176 197 194 180 185 199 204 196 201 199 133 0 1 154 200 197 189 177 190 207 197 194 170 182 192 194 197 163 186 206 189 182 192 191 174 161 160 6 0 92 179 217 183 202 178 185 203 203 196 206 205 176 173 190 193 200 197 163 151 173 189 190 154 180 59 0 127 208 203 199 186 163 189 196 196 179 177 198 194 191 161 181 194 181 175 193 189 189 143 187 33 18
18 169 204 157 165 177 198 187 191 190 183 160 186 173 164 194 191 171 171 187 191 191 191 184 192 74 0 11 176 200 174 162 152 180 194 190 161 177 191 190 177 181 184 177 174 173 189 189 194 194 189 186 21 4 167 196 205 183 183 190 194 187 200 167 146 168 194 181 168 188 198 191 186 183 192 190 191 199 136 0 0 146 205 188 183 164 177 189 191 191 176 190 193 191 191 155 179 191 177 180 204 206 189 169 182 39 0 109 181 189 176 197 200 190 190 188 182 195 191 164 164 194 194 184 181 161 146 158 191 192 169 167 32 0 106 195 183 194 197 180 193 186 190 186 173 190 190 190 167 183 200 183 169 191 193 199 156 189 37 18
6 111 188 190 189 187 200 199 199 190 193 179 189 176 173 189 194 187 187 194 198 201 198 194 139 30 0 10 153 195 185 164 169 202 192 188 174 180 187 189 214 162 166 189 206 183 183 197 186 200 193 168 4 0 119 176 176 189 193 190 204 183 183 170 169 182 203 196 179 189 203 200 193 170 176 182 190 205 151 21 0 141 197 193 202 184 190 203 191 189 176 189 186 187 197 167 174 202 200 193 186 176 177 177 178 80 0 109 184 176 205 182 174 152 164 194 196 189 193 193 173 200 198 181 177 174 167 171 186 196 176 125 2 0 88 203 197 193 190 173 189 186 186 183 179 189 189 189 176 186 196 176 177 214 195 180 162 164 35 27
0 24 67 82 63 37 31 37 53 45 62 62 58 42 32 28 37 41 41 35 35 35 33 29 58 0 0 0 68 105 138 138 140 148 103 130 167 183 184 176 115 45 26 27 39 28 29 41 37 38 35 34 0 0 58 75 121 200 123 49 66 37 45 138 45 43 47 45 32 32 35 29 35 28 26 28 37 38 27 0 0 28 43 37 35 25 26 24 55 47 33 35 35 45 70 64 33 61 80 89 91 102 135 157 137 63 0 28 66 102 182 184 170 151 161 168 113 54 30 24 28 35 33 28 26 28 30 28 30 39 41 21 0 0 55 132 107 70 47 49 96 126 132 118 129 129 129 126 115 115 118 94 35 69 98 121 122 92 10 0
0 0 0 0 0 0 0 0 0 0 0 0 0 0 0 0 0 0 0 0 0 0 0 0 0 0 0 0 0 0 0 0 0 0 0 0 0 0 0 20 19 3 1 0 0 0 0 0 0 0 0 0 0 0 0 0 0 0 0 0 0 0 0 0 0 0 0 0 0 0 0 0 0 0 0 0 0 0 0 0 0 0 0 0 0 0 0 0 0 0 0 0 0 0 0 0 0 0 0 0 0 0 0 0 0 0 0 0 0 0 0 0 0 0 10 14 0 0 0 0 0 0 0 0 0 0 0 0 0 0 0 0 0 0 0 0 0 0 0 0 0 0 0 0 0 0 0 0 0 0 0 0 0 0 0 0 0 0 0 0

