0 0 0 0 0 0 0 0 0 0 0 0 0 0 0 0 0 0 0 0 0 0 0 0 0 0 0 0 0 0 0 1 0 4 0 0 0 0 0 0 0 0 0 0 0 0 0 0 0 0 0 0 0 0 0 0 0 0 0 0 0 0 0 0 0 0 0 0 0 0 0 0 0 0 0 0 0 0 0 0 0 0 0 0 0 0 0 0 0 0 0 0 0 0 0 0 0 0 0 0 0 0 0 0 0 0 0 0 0 0 0 0 0 0 0 0 0 0 0 0 0 0 0 0 0 0 0 0 0 0 0 0 0 0 0 0 0 0 0 0 0 0 0 0 0 0 0 0 0 0 0 0 0 0 0 0 0 0 0 0
0 0 7 75 66 0 1 49 49 41 53 57 39 16 3 1 10 16 24 16 16 16 1 0 29 0 0 0 59 73 112 147 128 139 78 114 152 187 201 193 104 14 0 0 5 0 0 5 4 0 10 28 4 0 63 49 68 187 141 25 6 10 19 77 51 28 31 26 9 9 18 23 0 0 1 3 2 4 14 0 0 8 8 0 1 2 4 0 29 14 2 0 1 11 40 46 0 25 46 61 68 72 110 163 144 83 0 13 63 72 151 179 155 154 164 163 127 71 32 19 35 35 34 30 26 26 26 28 30 32 35 10 0 0 14 70 75 57 23 24 59 77 75 70 105 116 119 127 124 119 108 80 30 46 68 83 92 78 25 0
0 122 199 169 181 203 207 185 189 184 187 184 191 183 173 197 184 186 189 193 200 200 190 183 172 57 0 2 175 194 187 162 157 195 178 191 169 177 182 188 200 170 177 194 204 177 187 201 190 200 199 166 35 0 101 182 184 179 204 202 189 187 180 170 161 158 194 203 173 183 197 196 211 184 166 183 187 210 183 11 0 143 214 204 206 183 186 194 196 193 193 190 197 183 191 171 180 199 185 185 193 186 184 187 198 110 0 73 208 171 202 187 174 161 161 177 183 179 183 197 186 199 192 182 179 172 166 179 189 192 195 103 16 0 41 174 190 207 186 183 200 197 193 197 176 179 176 173 173 179 189 170 175 183 194 203 181 166 87 0
11 124 191 163 181 179 187 200 183 188 177 158 177 181 160 190 187 174 158 177 186 179 193 186 164 92 3 4 194 179 182 185 155 180 187 190 161 174 181 180 170 193 176 166 175 165 195 185 182 191 190 187 52 0 125 216 186 170 174 187 184 177 174 176 153 158 191 194 165 184 191 187 184 183 177 186 176 204 206 4 0 163 209 176 184 174 179 190 184 181 178 173 191 181 187 167 174 194 180 177 194 191 186 176 182 75 0 60 199 193 180 182 188 182 182 192 190 186 183 180 163 186 189 182 182 166 151 166 171 168 174 149 75 0 69 171 177 194 187 174 183 180 174 180 172 188 191 185 168 172 191 188 167 183 180 186 161 162 100 0
41 143 204 167 181 170 179 190 182 197 183 157 186 190 155 183 186 170 157 190 197 183 193 174 174 68 0 0 197 194 194 166 171 173 183 180 157 181 190 183 190 186 155 170 200 164 184 184 198 169 190 229 81 21 175 183 186 214 193 180 207 203 176 169 155 163 183 183 157 186 189 183 158 192 200 199 176 182 207 8 0 153 187 181 194 189 185 176 193 197 190 183 200 186 184 161 163 196 190 180 182 180 177 170 144 45 0 64 183 200 180 196 190 190 193 189 186 189 186 163 164 193 197 190 190 170 151 164 205 189 152 159 86 1 112 211 193 196 176 160 182 199 189 182 157 182 196 192 172 169 186 179 170 194 191 190 166 160 101 0
13 112 199 168 186 184 196 196 195 202 186 150 179 192 156 196 189 162 163 199 206 196 203 186 170 29 0 1 186 194 211 170 158 188 218 207 165 161 190 197 207 196 160 176 196 157 190 218 196 195 204 214 90 33 191 211 190 180 194 208 185 179 196 179 153 172 196 207 173 199 175 156 164 189 186 198 210 206 205 0 0 155 207 201 184 170 184 206 199 196 182 169 193 189 195 176 180 197 180 179 195 200 186 163 155 52 0 67 189 186 196 196 162 169 192 202 202 209 199 167 176 192 196 192 196 182 176 186 175 203 174 179 53 0 82 177 187 201 197 174 180 194 187 184 172 185 189 185 175 179 195 189 174 193 188 187 171 167 102 0
0 102 206 164 196 194 200 199 189 196 189 164 193 200 160 195 197 161 164 194 197 192 199 182 167 24 0 5 182 203 200 173 176 195 201 198 169 159 191 199 196 186 159 171 205 185 195 188 189 206 180 170 98 45 166 199 194 207 194 187 193 196 194 171 148 169 186 199 166 195 173 160 176 185 193 190 189 190 197 4 0 159 200 204 196 186 169 186 192 199 189 182 206 195 186 160 181 202 186 183 193 193 181 164 177 71 0 59 212 206 215 189 157 154 169 186 189 197 200 186 182 189 192 196 199 199 199 203 203 206 167 166 35 0 92 181 203 200 186 160 176 210 203 193 176 197 200 200 186 183 190 176 170 179 192 189 164 179 109 0
0 118 228 158 198 206 203 201 204 200 193 161 187 197 161 205 194 155 171 201 201 205 204 190 169 47 0 0 181 223 197 194 162 191 197 205 181 155 191 194 208 187 167 184 208 181 198 203 204 194 179 165 82 45 176 190 187 208 203 207 199 177 176 181 152 179 196 211 166 189 164 155 152 164 200 208 201 205 212 5 4 174 201 196 205 202 167 194 200 203 190 180 207 200 192 167 200 207 183 182 210 211 190 167 179 75 0 34 194 222 197 171 160 148 170 204 204 201 208 201 193 193 200 204 204 204 207 200 199 200 195 195 45 5 111 208 197 204 204 170 177 204 201 194 166 192 203 199 179 179 203 199 186 183 207 192 159 205 155 4
0 112 229 167 213 204 207 201 200 214 193 164 197 204 170 204 183 170 186 207 207 207 207 193 161 91 0 0 197 203 211 200 164 200 218 211 167 173 197 218 211 207 151 190 218 180 201 208 208 206 184 170 86 49 173 183 200 218 197 204 211 183 180 180 154 179 200 210 160 207 179 173 190 184 180 207 211 204 214 2 14 161 224 214 202 187 177 197 211 204 186 183 211 207 200 164 193 211 176 190 207 214 190 164 197 80 0 70 226 217 212 160 151 164 160 214 218 207 193 193 200 186 211 204 222 204 214 200 207 209 211 208 24 5 128 207 207 207 204 180 180 218 211 204 170 204 204 207 173 193 211 193 183 196 222 169 165 198 166 4
0 118 232 167 213 204 207 197 207 222 204 164 197 204 160 204 214 197 207 222 211 207 207 193 158 52 0 0 186 218 207 203 173 200 211 211 183 197 207 211 214 207 154 190 222 185 202 209 212 210 186 173 91 51 180 186 200 222 214 222 207 176 176 170 154 183 210 218 157 203 196 210 204 208 204 211 215 222 199 0 33 171 213 207 213 201 184 204 218 211 190 183 214 211 204 167 200 214 183 190 211 218 183 170 204 73 0 80 229 221 223 166 151 186 193 214 211 211 204 214 207 197 214 207 207 211 218 214 207 212 210 191 17 1 132 222 207 204 207 183 183 222 214 204 173 207 207 211 176 193 218 197 174 200 211 161 158 180 137 0
0 124 236 168 213 207 210 197 211 222 218 170 197 207 157 214 225 214 218 225 214 214 218 211 187 77 0 1 204 228 211 203 176 200 214 218 197 222 218 211 218 214 160 190 222 192 206 217 216 213 189 175 96 53 187 186 197 218 218 222 193 167 183 180 151 179 214 225 160 207 210 236 211 223 222 207 211 226 166 0 46 179 217 207 216 205 180 204 225 218 193 183 218 218 207 173 207 222 190 190 218 222 170 170 222 71 0 94 241 217 212 166 148 200 222 218 214 222 204 211 204 204 218 214 186 214 218 214 210 207 189 157 5 0 132 218 204 200 214 186 190 222 218 204 173 211 214 218 183 193 222 204 176 214 209 169 164 184 144 0
0 127 239 168 218 220 214 193 207 218 229 176 204 218 157 225 222 214 222 225 218 218 225 222 162 103 0 0 214 221 229 210 170 204 229 225 197 218 222 222 221 214 163 186 225 204 214 220 219 221 196 178 103 51 187 183 211 225 229 222 176 167 204 204 145 176 217 229 163 218 214 218 215 223 222 207 220 230 130 0 31 173 228 210 213 204 177 204 225 225 197 183 222 222 211 173 214 229 197 193 222 222 157 167 226 69 0 99 248 221 198 176 173 211 225 214 218 211 160 151 183 190 211 214 173 222 225 225 228 209 172 136 3 0 138 222 207 197 222 186 190 225 222 207 176 214 222 222 190 190 229 211 176 222 227 193 168 201 191 16
0 127 243 168 222 227 221 190 207 222 237 183 214 222 157 229 222 222 226 222 218 218 218 215 171 93 0 1 218 224 229 217 173 204 237 225 193 214 218 229 229 218 166 186 222 211 222 225 227 224 203 182 107 49 187 173 218 229 229 214 167 160 204 200 145 186 232 232 160 221 218 210 226 219 210 216 231 237 105 0 14 164 228 203 209 215 187 209 225 229 200 183 229 229 211 176 215 237 204 197 225 222 160 160 201 53 0 92 255 236 202 210 214 225 229 222 233 207 167 160 200 197 222 211 160 214 218 218 229 209 174 130 1 0 127 225 207 190 229 186 193 229 229 214 176 218 225 225 200 186 233 214 179 211 230 214 168 208 194 10
0 130 249 168 226 238 224 186 210 232 236 189 225 218 157 225 229 229 233 229 226 229 226 218 164 23 0 5 200 237 227 230 180 197 226 222 194 218 211 222 231 220 168 181 223 218 226 226 231 232 206 185 113 48 187 170 211 225 225 218 186 183 218 200 148 193 244 240 157 218 225 225 230 208 189 221 234 233 88 0 18 167 228 193 209 230 190 208 226 229 197 180 226 229 215 177 211 241 200 204 229 225 176 164 190 43 0 82 237 240 216 232 229 229 226 226 229 197 211 233 240 210 232 203 154 203 221 218 229 219 204 153 3 0 112 237 207 183 229 187 194 229 233 218 173 215 226 229 207 187 237 211 190 205 238 224 181 219 154 0
0 133 253 171 226 242 226 176 218 240 225 189 229 218 163 229 229 233 233 229 233 241 237 229 193 17 0 24 214 249 223 230 187 194 226 229 204 222 211 229 238 227 175 185 227 229 233 233 234 236 213 192 121 48 194 170 218 240 237 240 229 233 248 214 151 179 232 244 163 221 232 244 234 208 176 224 234 233 80 0 22 173 228 189 209 226 183 212 233 237 200 177 229 237 222 187 207 248 197 207 229 229 207 173 208 39 0 75 200 232 231 236 233 233 229 229 204 157 215 241 240 189 225 186 160 203 240 232 244 240 241 189 12 0 100 241 204 180 237 190 197 229 237 218 180 218 233 237 222 194 245 215 194 212 241 219 196 238 133 0
0 136 255 171 229 242 226 170 214 244 214 186 232 218 176 236 237 237 233 226 233 237 233 226 167 25 0 29 229 241 238 233 183 194 233 241 207 222 215 245 246 230 178 188 231 238 237 237 238 238 213 192 124 50 196 173 222 244 237 240 240 244 244 204 151 163 207 244 176 229 232 244 249 222 182 231 242 241 85 0 15 160 224 193 209 222 183 227 241 245 200 173 226 241 229 197 207 248 194 207 229 237 233 183 222 34 0 73 174 228 250 240 229 241 241 252 211 151 222 233 248 186 229 183 163 193 229 218 240 229 234 192 12 0 78 211 204 177 241 190 204 233 237 218 183 222 237 245 229 197 252 215 183 220 241 208 203 255 139 0
0 130 255 163 241 240 230 173 214 255 186 207 251 236 160 244 238 255 221 196 221 248 246 231 171 29 0 5 229 252 234 248 178 216 242 250 238 216 220 246 242 242 165 181 231 250 250 250 240 252 192 222 119 57 196 158 223 246 231 242 242 205 246 220 154 179 200 244 183 227 242 240 244 242 211 249 240 253 90 0 14 156 243 191 208 235 180 223 248 250 214 179 244 244 246 225 218 248 203 189 232 244 200 240 217 44 0 63 187 241 224 244 246 246 235 220 229 145 186 255 255 203 218 232 170 163 166 196 254 242 225 169 2 0 100 210 221 166 255 195 195 254 254 233 179 229 242 240 233 191 255 229 183 233 254 189 166 203 145 0
0 136 255 166 245 244 234 173 221 255 189 203 251 244 163 244 250 238 176 170 225 255 250 235 167 41 0 4 218 255 253 241 191 227 250 254 242 220 223 254 250 235 168 195 246 254 235 250 240 248 182 211 119 57 199 165 220 254 250 254 255 231 254 216 157 176 189 229 175 235 254 248 255 253 233 255 248 255 92 0 13 156 247 191 205 235 180 223 248 250 210 179 248 251 254 229 221 255 207 203 255 255 193 229 255 83 0 61 183 216 255 236 246 250 220 216 232 166 189 244 251 200 236 255 186 160 145 154 239 254 251 220 19 0 129 240 214 166 255 198 202 255 250 229 183 232 246 240 233 195 255 240 190 232 255 199 163 157 82 0
0 139 255 166 249 252 238 176 225 255 193 196 251 255 170 248 255 235 148 151 228 255 255 242 187 51 0 5 221 255 255 233 195 227 254 255 250 223 220 254 255 231 175 209 255 255 220 254 247 248 169 204 119 59 206 171 227 255 255 231 238 246 255 223 163 193 225 251 188 242 252 240 255 253 252 255 255 255 95 0 14 162 255 192 201 235 180 219 255 255 214 179 251 251 250 222 214 255 207 196 255 248 173 173 183 60 0 94 237 202 255 252 250 254 212 231 248 179 179 236 255 189 232 255 179 157 160 176 213 254 255 255 27 0 132 229 207 166 251 198 205 255 242 229 176 236 250 248 240 191 255 232 197 228 255 229 194 155 81 0
0 145 255 166 253 255 242 176 229 255 193 186 248 255 173 251 255 246 157 151 225 255 255 240 201 41 0 7 238 255 255 252 188 227 255 255 255 227 216 254 255 235 185 216 255 255 212 254 255 252 162 204 124 61 206 168 231 255 255 205 223 255 255 231 151 200 255 255 205 252 255 255 252 242 252 253 255 255 95 0 8 148 249 182 191 243 187 219 255 255 214 183 255 255 250 214 223 255 212 198 246 255 198 156 136 36 0 99 255 252 248 255 255 255 216 250 255 173 166 244 255 185 240 255 179 154 166 179 217 255 255 255 19 0 138 229 203 166 248 202 205 255 242 237 166 236 255 255 244 188 251 214 197 234 255 255 241 202 151 33
0 148 255 166 255 255 242 176 232 255 196 179 248 255 173 255 255 255 175 145 210 255 255 240 222 45 0 13 242 255 255 255 202 235 255 255 255 231 212 255 255 246 195 220 255 255 212 254 255 252 156 200 130 59 196 158 227 255 255 209 231 255 255 235 151 207 255 255 216 255 255 255 255 238 251 249 255 255 92 0 14 161 255 185 194 255 197 219 255 250 207 183 255 255 255 222 231 255 202 209 254 255 254 202 151 45 0 36 251 255 255 255 255 255 212 223 248 170 166 244 255 178 238 255 176 148 157 170 244 255 255 244 6 0 132 228 203 166 244 202 202 255 250 244 163 244 255 255 248 188 255 218 199 246 255 255 255 250 222 33
0 151 255 166 255 255 246 180 232 255 196 176 251 255 173 255 255 255 198 142 189 255 255 244 255 64 0 16 235 255 255 255 225 252 255 255 255 233 214 255 255 254 195 223 255 254 212 255 255 252 147 197 133 57 189 149 225 255 255 211 237 255 255 237 157 218 255 255 244 255 255 255 255 255 255 255 255 255 92 0 8 158 255 192 194 255 204 219 255 255 210 186 255 255 255 222 235 246 185 216 255 255 255 254 255 129 0 49 255 255 255 255 255 255 212 181 229 170 183 240 255 175 235 255 189 160 160 160 233 255 255 248 13 0 136 243 207 163 240 209 195 255 255 252 166 251 255 255 252 195 255 244 200 253 255 255 255 255 221 6
0 157 255 170 255 255 249 180 236 255 203 179 255 255 173 255 255 255 246 163 179 255 255 255 255 54 0 11 235 255 255 255 225 252 255 255 255 240 214 255 255 255 185 235 255 238 209 255 255 255 147 204 139 61 199 162 222 255 255 222 252 255 255 240 154 221 255 255 255 255 254 255 255 255 255 255 255 255 97 0 0 123 255 179 181 255 207 232 255 255 221 189 255 255 255 225 238 255 202 223 255 255 255 255 255 162 0 99 255 227 255 255 255 255 231 178 248 157 179 244 255 178 250 255 250 218 186 166 170 214 255 214 10 0 128 247 207 160 244 220 195 255 255 255 166 255 255 255 252 198 255 255 200 246 255 255 255 255 180 0
0 161 255 173 255 255 253 183 240 255 203 183 255 255 173 255 255 255 255 195 181 255 255 255 255 37 0 7 244 255 255 255 207 240 255 255 255 248 214 255 255 255 178 242 255 223 205 255 255 255 150 211 151 68 213 178 211 255 255 255 255 255 255 237 170 240 255 255 248 255 224 255 255 255 255 255 255 253 100 0 0 128 255 192 181 255 204 232 255 255 221 189 255 255 255 237 218 255 222 207 255 255 255 255 255 170 0 115 255 250 255 255 255 255 254 212 255 136 163 255 255 178 238 255 255 255 255 248 207 244 255 211 10 0 133 255 210 157 244 227 195 255 255 255 160 255 255 255 252 195 255 248 203 238 255 255 255 255 141 0
0 165 255 174 255 255 255 179 238 255 209 168 255 255 161 255 255 255 255 255 201 246 255 255 255 84 0 11 249 255 255 255 228 212 255 255 255 246 219 255 255 255 184 231 255 249 219 255 255 245 152 222 141 59 229 166 224 255 255 255 255 230 255 243 181 230 255 255 223 255 149 178 198 255 255 255 255 255 146 0 0 147 255 192 166 247 211 228 255 255 224 189 255 255 255 224 234 255 201 216 255 255 255 255 255 164 0 111 255 255 255 255 255 255 255 255 239 160 166 255 255 171 255 255 255 255 219 255 255 255 255 227 13 0 127 255 212 158 217 246 201 255 255 255 168 255 255 255 253 184 255 254 195 255 255 255 255 255 156 0
0 168 255 171 255 255 255 186 250 255 205 171 255 255 165 255 255 255 255 255 230 253 255 255 255 96 0 31 245 255 255 255 224 205 255 255 255 250 223 255 255 255 194 254 255 226 208 255 255 255 140 215 120 33 214 166 221 255 255 255 230 187 255 255 184 227 255 255 208 253 168 155 146 190 255 255 249 255 152 0 4 165 255 172 166 247 208 236 255 255 221 189 255 255 255 210 212 255 230 230 255 255 255 255 255 170 0 112 255 255 255 255 255 255 255 255 251 142 173 255 255 181 250 255 238 212 255 255 255 255 255 188 1 0 133 255 212 158 239 234 191 255 255 255 168 255 255 255 255 174 255 255 212 255 255 255 255 255 146 0
0 171 255 171 255 255 255 193 255 255 201 184 255 255 165 255 255 255 255 255 223 223 255 255 255 69 0 22 230 255 255 255 224 201 255 255 255 255 230 255 255 241 184 255 255 241 219 255 255 255 140 226 116 26 218 161 224 255 255 255 187 168 255 255 201 242 255 255 219 255 246 191 152 174 255 255 177 161 128 0 23 192 255 162 173 255 215 244 255 255 224 182 255 255 255 217 174 255 238 223 255 255 255 255 255 142 0 91 255 255 255 255 255 255 253 247 255 136 176 255 255 188 249 255 184 161 255 255 255 255 255 171 0 0 133 255 215 161 255 234 195 255 255 255 168 255 255 255 255 174 217 255 238 255 255 255 255 255 146 0
0 165 255 171 255 255 255 196 255 255 201 198 255 255 168 255 255 255 255 255 227 223 255 255 255 99 0 28 254 255 255 255 224 198 255 255 255 255 234 255 255 245 184 255 255 245 230 255 255 255 149 234 94 35 252 168 232 255 255 255 174 177 255 255 208 246 255 255 223 255 255 253 140 174 255 255 204 158 128 0 37 198 255 166 173 255 233 251 255 255 232 182 255 255 255 239 158 255 255 253 255 255 255 255 255 122 0 78 255 255 255 255 255 255 242 199 255 142 173 255 255 186 255 232 144 147 206 255 255 255 255 165 0 0 131 255 219 160 255 255 234 255 255 255 168 255 255 255 255 198 210 255 231 255 255 255 255 255 156 0
0 153 255 171 255 255 255 193 255 255 198 216 255 255 168 255 255 255 255 255 255 255 255 255 255 118 0 39 255 255 255 255 232 198 255 255 255 250 230 255 255 255 208 255 255 212 215 255 255 253 163 217 47 41 255 177 224 255 255 255 158 181 255 255 212 253 255 255 223 255 255 255 218 255 255 255 255 211 125 0 43 190 255 172 163 255 255 255 255 255 239 186 255 255 255 239 201 246 255 255 255 255 255 255 255 119 0 62 255 251 255 255 255 255 255 179 255 151 166 255 255 189 255 203 144 163 160 210 255 255 255 181 0 0 134 255 222 163 246 255 255 255 255 255 168 255 255 255 246 212 221 255 216 255 255 255 255 255 188 0
0 135 255 171 255 255 255 195 255 255 198 230 255 255 168 255 255 255 255 255 255 255 255 255 255 166 0 70 246 255 255 255 236 198 255 255 255 242 227 255 255 255 212 255 255 222 222 255 255 230 193 219 21 41 255 187 224 255 255 255 149 177 255 255 212 250 255 255 234 255 255 255 255 255 255 255 255 245 137 0 51 190 255 176 166 255 255 255 255 255 247 192 255 255 255 217 234 223 246 255 255 255 255 255 255 118 0 40 202 248 255 255 255 255 255 182 239 151 163 255 255 191 253 255 212 227 227 212 255 255 255 230 15 0 146 255 222 163 238 255 255 255 255 255 168 255 255 255 219 212 224 250 255 255 255 255 255 255 250 11
1 119 255 171 255 255 255 205 255 255 198 234 255 255 168 255 255 255 255 255 255 255 255 255 255 223 0 68 220 255 255 255 236 194 255 255 255 231 227 255 255 255 201 255 255 253 230 255 255 230 200 234 17 40 255 184 224 255 255 249 155 191 255 255 209 234 255 255 231 255 255 255 255 255 241 255 255 211 122 0 55 196 255 176 173 255 255 255 255 255 255 196 255 255 255 214 223 208 255 255 255 255 255 255 255 100 0 36 192 255 255 255 255 255 249 192 232 144 176 255 255 191 255 255 255 255 255 255 255 255 255 255 24 0 158 255 219 163 249 255 255 255 255 255 171 255 255 255 227 212 217 254 255 255 255 255 255 255 250 11
7 111 255 167 255 255 255 214 255 255 198 238 255 255 171 255 255 255 239 255 255 255 255 255 255 255 0 51 212 255 255 255 232 191 255 255 255 227 227 255 255 255 212 255 255 241 212 255 255 233 180 220 16 38 255 190 217 255 255 227 164 205 255 255 227 234 255 255 219 255 255 255 244 192 208 255 226 161 114 0 48 200 255 164 173 239 255 255 255 255 255 196 255 255 255 228 230 216 255 238 223 255 255 255 255 66 0 44 188 240 255 255 255 255 201 189 228 142 189 255 255 188 255 255 255 255 255 255 255 255 255 242 11 0 161 255 210 163 255 250 242 255 255 255 174 255 242 255 249 219 214 255 255 222 255 255 255 255 185 0
0 80 255 174 255 255 255 219 255 255 209 223 255 255 174 255 255 255 238 255 255 255 255 255 255 255 0 28 227 255 255 255 234 198 255 255 255 223 227 255 255 255 209 255 255 246 219 255 255 210 177 230 13 40 255 180 216 255 255 203 163 208 255 255 217 219 255 255 209 255 255 231 154 177 255 255 208 170 111 0 51 191 255 176 160 241 251 255 255 255 255 198 249 255 255 230 223 205 255 227 134 255 255 191 255 90 0 41 161 255 255 255 255 255 168 196 255 140 177 255 255 205 255 255 255 255 255 255 255 255 255 171 6 0 147 255 215 160 247 255 219 255 255 255 176 243 238 255 238 223 224 255 255 153 221 255 190 255 165 0
0 77 255 161 255 255 255 226 255 255 205 227 255 255 195 255 255 255 255 255 255 255 255 255 255 255 11 61 219 255 255 255 246 205 255 255 255 223 227 255 255 255 205 255 255 246 219 255 255 200 183 234 21 42 255 191 223 255 255 217 163 227 255 255 214 212 255 255 227 255 255 255 222 201 255 255 208 146 114 0 51 194 255 173 173 241 220 255 255 255 255 191 234 255 255 223 238 208 255 255 208 255 249 161 255 177 0 29 174 241 255 255 255 238 149 208 255 140 177 255 255 209 255 255 255 255 255 255 255 255 255 184 0 0 94 255 219 157 239 238 216 255 255 255 169 243 246 255 223 212 221 255 255 182 229 255 173 253 231 0
0 77 255 158 255 255 255 230 255 255 201 231 255 255 219 255 255 255 255 214 179 166 175 223 255 184 0 72 219 255 255 255 255 212 255 255 255 219 219 255 255 255 195 255 255 242 216 255 255 170 187 227 21 27 246 187 242 255 255 206 151 230 255 255 206 208 255 255 235 255 255 255 255 201 189 255 226 158 128 0 51 194 255 170 197 255 206 255 255 255 255 188 223 255 255 216 238 198 255 255 255 255 216 178 255 211 0 28 181 225 255 255 255 205 161 234 255 139 184 255 255 209 255 255 255 255 255 223 255 255 255 249 19 0 45 255 226 160 243 230 227 255 255 255 169 243 255 255 219 212 221 255 255 255 255 255 160 230 255 0
0 73 255 174 255 255 255 223 255 255 198 234 255 255 238 255 255 255 228 152 149 148 154 210 255 191 0 73 220 255 255 255 255 212 255 255 255 216 212 255 255 254 188 255 255 242 216 255 255 148 191 216 18 8 212 180 250 255 255 176 157 208 255 255 196 217 255 255 231 255 255 255 255 241 151 239 245 175 128 0 51 191 255 166 193 255 206 255 242 255 255 194 227 255 255 205 230 191 255 255 255 255 191 242 255 142 0 35 181 229 255 255 255 255 250 255 255 157 196 255 255 209 255 255 255 255 255 188 255 255 255 249 19 0 69 255 222 160 247 227 230 255 255 255 179 243 255 255 223 223 217 251 255 255 255 234 207 234 209 0
0 73 255 194 255 255 255 208 255 255 198 234 255 255 242 255 255 255 239 149 168 162 155 196 255 255 37 77 209 255 255 255 253 205 255 255 255 216 205 255 255 250 184 255 255 238 212 255 255 145 184 209 23 5 205 187 254 255 255 179 199 178 255 255 191 221 255 255 223 255 255 212 255 255 217 255 234 162 128 0 53 187 255 166 176 255 220 255 216 255 255 201 223 255 255 198 238 194 255 255 255 255 181 255 255 120 0 37 177 225 255 255 255 255 255 255 255 166 173 255 255 216 255 255 255 255 255 194 253 255 255 215 8 0 139 255 215 160 239 223 223 255 234 255 176 236 255 255 219 223 214 255 255 255 255 205 255 255 152 0
0 87 255 204 255 255 255 191 255 255 198 231 255 255 234 255 255 255 232 137 171 158 155 184 255 255 44 85 216 255 235 255 249 201 255 255 255 219 198 255 255 254 188 255 255 238 216 255 255 157 171 202 25 11 213 205 254 255 255 224 247 161 255 255 184 221 255 255 219 255 255 152 224 255 255 255 208 144 113 0 49 187 255 173 176 255 255 255 219 255 255 198 208 255 255 216 246 191 255 255 255 255 212 255 255 178 0 28 177 214 255 255 255 255 255 255 255 176 157 210 255 223 255 255 255 255 255 242 255 255 255 241 16 0 157 255 222 163 243 242 234 255 227 255 173 217 255 255 209 219 214 255 255 255 255 194 255 255 199 0
0 124 255 204 255 255 255 194 255 255 201 231 255 255 223 255 255 255 253 149 187 158 158 168 255 255 37 105 236 255 229 255 253 201 255 255 255 219 194 255 255 255 195 255 255 238 216 255 255 187 167 198 22 11 220 234 255 255 255 255 217 165 255 255 177 228 255 255 223 255 255 176 213 255 255 255 212 147 84 0 43 191 255 176 186 255 255 255 223 255 255 194 198 255 255 255 249 181 255 255 216 255 255 255 255 231 0 23 171 211 255 255 255 255 254 255 255 191 179 214 255 223 255 255 255 255 255 255 255 255 255 248 18 0 151 255 222 166 251 255 255 255 234 255 189 210 249 255 227 238 214 255 255 247 255 234 255 255 209 0
0 160 255 204 255 255 255 205 255 255 205 231 255 255 219 255 255 255 255 166 212 168 158 143 255 255 42 116 214 255 248 255 255 205 255 255 255 223 194 255 255 255 198 255 255 238 216 255 255 222 184 209 17 6 227 255 255 255 255 255 154 174 255 255 171 236 255 255 223 255 255 243 217 255 255 255 242 169 73 0 41 198 255 170 183 255 255 255 212 255 255 194 198 255 255 255 255 181 255 255 171 246 255 255 255 219 0 26 164 218 255 255 255 255 255 255 255 188 203 221 246 216 255 255 255 255 255 255 255 255 255 229 13 0 167 255 208 160 247 255 255 255 234 255 210 210 246 255 255 255 210 232 255 206 252 255 255 255 168 0
0 180 255 238 255 255 255 205 255 255 201 219 255 255 238 255 255 255 247 168 226 154 151 205 255 211 32 112 210 255 233 255 255 208 255 255 255 216 198 255 255 255 205 255 255 242 216 255 255 255 164 202 18 10 213 255 255 255 255 255 146 174 255 255 163 236 255 255 223 255 255 246 170 255 255 255 255 238 82 0 39 191 255 191 183 255 210 255 209 255 255 186 196 255 255 255 247 191 255 255 185 255 255 255 255 217 1 16 177 206 255 255 255 231 255 255 255 191 171 246 255 238 255 255 255 255 255 255 255 255 255 244 15 0 162 255 214 163 236 253 255 255 238 255 208 223 255 255 255 255 186 228 255 189 213 255 255 255 149 0
0 186 255 227 255 255 255 186 255 255 198 209 255 255 227 255 255 255 255 169 221 196 234 255 255 78 17 39 229 255 225 255 255 208 255 255 255 216 198 255 255 255 209 255 255 242 216 255 255 255 177 224 23 6 209 255 255 255 255 255 208 188 255 255 176 236 255 255 223 255 255 181 148 215 255 255 255 255 127 0 43 194 255 195 183 255 206 255 212 255 255 192 206 255 255 255 255 188 255 255 220 255 255 255 255 227 0 17 154 222 255 255 255 205 255 255 255 191 181 255 255 242 255 255 255 255 255 255 255 255 255 255 18 0 149 255 217 163 243 238 246 255 234 255 201 212 255 255 255 255 199 236 255 203 227 255 255 255 149 0
43 233 255 243 255 255 255 166 255 255 198 198 255 255 227 255 255 255 255 188 255 255 255 255 255 40 26 19 248 255 216 255 255 208 255 255 255 216 198 255 255 255 209 255 255 246 212 255 255 255 187 239 24 0 192 255 255 255 255 255 255 188 255 255 196 238 255 255 216 255 255 194 189 205 255 255 255 255 154 0 43 191 255 209 190 255 203 255 219 255 255 214 216 255 255 255 255 188 255 255 255 255 255 255 255 244 20 68 158 214 255 255 255 216 255 255 255 178 178 255 255 255 255 255 255 255 255 250 255 255 255 214 2 0 145 255 228 166 255 227 230 255 234 255 216 216 255 255 255 255 199 228 255 228 250 255 255 255 149 0
54 231 255 255 255 255 255 170 255 255 205 205 255 255 246 255 255 255 255 205 255 255 255 255 255 43 7 18 235 255 213 255 255 208 255 255 255 216 198 255 255 255 216 250 255 246 208 255 255 255 201 247 24 0 172 255 255 255 255 255 255 174 255 255 210 242 255 255 227 255 255 255 255 219 255 255 255 255 148 0 39 187 255 227 200 255 199 255 208 255 255 246 246 255 255 255 243 191 255 255 255 255 255 255 255 214 35 161 180 201 255 255 242 234 255 255 255 178 191 255 255 255 255 255 255 255 255 255 255 255 255 185 1 0 139 255 251 173 255 230 227 255 230 255 230 234 255 255 255 255 192 224 255 255 255 255 255 255 153 0
38 220 255 255 255 255 255 173 255 255 216 219 255 255 255 255 255 255 255 198 255 255 255 255 255 43 0 1 228 255 207 255 255 208 255 255 255 216 201 255 255 255 223 246 255 242 212 255 255 255 218 254 26 0 159 255 255 255 255 255 255 171 255 255 210 246 255 255 255 255 255 255 240 198 255 255 255 255 121 0 41 191 255 238 200 255 196 255 212 255 255 255 255 255 255 255 232 194 255 255 255 255 255 255 255 182 30 210 180 197 255 255 246 255 255 255 255 181 198 255 255 255 255 255 255 255 255 255 255 255 255 168 5 0 110 255 255 169 255 238 230 255 223 255 242 255 255 255 255 255 192 232 255 255 255 255 255 255 153 0
0 151 255 255 255 255 255 186 255 255 227 231 255 255 255 255 255 255 254 184 255 255 255 255 255 40 0 0 239 255 201 255 255 212 255 255 255 216 201 255 255 255 234 250 255 238 216 255 255 255 237 247 24 0 140 255 255 255 255 255 255 184 255 255 208 242 255 255 255 255 255 255 221 205 255 255 255 255 92 0 41 198 255 246 197 255 196 255 232 255 255 255 255 255 255 212 228 194 255 255 255 255 255 255 255 201 43 237 183 206 255 255 255 255 255 255 255 184 198 255 255 255 255 238 255 255 255 255 255 255 255 192 14 0 85 255 255 173 255 234 227 255 219 255 255 255 255 255 255 255 196 232 255 255 255 255 255 255 153 0
0 157 255 255 255 255 255 196 255 255 231 227 255 255 255 255 255 255 255 184 255 255 255 255 255 37 0 5 233 255 205 255 255 212 255 255 255 216 201 255 255 255 246 254 255 234 219 255 255 255 255 243 21 0 126 255 255 246 255 255 242 201 255 255 208 242 255 255 255 255 255 255 229 230 255 255 255 255 100 0 30 187 255 255 204 255 203 255 222 255 255 255 255 255 255 246 239 194 255 255 255 255 255 255 255 219 47 226 197 210 255 255 255 255 254 255 255 194 205 255 255 223 249 184 194 227 249 255 255 255 255 250 26 0 83 255 255 182 255 230 223 255 230 255 255 255 255 255 254 249 206 232 255 255 255 255 255 255 153 0
0 173 255 255 255 255 255 208 255 255 231 219 255 255 255 255 255 255 255 192 228 255 255 255 255 48 0 24 225 255 208 255 255 212 255 255 255 216 201 255 255 255 254 255 255 234 223 255 255 255 255 254 23 0 120 255 255 209 255 255 238 216 255 255 201 250 255 255 246 255 255 255 193 201 227 197 253 255 119 0 17 174 255 255 214 255 213 255 222 255 255 255 255 255 255 255 255 191 255 255 255 255 255 255 255 194 14 170 200 214 255 255 255 255 201 255 255 191 198 255 255 214 255 176 144 147 173 255 255 255 255 235 6 0 88 255 255 196 255 230 223 255 246 255 255 255 255 255 205 223 221 247 255 255 255 255 255 255 149 0
15 200 255 255 255 255 255 229 255 255 223 227 255 255 255 255 255 255 255 184 230 255 255 255 255 39 0 25 223 255 208 253 255 208 255 255 255 212 205 255 255 255 250 255 255 242 208 255 255 222 255 243 29 0 122 255 255 205 255 255 255 195 255 255 194 255 255 255 255 255 255 255 180 171 200 145 122 255 136 0 9 175 255 255 233 255 226 255 212 255 255 255 255 255 255 255 249 188 255 255 255 255 255 255 255 178 0 163 184 197 255 255 255 255 155 231 255 208 215 255 255 217 255 247 201 146 174 241 255 239 196 184 1 0 88 255 255 201 255 227 231 255 231 255 255 255 255 255 254 255 205 255 255 255 255 255 255 255 206 0
9 186 255 255 255 255 255 221 255 255 219 216 255 255 255 255 255 255 255 205 255 255 255 255 255 36 0 31 234 255 184 241 255 208 255 255 255 212 205 255 255 255 242 254 255 246 208 255 255 193 229 220 32 0 90 184 255 195 255 255 255 201 255 255 212 255 255 242 250 255 255 255 153 149 136 138 154 255 156 0 9 189 255 255 248 255 218 255 216 255 255 255 254 255 255 255 246 181 255 255 255 255 255 255 255 172 0 176 222 207 255 255 255 237 161 231 255 212 208 255 255 208 255 255 255 142 147 251 255 203 143 131 2 0 86 255 255 212 255 227 234 255 231 255 255 255 255 255 255 255 205 255 255 255 255 255 255 255 220 0
0 176 255 255 255 255 255 221 255 255 216 198 255 255 212 255 255 255 255 255 255 255 255 255 255 35 0 29 226 255 164 255 255 212 255 255 255 219 198 255 255 255 231 242 255 246 208 255 255 183 162 158 16 0 93 168 231 195 255 255 255 205 255 255 216 255 255 242 250 255 255 255 232 215 181 190 217 255 149 0 8 192 255 255 255 255 241 255 216 255 255 255 231 255 255 255 253 188 255 255 255 255 255 255 255 185 0 87 215 194 255 255 255 208 164 227 255 212 205 255 255 212 255 255 255 194 181 253 255 251 191 140 6 0 88 255 255 234 255 219 231 255 231 255 255 255 255 255 255 255 205 251 255 255 255 255 255 255 192 0
0 176 255 255 255 255 255 218 255 255 212 195 255 255 198 255 255 255 255 255 255 255 255 255 255 77 0 24 237 255 161 255 255 212 255 255 255 227 194 255 255 255 223 238 255 246 208 255 255 189 141 140 12 1 108 181 242 201 255 255 255 195 255 255 205 255 255 242 246 255 255 250 255 255 255 255 255 255 143 0 8 192 255 255 255 255 255 255 212 255 255 255 223 255 255 255 246 184 255 255 255 255 255 255 249 199 0 82 222 204 255 255 255 187 168 223 255 212 201 255 255 205 255 255 255 255 255 255 255 255 255 171 16 0 89 255 255 255 255 219 231 255 234 255 255 255 255 255 255 255 205 251 255 255 255 255 255 255 159 0
11 196 255 255 255 255 255 186 255 255 209 201 255 255 201 255 255 255 184 196 249 255 255 255 255 135 0 11 237 255 173 245 255 208 255 255 255 230 194 255 255 255 216 242 255 242 212 255 255 225 165 131 8 5 133 226 255 201 255 255 255 184 255 255 201 255 255 230 227 255 255 255 255 255 255 255 255 255 146 0 12 192 255 255 252 255 255 255 208 255 255 246 227 255 255 255 238 184 255 255 255 255 255 255 249 189 0 166 211 207 255 255 255 171 168 239 255 219 201 255 255 198 255 255 255 255 255 255 255 255 255 184 29 0 94 255 255 255 255 238 246 255 234 255 255 255 255 255 255 255 205 255 255 255 255 255 255 255 152 0
20 203 255 255 255 255 255 200 255 255 212 209 255 255 205 255 255 234 142 154 239 255 255 255 248 196 0 15 230 255 174 243 255 198 255 255 255 227 198 255 255 255 212 246 255 238 216 255 255 255 198 120 3 7 187 255 255 195 255 255 255 181 255 255 181 246 255 227 219 255 255 255 255 255 231 255 255 255 213 0 12 189 255 255 233 255 255 255 212 255 255 227 227 255 255 255 255 227 255 234 254 255 255 255 255 182 0 186 197 200 255 255 255 164 168 255 255 234 201 255 255 198 255 255 255 255 255 208 255 255 210 184 35 0 94 255 255 255 255 255 255 255 231 255 255 255 255 255 255 255 205 255 255 255 255 255 255 234 152 0
14 196 255 255 255 255 255 221 255 255 205 205 255 255 201 255 255 238 151 147 232 255 255 255 255 214 0 29 233 255 161 237 255 191 255 255 255 219 198 255 255 255 209 246 255 230 219 255 255 255 238 125 9 12 217 255 255 191 255 255 254 178 255 255 165 234 255 238 227 255 255 255 255 237 214 255 255 255 236 1 14 202 255 252 236 255 255 255 227 255 255 223 216 255 255 255 255 255 255 216 238 255 255 254 253 149 0 180 233 207 255 255 255 168 168 255 255 245 205 255 255 209 255 255 255 242 212 184 255 243 160 180 24 0 87 255 255 255 255 255 255 255 231 255 255 255 255 255 255 255 212 255 255 255 255 255 255 201 175 0
33 214 255 255 255 255 246 170 242 255 198 201 255 255 198 255 255 255 160 147 232 255 255 255 231 155 0 24 237 255 161 219 255 184 255 255 238 208 198 255 255 255 205 246 255 227 227 255 255 255 255 117 9 9 210 255 255 195 255 255 234 171 255 255 168 230 255 234 223 255 255 255 242 167 221 255 255 255 221 2 22 232 255 245 248 255 253 255 238 255 255 227 201 255 255 255 255 255 255 205 231 255 255 254 222 101 0 204 237 194 255 255 255 171 161 255 255 253 212 255 255 209 255 255 255 155 160 255 255 239 145 180 19 0 97 255 255 250 255 255 255 254 234 255 238 242 255 255 255 255 216 251 255 251 255 255 255 201 228 2
0 165 255 255 255 255 181 168 255 255 205 204 255 255 197 255 255 255 149 208 255 255 255 255 253 108 0 0 237 255 148 225 255 188 255 255 255 216 205 255 255 255 219 234 255 219 216 255 255 255 255 224 13 5 239 255 255 188 255 255 250 162 255 255 158 227 255 234 212 255 255 255 154 177 255 255 255 241 176 1 21 255 255 244 230 255 252 255 255 255 255 191 230 255 255 255 255 255 255 212 227 255 255 254 254 184 0 189 236 184 255 255 234 168 191 255 255 255 215 255 255 208 255 255 255 227 198 255 255 228 151 187 24 0 95 255 255 216 255 255 255 255 234 255 239 208 255 255 255 255 250 255 255 244 255 255 255 190 184 20
5 198 255 255 255 255 177 168 249 255 205 194 255 255 201 255 255 255 178 191 255 255 255 255 220 255 30 3 227 255 172 219 255 184 255 255 255 223 205 255 255 255 216 242 255 227 216 255 255 255 255 239 27 0 198 255 255 188 255 255 255 165 255 255 181 230 255 234 219 255 255 234 148 194 255 255 255 215 127 0 21 255 255 248 234 255 248 255 255 255 255 191 227 255 255 255 255 255 255 219 230 255 255 238 255 191 0 126 248 205 255 255 238 155 181 255 255 253 194 255 255 208 255 255 255 255 246 184 255 255 160 164 24 0 85 255 255 212 255 255 255 255 234 255 243 219 255 255 255 255 255 255 255 230 255 255 255 190 137 0
42 227 255 255 255 255 161 162 245 255 205 184 255 255 204 255 255 255 219 191 255 255 255 255 235 255 15 11 230 255 157 224 255 188 255 255 255 223 205 255 255 255 212 249 255 238 216 255 255 255 255 243 27 0 114 255 255 191 255 255 255 174 255 255 253 249 255 208 201 255 255 255 211 255 255 255 255 197 97 0 23 255 255 248 230 255 237 243 255 255 255 201 242 255 255 255 255 255 255 223 227 255 255 234 239 195 0 90 252 205 255 255 238 158 174 255 255 249 181 255 255 216 255 255 255 255 255 140 209 255 179 164 43 0 101 255 255 198 255 255 250 255 254 255 232 230 255 255 255 255 255 255 255 208 255 255 255 208 149 0
17 171 255 255 255 255 152 174 249 255 201 184 255 255 204 255 255 255 242 223 255 255 255 255 251 88 0 2 230 255 148 230 255 198 255 255 255 219 198 255 255 255 209 249 255 242 219 255 255 255 255 255 30 0 90 255 255 194 255 255 255 184 255 255 255 232 255 205 205 255 255 255 255 255 255 255 255 204 105 0 22 255 255 237 223 255 233 239 255 255 255 188 249 255 255 255 255 255 255 216 216 255 255 242 223 202 0 92 248 198 255 255 227 197 171 255 255 245 181 255 255 212 255 255 249 255 255 212 209 255 176 173 59 0 125 255 255 201 255 255 231 255 255 255 203 216 255 255 255 255 255 255 253 201 255 255 255 212 157 0
0 131 255 255 255 255 152 168 255 255 201 187 255 255 201 255 255 255 230 255 255 255 255 255 255 67 0 0 225 255 166 216 255 201 255 255 255 216 198 255 255 255 205 246 255 246 216 255 255 255 255 255 31 0 95 255 255 194 255 255 255 198 255 255 255 210 255 219 212 255 255 255 255 255 255 255 255 208 113 0 20 255 255 233 216 255 233 243 255 255 255 188 255 255 234 216 255 255 255 212 205 255 255 238 212 144 0 84 250 201 255 255 227 249 168 255 255 222 184 255 255 205 255 255 194 188 255 255 255 255 160 180 59 0 140 255 255 198 255 255 223 255 255 255 199 219 255 255 255 255 255 255 255 205 255 255 255 191 154 0
0 122 255 255 255 255 238 198 255 255 201 191 255 255 197 255 255 250 201 255 255 255 255 255 255 32 0 2 226 255 163 205 255 198 255 255 255 223 198 255 255 255 209 246 255 242 216 255 255 255 255 247 25 0 85 255 255 201 255 255 255 238 255 255 247 192 255 224 205 255 255 242 255 255 255 255 255 190 108 0 20 255 255 237 216 255 230 235 255 255 255 208 255 255 234 219 255 255 255 216 201 255 255 223 194 102 0 79 255 212 255 255 255 255 168 254 255 212 194 255 255 212 255 255 191 171 255 255 255 245 151 173 57 0 149 255 255 198 255 255 219 255 255 255 192 216 255 255 255 255 255 255 255 204 255 255 254 184 171 0
22 143 255 255 255 255 255 191 253 255 205 184 255 255 204 255 255 234 171 255 255 255 255 255 255 32 0 0 225 255 147 204 255 198 255 255 255 227 198 255 255 255 219 246 255 242 216 255 255 255 255 239 31 0 80 255 255 198 255 255 255 255 255 255 210 173 255 221 203 255 219 158 255 255 255 255 255 184 105 0 3 255 255 231 216 255 230 230 255 255 255 198 255 255 230 216 255 255 255 219 201 255 255 216 211 142 0 65 255 240 255 255 255 222 168 246 255 208 205 255 255 212 255 255 246 208 255 255 255 253 164 164 62 0 137 255 255 205 255 255 231 255 255 255 169 201 255 255 255 255 255 255 255 208 255 255 255 194 201 0
27 122 249 255 255 242 255 174 241 255 205 181 255 255 208 255 255 227 155 223 255 255 255 255 255 191 0 0 242 255 163 188 255 205 255 255 255 223 198 255 255 255 227 249 255 246 216 255 255 255 255 234 35 0 67 255 255 181 255 246 255 255 255 255 241 196 255 206 199 255 246 161 224 255 255 255 255 194 108 0 0 208 255 220 216 255 241 245 255 255 255 181 255 255 227 209 255 255 255 212 194 255 255 223 218 180 0 26 255 255 255 255 255 161 158 246 255 205 201 255 255 205 255 255 255 208 234 255 255 255 211 177 80 0 128 255 255 198 255 255 231 255 255 255 192 223 255 246 231 255 255 255 255 211 255 255 255 197 255 12
25 111 248 255 255 226 234 168 255 255 216 182 255 255 195 255 255 212 173 255 255 255 255 255 255 172 0 0 244 255 165 180 255 201 255 255 255 216 191 255 255 255 230 239 255 242 216 255 255 255 255 249 29 0 67 236 205 178 255 255 255 255 255 255 242 194 255 231 223 255 255 231 255 255 255 255 255 168 234 6 0 161 255 196 217 255 255 255 255 255 255 188 255 255 223 216 255 255 255 223 198 255 255 219 222 163 0 98 255 255 255 255 255 201 149 255 255 209 201 255 255 208 255 255 255 163 221 255 255 255 255 236 87 0 123 255 246 205 255 255 238 255 255 255 174 242 255 255 198 255 255 255 255 204 255 255 255 208 202 8
29 108 241 255 255 219 199 155 255 255 223 189 255 255 195 255 255 230 216 255 255 255 255 255 255 62 0 11 236 255 168 180 255 201 255 255 255 219 201 255 255 255 223 224 255 246 216 255 255 255 255 245 29 0 63 252 234 194 255 255 255 255 255 255 234 201 255 255 255 255 255 255 255 255 255 255 255 177 255 14 0 157 255 207 228 255 255 238 255 255 255 191 255 255 238 216 255 255 255 227 198 255 255 212 219 152 0 75 255 255 255 255 255 255 188 255 255 205 201 255 255 208 255 255 216 133 179 255 255 255 255 255 116 17 175 255 249 194 255 255 227 255 255 255 188 255 255 255 201 255 255 255 255 211 255 255 253 174 174 0
32 111 252 255 255 217 182 191 255 255 227 196 255 255 198 255 255 255 255 255 238 205 255 255 255 45 0 2 225 255 161 187 255 201 255 255 255 223 209 255 255 255 216 206 255 246 216 255 255 255 255 243 31 0 56 255 242 188 255 255 242 255 255 255 212 198 255 255 255 255 255 255 255 255 255 255 255 177 255 14 0 170 255 200 215 255 255 168 171 255 255 227 255 255 255 227 255 255 255 227 198 255 255 212 166 65 0 45 255 255 255 255 255 255 195 255 255 205 201 255 255 212 255 255 246 199 199 255 255 255 255 255 116 68 246 255 246 174 255 255 219 255 255 255 198 255 255 255 205 255 255 255 253 211 255 255 255 174 198 0
21 105 255 255 255 206 147 194 255 255 227 203 255 255 198 255 255 255 255 255 219 178 255 255 255 91 0 0 241 255 161 191 255 201 255 255 255 219 209 255 255 255 212 186 255 242 216 255 255 255 255 239 29 0 50 255 246 184 255 255 201 255 255 255 208 201 255 255 255 255 255 255 255 245 255 255 255 174 255 9 5 224 255 197 220 255 249 146 165 255 255 219 255 219 255 255 255 255 255 219 201 255 255 231 193 74 0 33 255 255 255 255 255 255 201 255 255 212 201 255 255 238 255 255 255 255 216 255 255 255 255 255 100 87 255 255 246 161 255 255 246 255 255 255 198 255 255 255 201 255 255 255 253 214 255 255 255 177 235 0
5 90 242 255 255 236 146 202 255 255 227 199 255 255 198 255 255 255 255 255 205 171 255 255 255 40 0 1 233 255 164 204 255 201 255 255 255 216 201 255 255 255 212 173 255 246 227 255 255 255 255 243 29 0 51 255 246 188 255 255 178 255 255 255 219 194 255 255 255 255 255 255 255 230 255 255 255 187 255 12 16 254 255 193 223 255 237 161 227 255 255 227 254 209 255 255 255 255 255 212 212 255 255 246 218 135 0 29 255 255 255 255 255 255 191 255 255 216 198 255 255 255 255 255 255 255 174 255 255 255 255 255 63 48 211 255 253 168 255 255 255 255 255 255 208 255 255 255 201 255 255 255 255 214 255 255 255 180 254 0
44 127 246 255 255 251 143 188 255 255 230 192 255 255 195 255 255 255 255 255 173 174 255 255 255 28 0 0 233 255 148 205 255 212 255 255 255 219 198 255 255 255 216 169 255 246 246 255 255 255 255 247 29 0 68 255 242 181 255 255 165 254 255 255 249 208 255 255 255 250 255 255 255 219 255 255 255 194 255 14 11 223 255 197 223 255 233 183 255 255 255 255 255 255 255 255 255 255 255 208 227 255 255 254 167 96 0 44 255 255 255 255 255 255 165 255 255 212 201 255 255 255 255 255 255 255 181 255 255 255 255 235 33 51 223 255 249 171 255 255 255 255 255 255 234 255 255 255 205 255 255 255 255 214 255 255 255 177 254 0
77 138 216 255 255 248 143 194 255 255 234 186 255 255 191 255 255 255 255 255 147 208 255 255 255 33 0 0 233 255 149 205 255 231 255 255 255 227 198 255 255 255 227 176 255 246 255 255 255 255 255 246 29 0 97 255 253 188 255 255 174 234 255 255 255 238 255 255 255 255 255 255 255 208 255 255 255 191 255 11 11 185 255 211 223 255 237 201 255 255 255 212 255 255 255 255 255 255 255 212 249 255 255 254 157 78 0 66 246 255 255 255 255 255 165 255 255 212 212 255 255 255 255 255 255 255 212 255 255 255 255 230 35 61 231 255 242 168 255 255 234 188 255 255 249 255 255 255 205 255 255 255 255 214 255 255 245 158 235 0
80 136 205 255 255 244 140 194 255 255 238 182 255 255 191 255 255 255 255 255 154 255 255 255 255 33 0 14 255 255 171 201 255 250 255 255 255 238 205 255 255 255 242 182 255 242 255 255 255 255 255 242 27 0 124 255 253 188 255 255 188 223 255 255 223 234 255 255 255 255 255 255 255 191 255 255 252 184 255 8 14 152 255 211 203 255 226 190 255 255 255 174 212 255 255 255 246 255 255 212 255 255 255 254 166 120 0 37 255 255 249 255 255 255 168 255 255 216 223 255 255 223 255 255 255 216 188 255 203 227 255 255 56 48 213 255 249 171 255 255 178 126 238 255 249 255 255 255 198 255 255 255 255 214 255 255 253 171 255 8
66 142 208 255 255 248 149 194 255 255 255 205 255 255 198 255 255 255 255 255 255 255 255 255 255 41 0 28 255 255 155 193 255 255 255 255 255 250 201 255 255 255 238 186 243 255 246 255 255 255 255 255 30 0 142 255 242 191 255 255 188 168 255 255 227 208 223 242 255 255 255 255 255 201 255 255 244 181 255 11 13 153 229 204 208 255 204 232 255 255 255 161 227 255 255 255 255 255 255 231 255 255 255 227 194 141 0 19 216 255 241 255 255 255 168 255 255 227 223 255 255 227 255 255 255 209 161 221 148 149 200 255 57 47 216 255 242 171 255 255 168 158 250 255 253 249 188 255 255 255 255 255 251 202 255 255 240 161 255 0
80 145 201 255 255 252 158 215 255 255 255 201 255 255 198 255 255 255 255 223 255 255 255 255 255 35 0 31 255 255 161 200 255 255 255 255 255 254 205 255 255 255 238 186 236 253 250 255 255 255 255 242 24 0 136 255 242 191 255 255 178 137 234 255 253 253 255 255 254 255 255 255 255 201 255 255 244 177 255 11 11 156 244 222 219 255 211 217 255 255 255 174 246 255 255 255 255 255 255 246 255 255 255 223 162 81 0 14 158 255 226 255 255 255 178 255 255 223 223 255 255 231 255 255 255 209 143 163 160 149 211 255 45 35 194 255 246 171 255 255 184 205 255 255 227 249 223 255 255 255 255 255 255 211 255 255 255 181 245 0
78 139 201 255 255 248 137 187 255 255 255 205 255 255 194 255 255 255 191 155 246 255 255 255 255 28 0 33 255 255 161 200 255 255 255 255 255 254 194 255 255 255 227 186 239 255 255 255 255 255 255 242 35 0 122 255 242 188 255 255 223 171 250 255 255 255 255 255 231 255 255 255 255 201 255 255 244 177 255 11 10 169 255 248 212 255 255 255 255 255 255 181 249 255 255 255 255 255 255 255 255 255 255 238 154 69 0 16 129 238 208 255 255 255 188 255 255 219 227 255 255 219 255 255 255 209 158 157 141 154 233 255 33 31 179 255 246 171 255 255 188 242 255 255 227 255 255 255 255 255 255 255 243 211 255 255 255 177 255 33
78 142 204 255 255 252 146 197 255 255 250 212 255 255 198 255 255 255 161 137 242 255 255 255 255 28 0 24 255 255 158 193 255 255 255 255 255 250 191 255 255 255 216 196 243 255 255 255 255 255 255 255 60 0 111 255 242 181 255 255 255 255 255 255 242 253 255 255 223 255 255 255 255 197 255 255 248 177 255 12 13 150 241 218 201 255 255 255 255 255 255 194 242 255 255 255 255 255 255 255 255 255 255 238 164 83 0 15 136 230 191 255 255 255 194 255 255 223 227 255 255 219 255 255 255 255 255 255 255 255 255 255 31 2 147 253 246 171 255 255 181 246 255 255 219 246 255 255 255 255 255 255 255 233 255 255 255 161 255 85
62 136 215 255 255 255 143 184 255 255 238 216 255 255 198 255 255 255 184 158 216 255 255 255 255 34 0 10 255 255 155 193 255 255 255 255 255 255 198 255 255 255 219 206 228 255 255 255 255 255 255 255 79 0 119 255 242 188 255 255 255 255 255 255 234 242 255 255 227 255 255 255 255 201 255 255 252 184 255 12 14 156 255 236 212 255 255 255 255 255 255 205 228 255 205 254 255 250 216 255 255 255 255 255 155 62 0 14 161 255 181 255 255 255 194 255 255 223 227 255 255 219 255 255 255 255 255 255 255 255 255 255 49 0 92 212 249 171 255 255 184 250 255 255 208 216 255 255 255 254 255 255 250 237 255 255 255 177 255 73
32 111 208 255 255 255 152 177 255 255 231 223 255 255 198 255 255 255 238 212 188 255 255 255 255 37 0 0 255 255 155 200 255 255 255 255 255 255 194 255 255 255 219 206 206 253 255 255 255 255 255 255 74 0 145 255 238 205 255 255 223 255 255 255 227 242 255 255 231 255 255 255 255 201 255 255 252 191 255 11 5 175 255 248 201 255 255 255 255 255 255 189 206 255 188 242 255 198 152 250 255 255 255 255 151 46 0 21 195 255 181 255 255 255 188 255 255 223 212 255 255 212 255 255 255 255 255 255 255 255 255 255 39 0 105 233 255 171 255 249 201 255 255 255 208 205 255 255 255 255 255 255 246 255 255 255 255 171 244 33
73 145 222 255 255 255 143 174 255 255 223 227 255 255 198 255 255 255 255 255 201 249 255 255 255 30 0 4 255 255 158 200 255 246 255 255 255 255 188 255 255 255 219 199 199 255 255 255 255 255 255 255 69 0 161 255 242 212 255 255 191 255 255 255 212 238 255 255 223 255 255 255 255 204 255 255 255 201 255 9 19 206 255 236 223 255 255 255 255 255 255 182 196 255 191 255 255 195 171 255 255 255 255 255 168 83 0 31 249 255 184 255 255 255 178 255 255 219 195 255 255 216 255 255 255 255 255 224 255 255 255 255 34 14 139 231 249 174 255 242 216 255 255 255 201 205 255 255 255 255 255 255 242 255 255 255 255 161 248 42
78 136 208 255 255 255 146 180 255 255 223 223 255 255 198 255 255 255 255 255 223 249 255 255 255 23 0 16 255 255 158 196 255 220 255 255 255 255 191 255 255 255 219 196 206 255 255 181 255 255 255 255 69 0 157 255 249 208 255 255 194 255 255 255 212 242 255 242 216 255 255 255 255 204 255 255 255 208 255 9 13 220 255 229 212 255 255 251 255 255 255 203 203 255 181 249 255 255 255 255 255 255 255 255 174 153 0 33 255 255 190 255 255 255 171 255 255 216 181 255 255 209 255 255 255 255 255 210 255 255 255 255 24 44 151 238 234 181 255 238 219 255 255 255 208 216 255 255 255 255 255 255 255 255 255 255 255 161 250 48
73 137 224 255 255 255 158 166 255 255 227 223 255 255 205 255 255 255 255 255 242 254 255 255 255 26 0 73 253 255 155 198 255 227 255 255 255 250 191 255 255 255 227 198 212 255 208 163 248 255 206 255 66 0 162 255 230 212 255 255 198 255 255 255 226 206 255 246 231 255 255 255 255 197 255 255 255 222 255 5 9 238 255 235 216 255 255 215 227 255 255 255 223 255 181 242 255 255 255 255 255 255 255 255 165 79 0 26 255 255 179 252 255 255 168 255 255 205 181 255 255 184 255 255 255 255 178 191 255 255 255 255 31 25 145 241 246 171 255 255 255 255 255 255 231 219 255 255 255 255 255 255 255 255 255 255 255 180 242 84
75 140 220 255 255 255 171 169 254 255 219 219 255 255 201 255 255 255 255 255 255 255 255 255 255 29 0 23 255 255 161 190 255 223 255 255 255 255 194 255 255 255 223 196 208 255 221 154 232 255 182 255 66 0 189 255 253 205 255 255 205 255 255 255 212 192 255 255 255 255 255 255 255 201 255 255 246 204 230 0 14 238 255 235 212 255 255 208 216 255 255 253 242 255 198 246 255 255 255 255 255 255 255 255 134 48 0 35 255 255 182 255 255 255 168 255 255 205 194 255 242 181 255 255 255 191 155 254 255 255 237 255 31 7 145 206 201 168 255 255 255 255 255 255 234 208 255 255 255 255 255 255 255 255 255 255 255 172 227 61
75 134 213 255 255 255 174 159 242 255 212 209 255 255 198 255 255 255 255 255 255 255 255 255 255 31 0 0 255 255 164 193 251 216 255 255 255 254 198 255 255 255 219 196 205 255 251 155 232 255 167 240 62 1 221 255 255 216 255 255 201 255 255 255 230 203 255 255 255 255 255 255 255 197 255 255 249 215 177 0 21 255 255 246 216 255 255 198 209 255 255 212 255 255 212 242 255 255 234 198 255 255 255 255 134 43 0 38 255 255 176 246 255 255 168 255 255 216 208 255 255 188 255 255 249 165 155 255 255 255 211 243 17 4 170 243 223 171 255 253 255 255 255 255 243 196 255 216 198 255 255 171 255 255 255 255 255 165 168 1
71 131 213 255 255 255 174 150 231 255 209 201 255 255 195 255 255 255 255 255 255 255 255 255 255 31 0 9 248 255 157 201 251 205 255 255 255 246 198 255 255 255 212 199 199 255 255 191 255 255 164 229 62 4 231 255 255 230 255 255 198 255 255 255 249 214 255 255 255 255 255 255 255 194 255 255 255 241 142 0 9 255 255 239 223 255 255 198 209 255 255 178 255 255 216 238 255 255 181 128 234 255 255 255 158 63 0 26 246 255 182 250 255 255 174 255 255 242 227 255 255 188 255 255 255 246 223 255 255 255 235 194 14 28 181 255 255 171 255 255 255 255 255 255 221 179 255 217 206 255 246 143 237 255 255 255 255 165 152 0
66 134 220 255 255 255 187 153 227 255 205 198 255 255 195 255 255 255 255 255 255 255 255 255 255 31 0 14 255 255 160 197 255 201 255 255 255 250 194 255 255 255 210 203 196 255 255 246 255 255 167 236 71 1 209 255 255 223 255 255 223 255 255 255 241 210 255 255 255 255 255 255 255 194 255 255 255 244 125 0 0 255 255 216 223 255 255 201 212 255 246 155 255 255 216 242 255 255 242 168 201 255 255 255 223 99 0 17 242 255 173 255 255 255 188 255 255 255 234 249 255 188 255 255 255 255 255 255 255 255 235 187 28 41 181 255 255 168 255 255 255 255 255 255 214 176 255 221 206 255 198 137 237 255 255 255 255 172 198 47
64 131 216 255 255 255 201 156 227 255 205 198 255 255 201 255 255 255 255 219 230 255 255 255 255 30 0 0 255 255 168 197 255 205 255 255 255 255 191 255 255 255 210 203 199 255 255 255 255 232 170 246 75 1 175 255 255 223 255 255 255 255 231 255 249 210 255 255 255 255 255 255 255 204 255 255 255 244 149 0 0 255 255 216 220 255 255 198 216 255 234 152 255 255 212 249 255 255 255 246 181 254 255 255 255 119 0 17 255 255 161 255 255 255 205 255 255 255 223 242 255 184 255 255 255 255 255 255 255 255 220 208 31 2 168 255 255 168 255 255 255 255 255 255 243 189 255 216 216 255 255 255 255 255 255 255 255 188 213 89
73 134 209 255 255 255 208 153 231 255 205 205 255 255 205 255 255 255 216 147 206 255 255 255 255 24 0 1 255 255 164 200 255 212 255 255 255 255 188 243 255 255 217 203 198 255 255 255 255 225 197 242 64 0 149 255 255 242 255 255 255 255 198 255 255 210 255 255 255 255 255 255 255 215 255 255 255 241 191 2 0 255 255 227 220 255 255 198 231 255 231 171 255 255 212 246 255 255 255 255 201 255 255 255 255 111 0 17 250 255 177 255 255 255 238 255 255 255 191 246 255 178 255 255 255 255 255 255 255 255 220 228 24 0 159 255 255 174 255 255 254 231 255 255 255 212 255 201 198 255 255 255 255 255 255 255 255 195 181 75
92 149 216 255 255 255 215 153 234 255 209 209 255 255 209 255 255 255 178 136 236 255 255 255 255 21 0 49 255 255 158 205 251 216 255 223 255 255 181 232 255 255 224 199 201 255 255 255 255 236 229 242 49 0 140 255 255 255 255 255 255 255 198 255 255 199 255 255 255 255 223 255 255 226 255 255 255 233 208 0 0 234 255 231 212 255 255 205 242 255 231 188 255 255 208 242 255 255 255 255 253 255 255 255 255 111 0 14 223 255 187 249 255 255 255 255 255 255 165 249 255 191 255 242 165 212 255 255 255 255 213 224 31 0 171 255 255 178 255 255 250 184 255 255 255 219 255 216 201 255 255 255 255 255 255 255 255 200 174 82
127 160 203 255 255 255 238 156 223 255 205 199 255 255 201 255 255 255 170 146 224 255 255 255 255 49 0 19 255 255 161 207 250 208 255 208 255 255 189 236 255 255 230 186 206 255 255 255 255 217 255 248 34 0 108 255 255 255 255 255 255 255 198 255 255 255 255 255 255 255 201 255 255 255 255 255 255 238 219 1 0 154 242 240 212 255 255 208 242 255 238 205 255 255 242 242 255 255 255 255 255 255 255 255 255 84 0 13 204 255 169 255 255 255 255 255 255 255 165 255 255 181 255 255 168 188 255 255 255 255 207 211 36 0 177 255 255 178 255 255 250 188 255 255 208 249 255 219 201 255 255 255 255 255 255 255 255 197 181 73
119 160 214 255 255 255 246 149 231 255 208 203 255 255 198 255 255 235 160 149 214 255 255 255 255 49 0 20 255 255 158 203 246 208 255 205 255 255 186 232 255 255 227 196 203 255 255 255 255 206 255 250 36 0 113 255 255 255 255 255 255 255 209 255 255 255 255 255 255 255 201 255 255 255 255 255 255 255 222 2 0 144 191 229 212 255 255 194 238 255 255 216 255 255 234 238 255 255 255 255 255 255 255 255 255 66 0 15 187 255 173 254 246 255 255 255 255 255 181 247 255 191 255 255 198 219 255 255 255 255 211 255 52 0 209 255 255 174 255 255 246 184 255 255 184 255 255 227 198 255 255 227 148 208 255 255 255 178 212 85
100 150 214 255 255 255 255 149 231 255 212 206 255 255 195 255 255 173 160 152 212 255 255 255 255 31 0 17 255 255 160 204 246 216 255 205 255 255 186 232 255 255 205 199 199 255 255 255 255 197 255 255 53 0 110 255 255 255 255 231 242 255 212 255 255 255 255 255 255 255 194 255 255 255 255 255 255 255 219 5 0 143 165 237 212 255 255 194 238 255 255 216 255 255 238 250 255 255 255 192 173 169 186 221 255 53 0 15 149 219 154 255 255 255 255 255 255 255 208 255 255 242 255 255 255 255 255 255 255 255 229 226 34 0 223 255 255 171 255 255 234 181 255 255 165 249 255 238 201 255 255 216 146 191 255 255 255 202 255 154
103 146 206 255 255 255 255 155 234 255 201 214 255 255 195 255 207 154 160 152 215 255 255 255 255 29 0 21 255 255 163 197 255 234 255 201 255 255 189 232 255 255 184 206 203 255 255 255 255 190 255 255 66 0 105 255 255 246 255 216 234 255 216 255 255 255 255 255 255 255 188 255 255 255 255 255 255 255 188 2 0 165 202 255 209 255 255 201 238 255 255 205 255 255 250 255 255 255 234 157 164 155 149 177 255 51 0 18 187 255 182 254 255 255 255 255 255 246 194 255 255 255 255 255 255 255 255 255 255 255 218 166 11 0 220 255 255 168 255 255 223 181 255 255 171 234 255 249 201 255 255 255 178 155 255 255 255 253 255 151
142 164 208 255 255 255 255 180 255 255 191 206 255 255 195 255 189 160 148 158 243 255 255 255 255 28 0 16 255 255 163 197 255 255 255 201 255 255 189 236 255 255 194 228 206 255 255 255 255 208 255 255 40 0 110 255 255 219 255 223 246 255 219 255 255 255 255 255 255 255 198 255 255 255 255 255 255 255 156 0 0 198 255 255 212 255 255 198 242 255 255 195 255 255 255 255 255 255 249 169 194 174 149 174 255 43 0 16 208 255 179 239 255 212 255 255 255 242 168 255 255 255 255 255 255 255 231 255 255 255 190 179 21 0 230 255 255 168 255 255 227 191 255 255 174 234 255 255 198 255 255 255 255 180 241 255 255 255 255 142
187 187 204 255 255 255 255 238 255 255 184 199 255 255 195 255 179 151 142 192 255 255 255 255 255 34 0 11 242 255 164 200 255 255 255 201 255 255 189 236 255 255 234 255 210 255 255 254 255 255 255 207 6 0 116 255 255 195 255 223 242 255 209 255 255 255 255 255 255 255 201 255 255 255 255 255 255 255 143 0 0 219 255 255 238 255 255 181 238 255 255 195 255 255 255 255 255 255 255 182 221 224 228 255 251 41 0 16 187 255 169 255 255 191 255 255 255 250 168 255 255 255 255 255 255 255 216 255 255 255 193 199 28 0 167 255 255 168 255 255 242 205 255 255 158 246 255 255 194 255 255 255 255 235 217 255 255 255 255 117
196 197 204 255 255 255 255 255 255 255 181 203 255 255 195 255 189 166 195 255 255 255 255 255 255 64 0 28 251 255 158 196 255 255 255 201 255 255 189 232 255 255 255 255 214 255 255 212 255 255 255 197 0 0 110 255 255 174 255 216 234 255 201 255 255 255 255 255 219 254 194 255 255 255 255 255 255 255 145 0 0 238 255 255 255 255 255 181 238 255 255 195 255 255 255 255 255 255 255 205 255 255 255 255 247 19 0 18 191 255 173 254 255 195 246 255 255 246 188 255 255 255 255 255 255 255 198 255 255 255 203 199 19 0 81 255 255 174 255 255 250 212 255 255 158 255 255 253 198 255 255 255 255 255 252 255 255 255 245 48
190 203 207 255 255 255 255 255 255 255 184 214 255 255 195 255 236 221 255 255 255 255 255 255 255 80 0 43 255 255 158 196 255 255 255 201 255 255 189 232 255 255 255 251 210 255 255 165 254 255 255 211 0 0 100 255 255 165 255 223 242 255 209 255 255 255 255 255 205 246 198 255 255 255 255 255 255 255 142 0 0 250 255 255 255 255 255 191 238 255 255 191 255 255 255 255 255 255 255 194 234 255 255 255 247 19 0 60 230 255 176 254 255 201 216 255 255 255 223 255 255 255 255 255 255 255 191 255 255 255 196 228 35 0 83 239 255 178 255 255 246 212 255 255 188 255 255 249 201 255 255 255 255 255 255 255 255 255 163 1
143 175 214 255 255 255 255 255 255 255 188 205 255 255 250 255 250 255 255 255 255 255 255 255 255 33 0 51 255 255 170 207 255 234 255 208 255 255 186 206 255 255 255 246 212 255 255 165 234 255 255 184 4 0 94 255 255 157 255 234 230 255 208 255 255 255 255 255 255 255 191 255 255 255 255 255 255 255 148 0 0 255 255 255 255 255 255 217 246 255 255 165 255 255 255 255 255 255 255 191 231 255 255 255 255 42 0 72 245 255 181 251 255 198 223 255 255 255 249 255 255 255 255 255 255 255 194 255 255 255 180 255 47 0 131 181 255 184 255 255 242 212 255 255 194 255 255 255 227 255 255 254 255 255 255 255 255 255 142 0
125 169 211 255 255 255 255 255 255 255 184 205 255 255 255 255 255 255 255 255 255 255 255 255 255 59 0 25 255 255 161 204 250 219 255 208 255 255 186 206 255 255 255 238 191 255 255 165 253 255 255 255 39 0 82 255 255 163 255 212 205 255 212 255 228 176 242 255 255 255 201 255 255 221 255 255 250 255 142 0 0 255 255 255 255 255 255 206 234 255 255 165 255 255 255 230 255 255 255 226 255 255 255 255 255 50 0 35 255 255 165 255 255 181 191 255 255 255 242 255 255 255 255 255 255 255 184 247 255 255 194 213 33 0 80 161 246 174 255 255 238 223 255 255 198 255 255 255 227 255 255 255 252 234 250 233 238 255 151 0
109 166 208 255 255 254 255 255 255 255 181 205 255 255 255 255 255 255 255 255 255 255 255 255 255 69 0 18 252 255 151 197 242 212 255 205 255 255 182 203 255 255 255 234 174 255 255 171 255 255 255 255 66 0 79 255 240 166 255 212 201 255 215 255 239 173 246 255 255 255 198 255 255 197 255 255 227 232 139 0 0 255 255 255 255 255 255 204 238 255 255 171 255 255 255 208 255 246 181 155 255 255 255 255 255 52 0 38 255 255 171 255 255 208 165 255 255 255 246 227 242 255 255 255 255 255 184 247 255 255 201 138 8 0 37 148 246 174 255 255 231 234 255 255 194 255 255 255 234 255 255 255 197 146 158 149 184 255 164 0
98 163 211 255 255 238 246 255 255 255 178 194 255 255 255 255 255 255 255 255 255 255 255 255 255 72 0 53 255 255 170 219 254 212 255 205 255 255 179 199 255 255 255 238 168 255 255 181 255 255 255 255 73 0 94 255 229 157 255 223 219 255 212 255 243 189 255 255 255 255 188 255 255 180 247 255 246 241 126 0 0 236 255 255 255 255 255 180 238 255 255 168 255 255 255 212 255 255 158 137 234 255 255 255 255 41 0 48 255 255 184 255 255 234 140 201 255 255 255 246 255 250 255 255 255 255 184 251 255 255 201 129 3 0 32 182 255 195 255 255 223 234 255 255 181 255 255 255 238 255 255 255 170 158 165 142 152 245 154 0
85 154 217 255 255 250 246 255 255 255 178 188 255 255 255 255 255 255 255 255 255 255 255 255 255 73 0 68 255 255 170 215 255 216 255 205 255 255 186 210 255 255 255 238 168 255 255 188 255 255 255 255 77 0 99 255 232 144 251 238 246 255 208 255 236 192 249 255 255 255 191 255 255 170 224 255 255 249 129 0 0 185 255 255 255 255 215 137 219 255 246 158 255 255 255 212 255 255 219 212 255 255 255 255 181 30 0 59 255 255 184 255 255 255 152 209 255 255 246 255 255 223 254 255 255 255 184 239 255 255 190 172 14 0 55 255 255 209 255 255 223 223 255 255 174 255 255 255 234 255 255 255 180 201 184 163 177 230 139 0
71 138 224 255 255 250 223 255 255 255 184 188 255 255 255 255 255 255 255 255 255 255 255 255 255 108 0 63 255 255 180 219 255 212 255 205 255 255 196 228 255 255 255 234 165 255 255 208 255 255 255 255 70 0 89 255 229 142 251 255 255 255 208 255 247 203 249 255 255 255 188 255 255 164 230 255 255 226 155 0 0 172 244 255 255 255 218 155 208 255 249 161 255 255 255 205 255 255 219 249 255 255 255 188 145 29 0 121 255 255 198 255 255 255 238 255 255 250 219 255 255 205 255 255 255 255 194 236 255 255 204 255 44 0 53 255 255 227 255 255 227 209 255 255 174 255 255 255 238 255 255 255 200 219 219 220 255 255 124 0
58 129 239 255 255 246 201 255 255 255 191 181 255 255 246 255 255 255 255 255 255 255 255 255 255 132 0 53 255 255 177 212 255 208 255 205 255 255 199 239 255 255 255 238 168 255 255 246 255 255 255 255 68 0 87 255 221 151 255 255 255 255 212 255 228 186 255 255 219 255 191 255 255 211 255 255 255 242 243 8 0 169 188 255 255 255 255 204 216 255 255 168 255 255 255 208 255 242 158 234 255 255 255 158 150 31 3 149 255 255 202 255 255 255 255 255 255 255 219 255 255 195 255 255 255 255 194 243 255 255 204 199 17 0 60 255 255 255 255 255 223 198 255 255 174 255 255 255 255 255 255 255 218 234 255 255 255 255 97 0
51 126 255 255 255 255 208 255 255 255 191 174 255 255 227 255 255 255 255 242 238 255 255 255 255 144 0 68 255 255 183 219 255 208 255 208 255 255 199 243 255 255 255 242 171 255 255 255 255 255 255 255 80 0 95 255 218 160 247 227 242 255 212 255 214 182 255 255 184 242 205 255 255 255 255 210 216 238 255 1 0 172 159 255 255 234 237 180 219 255 255 165 255 255 255 216 255 227 155 255 255 255 255 155 153 27 0 76 255 255 191 255 255 255 255 255 255 254 212 255 255 195 255 255 255 255 181 247 255 255 226 149 4 0 71 255 255 255 255 255 223 195 255 255 171 255 255 255 255 255 255 255 233 198 255 255 255 255 77 0
51 128 249 255 255 255 208 255 255 255 184 168 255 255 227 255 255 255 255 255 255 255 255 255 255 166 0 35 241 255 191 223 255 212 255 208 255 255 223 255 255 255 255 234 171 255 255 255 255 255 255 255 69 0 119 255 221 157 247 219 238 255 216 255 192 199 255 255 198 249 199 255 255 255 255 252 238 243 214 3 0 159 167 255 255 255 170 158 255 255 255 168 255 255 255 209 255 254 249 255 255 205 255 192 161 60 0 64 253 255 196 255 255 227 255 255 255 231 201 255 255 201 255 255 255 255 176 241 255 255 215 202 25 0 177 255 255 255 255 255 243 217 255 255 179 255 255 255 255 255 255 255 218 198 255 255 255 255 130 0
58 125 230 255 255 255 184 255 255 255 191 158 255 255 231 255 255 255 255 255 255 255 255 255 255 150 0 35 255 255 188 212 255 212 255 208 255 255 223 255 255 255 255 230 174 255 255 255 255 255 255 255 74 0 113 255 221 157 247 219 238 255 216 255 196 199 255 255 201 246 196 255 255 255 255 241 188 228 255 9 0 155 167 255 255 255 177 161 255 255 255 165 255 255 255 212 255 255 255 255 178 155 255 214 152 62 0 117 255 255 196 255 255 223 255 255 255 238 205 255 255 194 255 255 255 255 189 253 255 255 219 235 27 0 136 255 255 255 255 255 251 206 255 255 176 255 255 255 231 255 255 255 252 234 255 255 255 255 145 0
75 149 241 255 255 255 180 255 255 255 191 146 255 255 231 254 255 255 255 255 255 255 255 255 255 166 0 49 255 255 209 216 255 208 255 205 255 255 246 255 255 255 255 242 184 255 255 255 255 255 255 255 69 0 92 255 221 157 247 219 238 255 216 255 196 199 255 255 198 238 192 255 255 255 255 255 160 210 255 9 0 152 167 255 255 255 180 164 255 255 255 168 255 255 255 212 255 255 255 255 205 219 255 171 155 57 0 114 255 255 189 255 255 201 255 255 255 238 194 255 255 191 255 255 255 255 192 251 255 255 219 243 25 0 71 255 255 255 255 255 255 210 255 255 176 255 255 255 205 255 255 242 211 223 255 255 255 255 157 0
64 145 246 255 255 255 241 255 255 255 201 157 255 255 242 255 255 255 255 255 255 255 255 255 255 156 6 68 249 255 205 208 255 205 255 201 255 255 255 255 255 255 255 246 191 255 255 255 255 255 255 255 69 0 85 255 221 157 247 219 238 255 216 255 189 199 255 255 188 234 192 255 255 165 211 255 189 219 255 8 0 149 167 255 255 255 187 161 255 255 255 178 255 255 255 216 255 255 234 188 219 255 255 146 158 64 0 88 255 255 200 255 255 198 255 255 255 254 194 255 255 219 255 255 255 255 184 243 255 255 215 206 27 0 53 255 255 255 255 255 239 219 255 255 173 249 255 255 202 255 255 184 142 194 255 255 255 255 145 0
39 119 244 255 255 255 255 255 255 255 198 160 255 255 234 255 255 255 255 255 255 255 255 255 255 90 0 70 255 255 206 212 255 198 255 201 255 255 255 255 255 255 238 216 191 255 255 255 255 255 255 255 71 0 83 255 221 157 247 219 238 255 216 255 189 206 255 255 184 238 199 255 255 171 224 255 248 255 255 12 0 149 167 255 255 255 190 152 255 255 255 181 255 255 255 216 255 255 201 143 178 255 255 171 154 75 0 42 255 255 193 255 255 198 255 255 255 255 191 255 255 255 255 255 255 255 181 247 255 255 211 165 15 0 90 255 255 255 255 255 179 198 255 255 169 234 255 255 198 255 255 198 145 219 255 255 255 255 110 0
23 100 248 255 255 255 255 255 255 255 186 157 206 243 219 246 255 255 255 255 255 255 255 255 241 90 0 68 254 255 228 219 255 184 255 205 255 255 255 255 255 250 198 201 201 255 255 255 255 255 255 255 83 0 83 255 221 157 247 219 238 255 216 255 196 214 255 255 191 249 203 255 255 255 255 255 255 255 255 13 0 149 171 255 255 255 197 143 255 255 255 174 255 255 255 212 255 255 255 231 191 255 255 178 173 89 0 29 255 255 200 255 255 205 255 255 255 255 181 255 255 255 255 255 255 255 181 243 255 255 215 162 9 0 161 255 255 255 255 242 137 168 255 255 166 230 255 255 195 255 255 242 197 255 255 255 255 212 82 0
17 97 248 255 255 255 255 255 255 255 192 179 192 255 230 238 255 255 255 255 255 255 255 255 245 154 15 68 243 255 228 205 255 178 255 208 255 255 255 255 255 255 208 216 212 255 255 255 255 255 255 255 115 0 85 255 221 157 247 219 238 255 216 255 199 203 255 255 205 249 192 255 234 255 255 255 255 255 255 10 0 149 171 255 255 255 211 140 234 255 255 165 255 255 255 212 255 255 255 255 250 255 255 255 168 71 0 33 255 255 189 248 255 227 255 255 255 255 184 255 255 255 255 255 255 255 188 246 255 255 219 189 22 0 188 255 255 255 255 254 161 171 255 255 173 230 255 255 195 255 255 230 225 255 255 255 226 168 77 0
22 113 249 255 255 255 255 250 255 255 192 196 189 255 238 219 255 255 255 255 255 255 255 255 230 170 19 61 254 255 221 219 255 178 255 208 255 255 255 255 255 255 238 238 212 255 255 255 255 255 255 255 132 0 75 255 221 157 247 219 238 255 216 255 196 186 255 255 212 242 179 243 198 253 251 255 255 255 255 10 0 149 171 255 255 255 218 140 198 255 255 162 255 255 255 209 255 255 255 255 255 255 255 255 212 64 0 35 255 255 210 255 255 230 255 255 255 250 178 255 255 255 255 255 255 255 201 255 255 255 219 199 25 0 116 212 255 255 255 255 219 194 255 255 176 234 255 255 202 255 255 181 225 255 255 255 201 149 80 0
19 111 241 255 255 255 255 254 255 255 194 191 181 255 227 228 255 255 255 255 255 255 255 255 241 161 30 75 255 255 224 211 255 198 255 205 255 255 255 255 255 255 255 253 216 255 255 255 255 255 255 255 136 0 58 255 221 157 239 230 227 255 219 255 212 168 250 255 255 201 173 242 197 233 233 255 255 255 255 12 0 154 163 255 255 255 222 149 191 255 255 163 255 255 254 215 255 255 255 227 255 255 255 255 177 55 0 17 249 255 233 255 255 255 255 209 255 255 186 255 255 255 255 255 255 255 184 255 255 255 246 133 9 0 87 173 255 255 255 255 203 184 255 255 168 242 255 255 195 255 255 146 218 255 255 255 192 162 78 0
17 113 248 255 255 255 255 255 255 255 194 168 181 255 230 232 255 255 255 255 234 238 255 255 255 148 29 110 255 255 250 222 255 201 255 205 255 255 255 255 255 255 255 255 208 255 255 255 255 255 255 255 136 0 60 255 228 160 251 234 223 255 212 255 201 171 255 255 228 181 169 246 211 211 203 255 255 255 255 2 0 145 171 255 255 255 252 152 185 255 255 166 255 255 255 212 255 255 198 140 216 255 253 158 139 33 0 17 216 255 231 255 255 255 255 205 255 255 198 255 255 255 255 255 255 255 201 255 255 255 255 147 6 0 92 166 255 255 255 221 173 194 255 255 174 246 255 255 201 255 255 212 255 255 222 255 220 164 80 0
22 116 248 255 255 255 255 255 255 255 191 146 194 255 234 228 255 255 255 255 209 216 255 255 246 148 24 111 238 255 255 233 255 205 255 205 255 255 255 255 255 255 255 255 205 255 255 255 255 255 255 255 133 0 60 255 224 151 255 227 216 255 212 255 197 174 255 255 206 177 179 249 184 215 255 255 255 255 230 0 0 123 167 255 255 255 255 161 178 255 255 166 255 255 255 212 255 236 173 134 223 255 255 158 160 20 0 21 219 255 231 255 255 255 255 201 255 255 219 255 255 255 255 253 238 255 231 255 255 255 255 177 4 0 78 158 250 255 255 192 144 216 255 255 184 242 255 255 209 255 255 255 255 255 161 255 245 164 100 0
24 106 241 255 255 255 255 255 255 255 184 149 230 255 227 221 255 255 255 255 205 223 255 255 242 179 24 100 242 255 255 255 255 208 255 208 255 255 255 255 255 255 255 255 205 255 255 255 255 255 255 255 133 0 60 255 224 144 255 219 208 255 216 255 204 178 255 255 206 201 199 249 177 252 255 215 235 255 171 0 0 126 174 255 255 255 255 183 205 255 249 160 255 255 255 212 234 155 146 151 223 255 255 246 253 43 0 18 216 255 229 255 255 255 255 198 255 255 238 255 255 255 255 238 219 255 255 255 255 255 255 255 29 0 71 164 231 255 255 189 139 234 255 255 191 227 255 255 205 255 255 255 255 207 146 255 226 164 127 0
22 101 236 255 255 255 255 255 255 255 181 168 255 255 227 224 255 255 255 255 198 223 255 255 222 146 11 103 254 255 255 255 255 208 255 208 255 255 255 255 255 255 255 255 212 255 255 255 255 255 255 255 136 0 56 255 236 151 255 219 212 255 238 255 208 184 255 255 210 219 206 242 201 255 255 219 223 255 161 0 0 147 177 255 255 255 255 255 255 255 230 163 255 255 255 226 241 164 186 224 255 255 255 255 255 86 0 33 230 255 248 255 255 255 255 195 255 255 255 255 255 255 255 234 216 255 255 255 255 255 253 255 55 0 64 152 227 255 255 206 144 242 255 255 205 223 255 255 195 255 255 255 255 233 230 255 201 171 131 0
44 118 249 255 255 255 255 255 255 255 181 184 255 255 227 232 255 255 255 255 191 219 255 255 196 57 0 110 255 255 255 255 255 208 255 208 255 255 255 255 255 255 255 253 216 255 255 255 255 255 255 255 139 0 54 255 232 154 255 223 227 255 255 255 201 194 255 255 203 212 196 238 201 252 255 255 170 232 255 11 0 173 174 255 255 255 255 255 255 255 212 166 255 255 255 255 255 227 255 255 255 255 255 255 241 88 0 39 222 255 255 255 255 249 255 198 255 255 255 255 255 255 255 234 223 255 255 255 255 255 255 255 47 0 76 158 231 255 255 217 144 234 255 255 212 238 255 255 191 255 255 250 168 229 255 255 187 169 129 0
71 134 249 255 255 255 249 255 255 255 168 191 255 255 230 232 255 255 255 255 201 231 255 255 230 27 0 118 255 255 255 255 255 216 255 208 255 255 255 255 255 255 255 253 212 255 255 255 255 255 255 255 142 0 52 255 224 154 255 219 238 255 255 255 197 205 255 255 206 215 189 242 190 170 212 255 179 239 255 11 0 194 172 255 255 255 242 255 255 255 201 166 255 255 255 255 255 255 255 255 255 255 255 255 250 73 0 43 207 255 255 255 255 212 255 201 255 255 255 255 255 255 255 230 223 255 255 255 255 255 255 193 11 0 68 157 231 255 255 224 139 223 255 255 205 255 255 255 195 255 255 250 128 173 255 255 194 159 139 14
74 127 241 255 255 255 187 156 235 255 155 184 255 255 230 224 255 255 255 255 212 242 255 255 255 39 0 107 249 255 255 255 255 219 255 205 255 255 255 255 255 255 255 253 208 255 255 255 255 255 255 255 145 0 50 255 228 163 255 216 234 255 255 219 201 205 255 255 217 230 192 249 180 180 238 255 248 189 184 3 0 184 162 255 255 255 227 255 255 255 201 166 255 255 255 255 255 255 255 255 255 255 255 255 255 80 8 112 255 255 234 255 255 192 255 205 255 255 255 255 255 255 255 223 216 255 255 255 255 255 255 160 3 0 62 160 227 255 255 228 139 219 255 255 191 255 255 255 205 255 255 255 255 194 230 255 214 156 145 11
66 128 255 255 255 255 211 140 214 255 158 168 255 255 227 230 255 255 255 255 250 254 255 255 255 24 0 108 255 255 255 255 255 219 255 198 255 255 255 255 255 255 255 255 208 255 255 255 255 255 255 255 136 0 71 255 221 154 251 219 238 255 255 255 177 246 255 255 210 226 194 255 198 255 255 255 207 149 175 1 0 197 168 255 255 255 201 255 255 255 205 168 254 255 255 255 255 255 255 255 255 255 255 255 255 97 18 134 251 255 231 255 255 205 255 198 255 255 255 255 255 255 255 198 216 255 255 255 255 255 255 165 9 0 82 154 232 255 255 246 143 201 255 255 169 255 255 255 198 255 255 255 255 255 255 255 255 188 133 16
59 125 255 255 255 255 226 149 211 255 158 164 255 255 227 230 255 254 255 255 255 255 255 255 255 31 0 105 255 255 255 255 255 254 255 201 255 255 255 255 255 255 255 255 212 255 255 255 255 255 255 255 141 0 71 255 217 154 251 219 234 255 255 255 198 250 255 255 217 198 194 255 202 255 255 219 134 161 247 11 0 204 168 255 255 255 223 248 255 255 226 146 255 255 255 246 255 255 255 255 255 255 255 255 255 104 21 137 255 255 223 255 255 199 255 198 255 255 255 255 255 255 255 208 216 255 255 255 255 255 255 185 0 0 162 176 224 255 255 253 143 191 255 255 182 255 255 255 191 255 255 255 255 255 255 255 255 242 122 16
73 131 255 255 255 255 238 152 211 255 162 164 255 255 230 230 255 255 255 255 255 255 255 255 255 27 0 83 244 255 255 255 255 255 255 201 255 255 255 238 255 255 255 255 212 255 255 255 255 255 255 255 136 0 74 255 221 154 251 223 227 255 255 255 198 242 255 255 236 181 212 255 192 255 255 238 185 255 255 7 0 211 171 255 255 255 255 255 255 255 212 158 255 255 255 251 255 255 255 255 255 255 255 255 255 102 5 111 249 255 202 255 255 192 255 201 255 255 255 255 255 212 230 201 219 255 255 255 255 255 255 202 0 0 224 170 221 255 255 255 155 187 255 255 179 255 255 255 191 255 255 255 255 255 255 255 255 242 138 12
71 119 255 255 255 255 249 137 214 255 162 164 255 255 230 226 255 255 255 255 255 255 255 255 255 29 0 67 248 255 255 255 255 255 255 201 255 255 255 227 255 255 255 253 208 255 255 255 255 255 255 255 136 0 88 255 228 157 251 227 219 255 255 255 187 234 255 255 255 184 246 255 192 255 255 254 247 255 255 23 0 211 171 255 255 255 255 255 255 255 194 168 242 188 238 186 255 255 255 255 255 255 255 255 255 96 0 92 255 255 191 224 255 192 255 201 255 255 255 255 255 227 238 194 219 255 255 255 255 255 255 216 10 0 231 173 227 255 255 255 174 184 255 255 182 255 255 255 195 255 255 246 149 194 255 255 212 167 140 6
79 130 255 255 255 255 255 148 214 255 162 168 255 255 234 226 255 255 255 255 255 255 255 255 255 29 0 65 255 255 255 255 255 255 255 201 255 255 253 234 255 255 255 246 201 255 255 255 255 255 255 255 141 0 93 255 228 154 251 234 216 255 255 255 191 246 255 255 251 194 255 255 191 255 255 255 220 255 255 57 0 207 165 255 255 255 255 252 255 255 201 164 198 250 255 189 255 255 255 255 255 255 255 255 255 96 0 64 255 255 190 224 255 194 255 201 255 255 255 255 255 255 255 205 212 255 255 255 255 255 255 212 9 0 199 173 227 255 255 255 189 168 255 255 179 255 255 255 198 255 255 228 136 184 255 255 161 159 101 0
47 116 255 255 255 255 255 170 211 255 158 171 255 255 234 226 255 255 255 255 255 255 255 255 255 29 0 67 255 255 243 255 255 255 255 205 255 255 238 246 255 255 255 249 205 255 255 255 255 255 255 255 138 0 69 255 221 148 248 242 212 255 255 255 191 254 255 255 228 212 255 255 192 255 255 255 192 252 255 67 0 204 174 255 255 255 255 255 255 255 204 155 188 255 246 186 255 255 255 255 223 238 255 255 255 96 0 57 242 255 183 229 255 205 255 198 255 255 234 255 255 255 255 198 216 255 255 255 255 255 255 255 18 0 184 179 223 255 255 255 206 163 255 255 161 255 255 255 205 255 228 171 145 197 255 255 171 226 66 0
0 74 255 255 255 255 255 176 197 240 149 174 255 255 230 230 255 255 255 255 255 255 255 255 255 35 0 56 255 255 251 255 255 255 255 201 255 255 219 246 255 255 255 255 216 255 255 255 255 255 255 255 136 0 52 255 225 151 251 249 205 255 255 255 191 250 255 255 214 219 255 255 204 255 255 249 155 238 255 57 0 207 188 255 255 255 255 255 255 255 197 164 251 255 246 198 255 255 255 255 205 231 255 255 236 97 0 92 255 255 173 218 255 216 255 194 255 253 205 242 255 255 255 188 223 255 255 254 255 255 255 255 20 0 140 163 223 255 255 255 247 206 255 255 165 255 255 255 205 255 155 137 145 208 255 255 250 255 155 3
5 93 255 255 255 255 255 218 190 225 140 171 255 255 230 234 255 255 255 255 255 255 255 255 255 31 0 34 245 255 251 255 255 255 255 195 255 255 208 242 255 255 255 255 227 255 255 255 255 255 255 248 141 0 62 255 236 157 255 253 201 255 255 250 198 254 255 255 206 219 255 239 194 255 255 206 134 212 255 55 0 211 181 255 255 255 241 180 216 255 177 152 255 255 255 181 255 255 255 255 209 250 255 255 239 105 0 92 255 255 174 229 255 223 255 191 255 246 184 230 255 255 255 201 223 255 246 220 255 255 255 255 19 0 109 170 231 255 255 255 255 255 255 243 155 255 255 255 205 255 158 191 211 255 255 255 255 255 255 24
26 107 255 255 255 255 255 244 181 222 146 168 255 255 231 226 255 255 255 255 255 255 255 255 255 31 0 0 255 255 253 255 255 255 255 195 255 255 216 234 255 255 255 255 255 255 246 249 255 255 255 243 133 0 82 255 230 157 251 246 201 255 255 223 212 255 255 255 203 208 255 255 194 255 255 194 149 161 181 43 0 227 175 255 255 255 245 158 152 255 171 152 250 255 254 181 255 255 255 255 255 255 255 255 255 140 0 102 255 255 178 219 255 238 255 198 255 238 168 219 255 255 255 201 217 255 236 188 255 255 255 255 25 0 129 165 231 255 255 255 255 255 255 246 160 255 255 255 246 255 239 255 255 255 255 255 255 255 180 19
35 124 255 255 255 255 255 255 188 222 146 171 255 255 227 230 255 255 255 255 255 255 255 255 255 44 0 20 254 255 242 255 255 255 255 198 255 255 223 242 255 255 255 255 255 255 238 230 255 255 255 234 127 0 90 255 226 154 243 234 201 255 255 254 205 255 255 255 206 222 255 255 191 255 255 204 149 171 201 41 0 234 179 255 255 255 255 174 158 255 184 158 250 255 255 187 255 255 255 255 255 255 255 255 255 159 0 62 255 255 155 230 255 255 255 201 255 227 191 238 255 255 255 208 217 255 219 168 255 255 255 216 10 0 186 170 227 255 255 250 255 255 255 254 155 255 255 255 255 255 255 255 255 255 255 255 255 255 142 9
19 115 255 255 255 255 255 251 191 230 149 171 255 255 223 234 255 223 246 255 232 255 255 255 255 73 0 43 250 255 230 255 255 255 255 201 255 255 212 238 255 255 255 255 255 255 234 216 255 255 255 234 128 0 97 255 222 157 239 227 212 255 255 255 212 255 255 255 206 222 255 255 189 255 255 226 164 219 255 90 0 234 199 255 255 255 255 219 171 255 174 161 254 255 250 191 255 255 255 255 255 255 255 255 255 165 0 43 255 255 155 234 255 255 255 198 255 212 198 234 255 255 255 203 221 255 246 212 255 255 255 187 4 0 166 173 223 255 255 227 255 255 255 254 164 243 255 255 255 255 255 255 255 255 255 255 255 255 148 9
0 102 255 255 255 255 255 248 184 237 155 164 255 255 227 230 239 151 174 201 214 255 255 255 255 90 0 43 255 255 232 250 255 246 255 227 255 255 201 234 255 255 255 255 255 255 234 219 255 255 255 246 134 0 100 255 219 160 247 227 227 255 255 255 215 255 255 255 199 219 255 254 199 255 255 249 174 226 255 97 14 247 202 255 255 255 255 255 195 230 158 164 255 255 238 194 255 255 255 255 255 255 255 255 255 144 0 43 255 255 155 198 255 246 255 191 255 219 201 238 255 231 216 192 232 255 255 255 255 223 255 173 3 0 121 170 238 255 255 227 246 255 255 254 168 224 255 255 255 255 255 255 255 245 255 255 255 255 164 9
0 104 255 255 255 255 255 251 181 249 158 158 255 255 231 226 222 146 152 155 205 255 255 255 255 92 0 37 255 255 236 254 255 242 255 255 255 255 191 230 255 255 255 255 255 255 238 227 255 255 255 254 136 0 92 255 222 160 251 227 234 255 255 255 208 255 255 255 203 226 255 255 203 255 255 255 172 194 255 62 74 255 202 255 255 255 255 255 201 237 171 164 250 255 250 201 255 216 246 238 212 255 255 255 255 88 0 34 255 255 176 205 254 205 255 194 255 230 191 238 255 223 208 196 232 255 255 255 248 209 255 154 0 0 118 157 255 255 255 227 219 255 255 250 161 210 255 255 227 255 255 255 255 252 255 255 255 255 167 8
0 107 255 255 255 255 255 248 188 255 161 155 255 255 231 226 222 168 161 146 206 255 255 255 255 112 0 61 255 255 236 255 255 231 255 255 255 255 184 227 255 255 255 255 255 255 234 223 255 255 255 237 116 0 82 255 222 157 247 219 230 255 255 255 212 255 255 255 206 241 255 255 196 255 255 245 166 177 255 56 89 255 227 255 255 255 255 255 195 255 194 152 223 255 255 194 255 151 149 161 178 255 255 255 255 93 0 31 255 255 160 198 255 198 255 219 255 234 184 246 255 242 228 192 217 255 255 255 253 218 255 151 0 0 136 160 255 255 255 255 234 255 255 242 161 215 255 255 212 255 255 255 255 255 255 255 255 255 161 12
0 126 255 255 255 255 255 248 205 255 161 161 255 255 223 230 245 161 161 179 253 255 255 255 255 132 0 107 255 255 236 251 255 216 255 255 255 255 184 227 255 255 255 255 255 255 234 219 255 255 255 197 84 0 75 255 226 151 247 223 230 255 255 255 215 255 255 255 210 245 255 255 194 255 255 201 144 161 255 59 94 255 255 255 255 255 255 255 216 255 191 146 223 255 254 191 255 173 139 201 254 255 255 255 255 82 0 31 255 255 163 205 254 195 255 255 255 238 201 255 255 249 228 186 216 255 255 255 255 196 222 164 3 0 133 180 255 255 255 255 255 255 255 242 168 222 228 255 201 255 255 255 255 255 255 255 255 255 157 11
21 169 255 255 255 255 255 255 223 255 158 171 255 255 219 237 255 151 154 239 255 255 255 255 255 126 0 133 255 255 236 251 255 212 255 255 255 255 194 238 255 255 255 255 255 255 234 219 255 255 255 167 59 0 71 255 226 147 255 230 238 255 255 255 212 255 255 255 206 245 255 255 194 255 255 191 144 167 255 56 151 255 255 255 255 255 255 255 255 255 177 155 246 255 250 194 255 224 147 246 255 255 255 255 255 53 0 28 240 255 163 191 250 205 255 255 255 227 208 255 255 239 214 192 230 255 255 235 255 186 218 167 3 0 104 154 255 255 255 255 255 255 255 255 164 215 169 255 191 255 255 255 255 255 255 255 255 255 177 9
24 203 255 255 255 255 255 255 227 255 161 164 255 255 234 226 255 189 149 234 255 255 255 255 255 142 0 111 255 255 255 247 255 239 255 255 255 255 184 242 255 255 255 255 255 255 230 219 255 255 235 132 11 0 68 255 225 154 248 227 238 255 255 255 215 255 255 255 199 255 255 255 192 255 255 237 155 171 255 59 156 255 255 255 255 255 255 255 255 255 174 161 216 255 255 184 255 255 250 223 255 255 255 255 255 65 0 8 234 255 171 195 255 184 255 255 255 223 219 255 255 242 217 192 221 255 212 165 255 205 220 177 5 0 57 156 255 255 255 255 250 255 255 255 177 176 221 255 194 255 255 255 255 255 255 255 255 255 142 12
21 199 255 255 255 255 255 255 255 255 161 161 255 255 234 230 255 206 146 246 255 255 255 255 255 142 0 118 255 255 224 255 255 235 255 255 255 255 184 242 255 255 255 255 255 255 238 219 255 255 226 127 15 0 66 255 225 154 248 223 234 255 255 255 215 255 255 255 196 253 255 255 198 255 255 255 171 171 255 57 169 255 255 255 255 255 255 255 255 255 181 158 219 255 253 191 255 255 255 255 255 255 255 255 255 82 0 18 230 255 164 202 253 205 255 255 255 219 208 255 255 253 224 196 243 255 194 184 255 255 255 194 2 0 121 164 255 255 255 255 255 255 255 250 152 179 243 255 188 255 255 255 255 249 233 255 255 255 142 21
35 221 255 255 255 255 255 255 255 255 158 164 255 255 230 234 255 242 161 246 255 255 255 255 255 67 0 111 255 255 209 255 255 227 255 255 255 255 188 249 255 255 255 255 255 255 242 221 255 255 248 169 57 0 64 255 228 154 248 219 234 255 255 255 208 255 255 255 199 245 255 255 198 255 255 255 177 152 255 48 161 242 233 255 255 255 255 255 205 255 184 155 227 255 242 194 255 255 255 255 227 198 227 255 248 59 0 25 249 255 168 205 255 253 255 255 255 227 212 255 255 238 224 192 255 255 249 255 255 255 255 209 0 0 194 182 250 255 255 255 255 255 255 227 155 214 255 255 184 255 255 255 255 233 201 255 255 255 149 33
28 210 255 255 255 255 255 255 255 239 158 171 255 255 227 230 255 255 246 255 255 255 255 255 255 46 0 47 255 255 212 252 255 227 255 255 255 255 191 255 255 255 255 255 255 255 234 217 255 255 255 182 82 0 77 255 225 154 248 219 230 255 255 255 219 255 255 255 210 234 255 255 194 255 255 255 187 146 255 59 167 255 255 255 255 255 255 255 158 243 184 155 231 255 246 191 255 254 208 178 152 165 242 255 255 68 0 21 241 255 168 202 255 255 255 255 255 231 223 255 255 234 232 196 243 243 255 255 255 255 255 192 0 0 219 170 250 255 255 250 212 234 255 223 158 224 255 255 188 255 255 255 255 248 208 255 255 255 177 44
31 203 255 255 255 255 255 255 255 239 158 174 255 255 223 226 255 255 255 255 255 255 255 255 255 128 0 3 255 255 205 255 255 223 255 255 255 255 191 255 255 255 255 255 255 255 230 224 255 255 255 169 81 0 84 255 221 154 251 219 227 255 255 255 241 255 255 255 214 212 255 255 216 255 255 255 196 143 220 48 161 255 255 255 255 255 255 255 188 251 197 161 223 255 255 194 255 208 134 144 169 223 255 255 255 50 0 13 234 255 168 198 255 255 255 255 255 223 216 255 255 242 228 192 251 228 255 255 255 255 255 175 2 35 215 184 255 255 255 242 165 165 255 227 158 214 255 255 184 255 255 255 255 255 245 255 255 255 223 50
47 211 255 255 255 255 255 255 255 248 158 166 252 255 220 221 255 255 255 231 255 255 255 255 255 191 0 21 255 255 195 255 255 216 255 255 255 255 191 255 255 223 238 255 255 255 232 224 255 255 255 176 83 0 82 255 217 157 255 219 223 255 255 255 245 255 255 255 214 187 255 255 255 255 255 255 221 164 205 41 155 255 255 255 255 255 255 255 255 255 222 168 223 255 255 205 255 209 142 160 186 244 255 255 255 59 0 26 245 255 164 188 255 254 255 255 255 219 212 255 255 255 203 176 255 228 255 255 255 255 255 173 0 0 84 151 255 255 255 255 202 149 250 223 155 206 255 255 191 254 255 255 255 255 255 255 255 255 240 41
26 170 255 255 255 255 255 255 255 248 158 166 252 255 223 221 255 255 255 255 255 255 255 255 255 161 0 38 255 255 203 245 255 209 249 255 255 255 189 255 255 205 223 255 255 255 232 208 255 255 255 176 71 0 84 255 214 157 255 219 212 255 255 242 245 255 255 255 217 171 255 255 255 255 255 255 255 194 255 57 152 242 255 255 255 255 255 249 255 255 219 168 238 255 238 208 255 229 157 151 154 214 255 255 255 57 0 13 212 255 164 191 254 209 255 255 255 212 212 255 255 255 192 182 255 221 246 255 255 255 255 191 0 0 59 172 255 255 255 255 216 143 236 218 149 196 255 255 194 255 255 255 255 255 255 255 255 255 214 10
16 142 255 255 255 255 255 249 222 236 155 170 255 255 227 221 255 255 255 255 255 219 242 255 255 148 0 8 255 247 215 244 255 205 242 255 255 255 189 243 255 201 223 255 255 255 224 191 255 255 247 179 68 0 80 255 210 157 255 216 208 255 255 231 253 255 255 255 224 158 255 255 255 255 255 255 247 174 255 46 114 155 219 255 255 255 255 253 205 255 204 164 255 255 219 208 255 240 163 160 157 217 255 255 252 52 0 10 208 255 168 188 244 180 255 255 255 204 214 255 255 255 182 203 255 221 249 255 255 255 255 154 6 0 97 166 255 255 255 255 235 159 229 196 155 203 255 255 188 254 255 255 255 255 255 255 255 255 173 0
21 97 255 255 253 255 255 223 196 240 166 157 251 255 207 218 255 255 255 255 200 160 205 255 255 152 0 0 255 255 197 241 255 202 246 255 255 255 188 255 255 205 212 255 255 255 220 185 255 255 229 193 92 0 70 255 206 151 255 217 214 255 247 210 252 255 255 255 195 170 255 244 251 255 255 255 224 158 216 55 110 152 219 255 255 255 255 250 232 255 186 160 255 255 229 196 255 193 166 154 171 246 255 255 214 85 0 7 206 255 158 193 238 188 255 255 255 202 212 255 255 250 175 246 255 212 238 255 254 255 255 151 0 0 112 176 255 255 255 254 255 193 210 176 149 205 255 255 178 255 255 255 255 237 255 255 255 255 140 0
16 118 255 255 255 255 255 231 183 232 166 157 244 255 200 210 255 255 236 207 166 148 195 255 255 131 0 14 255 237 197 222 255 191 235 255 255 246 175 255 254 202 209 255 255 255 216 181 253 255 248 203 100 0 58 253 210 160 255 199 203 255 228 157 216 255 255 255 188 179 255 221 236 255 255 255 221 171 216 37 118 158 223 255 255 255 255 255 255 255 173 193 255 251 221 240 232 151 176 225 231 255 255 255 236 78 0 13 199 245 161 200 235 188 255 255 255 198 209 255 255 246 178 246 255 212 238 255 255 245 255 161 2 0 69 176 255 255 255 255 255 193 214 193 152 191 255 249 174 242 203 198 229 187 227 255 247 255 205 20
19 163 255 251 255 252 253 216 170 221 170 157 236 255 193 200 255 227 176 151 151 166 212 255 252 152 0 2 255 241 194 226 255 188 235 255 255 246 165 255 250 198 205 255 255 255 209 178 255 249 222 160 70 0 53 255 210 166 251 196 210 255 229 151 216 255 255 255 186 183 255 196 219 255 255 255 255 236 255 46 124 180 230 255 248 252 255 255 255 236 166 229 255 255 210 225 225 142 186 255 250 246 254 250 207 49 0 23 202 233 165 207 231 188 254 255 242 191 205 255 255 242 185 246 254 205 231 255 255 248 255 164 0 0 114 196 255 250 255 255 255 189 218 200 155 183 244 250 185 238 179 148 158 167 220 255 251 255 205 14
14 177 255 244 242 244 254 210 160 214 173 157 229 255 186 200 238 186 145 142 160 207 248 246 252 191 0 6 255 249 194 222 255 185 231 250 250 246 165 255 242 198 205 250 250 254 209 178 250 245 211 166 79 0 60 252 214 166 240 200 214 255 232 179 242 254 246 255 189 176 244 186 207 253 246 242 255 247 255 37 132 221 249 249 232 255 255 240 248 244 207 225 232 240 214 210 240 157 189 244 216 235 250 220 151 27 0 31 220 237 162 204 229 186 251 251 232 186 203 255 250 238 181 238 242 198 223 250 239 255 255 151 0 0 207 225 248 246 246 246 254 196 218 186 155 183 244 250 195 246 189 139 155 211 234 246 251 255 194 5
11 167 255 247 230 237 249 193 166 210 173 160 225 251 186 203 238 173 154 157 160 214 255 231 247 161 0 32 255 230 194 206 252 183 222 233 241 237 161 245 240 197 204 248 244 248 207 176 236 247 204 203 105 0 73 233 214 176 232 189 203 240 214 163 222 241 237 248 190 176 244 193 186 241 249 242 243 234 255 47 134 240 249 230 200 206 233 235 244 255 252 180 164 170 207 222 237 170 193 237 218 237 241 187 136 27 0 33 231 237 156 204 225 183 244 240 222 180 197 255 244 229 183 229 225 197 218 244 242 237 255 133 0 0 176 240 241 245 241 237 248 214 229 176 152 186 248 235 185 242 207 151 187 245 240 234 239 253 194 6
20 161 248 251 228 233 238 182 186 217 176 160 221 248 183 210 240 176 170 162 149 196 248 236 232 177 0 32 253 226 184 196 241 200 222 233 237 229 170 241 237 197 204 240 237 244 204 176 228 238 186 207 105 0 102 248 207 193 232 173 196 244 214 139 183 240 244 240 183 173 236 190 170 231 249 230 210 184 214 36 131 236 238 228 183 155 192 248 240 229 244 176 176 176 207 218 240 186 204 244 241 237 226 183 145 28 0 26 217 224 156 211 218 180 237 229 218 180 197 244 240 222 180 222 218 193 214 237 238 229 215 114 0 0 121 247 230 245 233 233 245 233 244 176 149 179 240 223 175 235 232 186 201 217 237 255 233 237 203 16
42 170 233 236 224 237 231 209 217 225 173 157 214 236 176 214 229 179 163 155 158 203 232 236 241 223 0 26 249 230 174 193 233 222 226 233 233 222 180 233 229 193 200 233 229 237 200 173 221 226 197 203 97 0 123 247 200 197 229 173 197 244 225 154 176 240 233 237 197 176 225 186 165 220 242 227 221 207 237 48 125 236 235 239 193 145 177 236 237 218 233 218 229 237 211 214 244 222 218 233 233 229 218 204 164 23 0 26 203 214 162 211 214 176 233 222 214 180 193 237 237 218 180 222 214 197 214 229 216 204 155 100 0 0 133 232 226 237 226 229 233 229 240 180 151 170 229 218 170 222 248 222 212 210 222 238 222 241 217 37
79 205 233 217 213 226 212 226 236 232 173 154 210 232 173 214 221 179 154 149 184 221 217 225 219 161 0 37 237 212 178 193 226 229 218 226 226 211 177 218 225 190 197 229 222 229 197 170 235 219 197 173 66 0 112 228 200 190 222 176 193 222 222 180 197 229 207 233 222 186 222 200 170 217 223 210 228 225 237 34 98 218 216 224 197 145 161 186 225 225 229 225 200 225 190 222 222 240 229 218 222 226 229 226 186 21 0 41 210 210 164 200 214 173 229 222 214 183 193 233 233 214 183 222 218 200 214 225 201 154 164 95 0 0 160 207 226 229 215 226 222 211 225 176 164 167 225 218 164 200 233 225 212 228 220 202 215 237 175 21
72 186 228 214 222 215 214 214 215 223 177 161 201 223 177 201 224 177 154 154 183 207 218 213 221 46 0 27 244 210 174 189 221 228 210 222 226 213 179 228 232 192 182 237 210 221 191 172 213 223 206 163 48 0 115 228 190 201 222 174 190 229 215 180 201 208 208 230 204 191 215 201 164 219 224 186 169 219 225 43 65 203 219 225 197 146 152 161 193 225 214 218 204 218 197 211 229 222 214 217 228 222 211 228 181 27 0 24 187 212 171 198 204 177 218 226 211 183 187 233 210 221 189 206 222 183 193 225 200 160 212 123 0 0 118 171 215 229 222 215 211 176 196 194 155 179 217 214 157 222 226 218 211 189 163 164 204 233 165 14
88 178 216 215 214 213 214 185 212 215 171 158 197 219 171 191 212 183 161 158 161 187 207 220 222 98 0 10 218 205 181 190 205 216 194 201 208 201 171 205 218 187 175 223 205 217 187 168 209 218 188 142 45 0 120 212 193 196 214 173 186 221 210 183 158 205 219 205 174 184 216 184 176 208 205 186 162 204 220 41 55 188 218 203 195 167 149 164 198 209 212 220 202 202 202 220 209 216 212 205 212 212 207 218 163 24 0 15 176 204 168 207 203 173 210 217 206 176 179 217 214 225 189 203 217 186 194 219 194 176 236 127 0 0 57 202 221 218 211 218 214 166 180 180 155 177 210 206 157 210 196 173 155 160 162 182 210 194 110 0
85 149 195 212 206 203 211 189 205 216 174 168 201 216 178 194 197 186 157 158 146 179 200 215 215 139 0 2 221 204 167 176 207 212 191 188 205 205 175 197 209 189 174 207 200 218 190 174 200 213 184 120 24 0 119 204 186 190 204 167 183 207 204 186 142 193 211 190 167 190 225 190 192 207 205 196 161 189 215 37 55 165 214 202 201 195 160 171 204 190 207 211 197 177 200 211 201 215 200 183 187 200 201 191 153 24 0 15 176 198 164 202 195 171 205 209 202 171 178 209 205 209 181 191 201 174 181 201 207 183 203 151 16 0 41 194 204 201 197 208 208 173 191 184 160 176 207 207 170 218 195 162 157 160 168 198 229 200 100 0
108 157 195 211 203 192 199 196 177 191 164 168 187 198 168 184 196 186 152 166 153 197 203 206 194 141 0 5 221 202 174 181 199 186 164 167 201 208 186 206 208 193 176 193 193 199 171 160 195 199 191 125 14 0 127 205 186 189 199 172 189 203 203 192 191 208 205 198 187 191 205 184 192 208 202 192 156 194 225 35 52 147 200 210 195 199 194 188 203 193 203 196 199 163 189 199 193 200 173 157 166 192 199 176 131 20 0 43 192 193 170 200 189 169 200 203 196 169 182 210 199 196 179 196 203 176 182 206 196 182 189 210 28 0 59 191 199 203 203 195 195 179 196 182 160 169 189 189 163 206 193 160 160 153 166 190 207 212 136 0
71 145 194 194 200 200 191 187 179 189 163 173 193 196 173 183 190 183 148 160 157 193 197 186 197 139 0 28 203 184 179 183 211 180 157 157 190 193 177 194 196 189 180 200 201 204 181 170 199 181 196 141 13 4 141 210 183 190 197 176 193 200 200 197 193 190 186 197 200 200 200 190 187 201 193 179 163 206 200 18 20 157 199 206 196 189 206 195 195 202 202 188 205 168 188 198 208 207 173 158 161 181 194 173 147 25 0 66 202 191 176 196 177 167 194 194 183 161 177 204 194 177 174 197 197 174 177 201 199 179 180 191 11 0 53 174 194 193 204 200 194 180 197 186 168 181 198 188 165 195 188 159 158 158 184 197 183 191 133 0
8 111 207 203 203 214 211 202 199 203 176 189 203 206 189 196 205 200 177 180 184 194 218 202 205 95 0 69 229 192 180 183 205 181 168 161 190 187 178 191 203 187 189 207 204 200 194 184 207 192 211 145 11 4 142 227 196 210 214 189 207 207 207 203 205 212 216 212 208 208 208 194 177 191 194 187 186 201 143 0 0 171 205 197 213 188 183 182 187 201 198 198 198 171 198 208 191 184 164 165 162 165 191 185 165 21 0 35 174 194 189 185 177 171 194 197 191 168 181 197 208 187 179 196 200 190 190 193 200 169 178 125 0 0 35 167 200 191 205 207 200 183 196 194 166 186 208 201 184 204 204 174 173 170 189 202 201 193 113 0
0 37 92 90 77 82 81 78 92 108 95 100 92 90 100 124 87 84 87 87 105 87 109 90 94 28 0 56 158 159 136 125 119 130 145 136 160 163 167 176 151 116 108 102 87 81 92 93 127 135 137 89 1 0 85 145 86 101 96 77 86 84 84 84 78 83 85 81 81 88 93 98 87 89 104 102 100 87 48 0 0 90 92 89 104 92 85 102 106 106 111 134 96 86 120 131 118 105 98 133 147 144 169 166 102 15 0 16 141 163 160 167 161 155 177 191 198 177 184 181 165 143 127 125 134 145 139 114 94 90 121 68 0 0 25 142 139 131 128 100 95 100 108 87 73 90 108 107 105 119 128 106 90 92 84 102 143 148 82 0
0 0 0 0 0 0 0 0 0 0 0 0 0 0 0 22 0 0 0 0 11 0 3 0 0 0 0 0 19 58 53 26 10 29 53 37 47 51 55 55 49 16 4 0 0 0 2 8 26 33 28 15 0 0 14 25 0 0 0 0 0 0 0 0 0 0 0 0 0 0 0 0 0 0 0 0 0 0 0 0 0 0 0 0 0 0 0 12 10 2 8 33 0 0 14 22 28 10 6 39 61 55 59 51 7 0 0 3 64 41 37 62 55 51 66 82 97 87 87 75 57 43 28 16 24 45 35 7 0 0 9 8 0 0 11 50 26 27 19 0 0 5 12 0 0 0 2 2 5 14 21 9 0 9 0 1 35 44 30 0

