[ { 'back': [32, 23, 41, 47, 26, 1, 20, 28],
    'front': [19, 51, 37, 53, 59, 60, 38, 42],
    'sides': [34, 10, 46, 17]},
  { 'back': [25, 49, 45, 59, 27, 11, 63, 31],
    'front': [62, 30, 10, 13, 2, 56, 35, 47],
    'sides': [9, 51, 18, 15]},
  { 'back': [55, 5, 62, 58, 34, 61, 56, 17],
    'front': [33, 11, 36, 45, 28, 8, 3, 27],
    'sides': [63, 23, 35, 1]},
  { 'back': [39, 37, 2, 22, 10, 3, 24, 18],
    'front': [0, 4, 21, 6, 14, 46, 1, 25],
    'sides': [26, 42, 19, 20]},
  { 'back': [42, 29, 8, 4, 15, 50, 60, 33],
    'front': [9, 39, 63, 58, 41, 49, 48, 32],
    'sides': [47, 36, 0, 30]},
  { 'back': [6, 14, 53, 21, 36, 19, 57, 0],
    'front': [40, 43, 17, 7, 50, 44, 18, 20],
    'sides': [62, 54, 48, 52]},
  { 'back': [], 'front': [], 'sides': [25, 46, 61, 60, 18, 53, 52, 3]},
  { 'back': [], 'front': [], 'sides': [31, 38, 40, 21, 57, 13, 24, 2]}]
