[ { 'back': [43, 56, 11, 3, 60, 28, 18, 22, 31, 16],
    'front': [17, 1, 41, 59, 38, 5, 51, 61, 12, 0],
    'sides': [13, 57]},
  { 'back': [1, 35, 27, 58, 40, 53, 47, 37, 13],
    'front': [14, 48, 44, 62, 34, 24, 63, 55, 7],
    'sides': [30, 61, 36, 38, 16, 23]},
  { 'back': [15, 20, 10, 4, 63, 24, 2, 61, 6, 29],
    'front': [21, 19, 54, 11, 26, 45, 25, 16, 40, 46],
    'sides': [37, 62]},
  { 'back': [50, 54, 62, 5, 52, 48, 39, 59, 41],
    'front': [30, 32, 33, 37, 43, 10, 56, 4, 9],
    'sides': [44, 34, 7, 31, 22, 12]},
  { 'back': [34, 26, 38, 42, 17, 51, 23, 32, 44, 14],
    'front': [60, 49, 3, 31, 27, 35, 13, 53, 36, 6],
    'sides': [40, 54]},
  { 'back': [19, 9, 33, 8, 55, 12, 0, 45, 21],
    'front': [42, 28, 58, 29, 2, 57, 50, 22, 39],
    'sides': [1, 24, 51, 10, 15, 28]},
  { 'back': [], 'front': [], 'sides': [6, 33, 2, 14, 43, 5, 11, 25, 63, 50]},
  { 'back': [],
    'front': [],
    'sides': [41, 52, 46, 45, 17, 48, 47, 27, 29, 58, 0]}]
